
Saida Arquivo/Entrada/Class4/D4d1.txt

Minimizar a Perda Total
max retalho: 5
(0)(1100)	13.00	(323)3	(71)1	(60)1	0.00	0	
(1)(1100)	11.00	(259)1	(257)3	(69)1	1.00	0	
(2)(1100)	9.00	(324)3	(125)1	3.00	0	
(3)(1100)	7.00	(290)3	(113)1	(69)1	(48)1	0.00	0	
(4)(1100)	6.00	(280)3	(259)1	1.00	0	
(5)(1100)	5.00	(290)1	(280)2	(125)2	0.00	0	
(6)(1100)	5.00	(301)3	(125)1	(71)1	1.00	0	
(7)(1100)	5.00	(292)3	(104)1	(71)1	(48)1	1.00	0	
(8)(1100)	5.00	(313)3	(92)1	(69)1	0.00	0	
(9)(1100)	2.00	(323)2	(324)1	(81)1	(48)1	1.00	0	
(10)(1100)	3.00	(113)1	(102)9	(69)1	0.00	0	
(11)(1100)	2.00	(269)3	(125)1	(60)2	(48)1	0.00	0	
(12)(1100)	1.00	(323)1	(324)2	(69)1	(60)1	0.00	0	
(13)(1100)	1.00	(259)2	(104)4	(69)1	(48)2	1.00	0	
(14)(1100)	1.00	(81)1	(71)13	(48)2	0.00	0	
(15)(1100)	1.00	(269)1	(104)2	(71)1	(69)8	0.00	0	
max retalho: 5
(0)(1100)	1.00	(323)1	(290)1	(102)1	(48)8	1.00	0	
(2)(1100)	1.00	(301)1	(257)1	(125)1	(81)1	(48)7	0.00	0	
max retalho: 5
(0)(1100)	1.00	(290)1	(259)1	(71)3	(69)2	200.00	0	
Sobra Total: 0.00
Perda Total: 258.00

Total Barras Cortadas:
Barra (1000) : 0
Barra (1100) : 80
Barra (380) : 0
Barra (215) : 0
Barra (372) : 0

Retalhos Gerados:
