
Saida Arquivo/Entrada/Class4/D4d19.txt

Minimizar a Perda Total
max retalho: 5
(0)(1100)	14.00	(326)1	(117)1	(328)2	1.00	0	
(1)(1100)	11.00	(305)3	(96)1	(85)1	4.00	0	
(2)(1100)	8.00	(171)5	(138)1	(106)1	1.00	0	
(3)(1100)	7.00	(205)2	(171)2	(173)2	2.00	0	
(4)(1100)	6.00	(194)3	(140)3	(96)1	2.00	0	
(5)(1100)	5.00	(161)4	(138)1	(317)1	1.00	0	
(6)(1100)	5.00	(140)1	(108)8	(96)1	0.00	0	
(7)(1100)	6.00	(150)4	(106)2	(96)3	0.00	0	
(8)(1100)	3.00	(117)1	(96)1	(294)3	5.00	0	
(9)(1100)	2.00	(150)2	(117)6	(96)1	2.00	0	
(10)(1100)	3.00	(194)1	(173)1	(317)2	(96)1	3.00	0	
(11)(1100)	2.00	(140)6	(85)3	5.00	0	
(12)(1100)	1.00	(182)6	8.00	0	
(13)(1100)	1.00	(328)3	(108)1	8.00	0	
(14)(1100)	1.00	(194)2	(117)1	(85)7	0.00	0	
(19)(1100)	13.00	(205)2	(194)2	(150)2	2.00	0	
max retalho: 5
(0)(1100)	1.00	(182)4	(138)1	(117)2	0.00	0	
(1)(1100)	1.00	(194)1	(161)3	(117)1	(305)1	1.00	0	
max retalho: 5
(0)(1100)	1.00	(182)1	(138)2	(129)2	(117)1	(108)2	51.00	0	
max retalho: 5
(0)(407)	1.00	(140)2	(108)1	19.00	0	
Sobra Total: 0.00
Perda Total: 248.00

Total Barras Cortadas:
Barra (1000) : 0
Barra (1100) : 91
Barra (249) : 0
Barra (407) : 1
Barra (240) : 0

Retalhos Gerados:
