
Saida Arquivo/Entrada/Class4/D4d13.txt

Minimizar a Perda Total
max retalho: 5
(0)(1100)	9.00	(175)1	(308)3	1.00	0	
(1)(1100)	8.00	(196)2	(141)3	(142)2	1.00	0	
(2)(1100)	8.00	(173)1	(309)3	0.00	0	
(3)(1100)	8.00	(207)3	(173)1	(175)1	(131)1	0.00	0	
(4)(1100)	5.00	(173)5	(120)1	(110)1	5.00	0	
(5)(1100)	4.00	(330)3	(110)1	0.00	0	
(6)(1100)	4.00	(164)1	(319)1	(308)2	1.00	0	
(7)(1100)	4.00	(207)4	(98)1	(87)2	0.00	0	
(8)(1100)	4.00	(196)1	(185)4	(164)1	0.00	0	
(9)(1100)	2.00	(120)1	(98)10	0.00	0	
(10)(1100)	2.00	(142)1	(108)6	(309)1	1.00	0	
(11)(1100)	2.00	(206)1	(196)3	(164)1	(142)1	0.00	0	
(12)(1100)	2.00	(110)10	0.00	0	
(13)(1100)	1.00	(164)1	(120)6	(108)2	0.00	0	
(14)(1100)	1.00	(196)4	(164)1	(152)1	0.00	0	
(15)(1100)	1.00	(175)1	(142)1	(87)9	0.00	0	
(16)(1100)	1.00	(173)2	(175)3	(120)1	(108)1	1.00	0	
max retalho: 5
(0)(1100)	1.00	(164)4	(330)1	(110)1	4.00	0	
(1)(1100)	1.00	(141)2	(142)3	(98)4	0.00	0	
(3)(1100)	1.00	(152)1	(330)1	(308)1	(309)1	1.00	0	
max retalho: 5
(0)(1100)	1.00	(164)1	(142)2	(120)1	(108)1	(98)4	32.00	0	
max retalho: 5
(0)(1100)	1.00	(196)1	0	904	
Sobra Total: 904.00
Perda Total: 86.00

Total Barras Cortadas:
Barra (1000) : 0
Barra (1100) : 71
Barra (248) : 0
Barra (408) : 0
Barra (240) : 0

Retalhos Gerados:
Retalho (904) : 1
