
Saida Arquivo/Entrada/Class4/D4d2.txt

Minimizar a Perda Total
max retalho: 5
(0)(1100)	16.00	(166)1	(287)3	(66)1	7.00	0	
(1)(1100)	13.00	(143)1	(89)1	(289)3	1.00	0	
(2)(1100)	8.00	(101)2	(298)3	4.00	0	
(3)(1100)	6.00	(166)1	(310)3	4.00	0	
(4)(1100)	6.00	(331)3	107.00	0	
(5)(1100)	5.00	(154)7	22.00	0	
(6)(1100)	4.00	(122)9	2.00	0	
(7)(1100)	5.00	(298)3	(66)3	8.00	0	
(8)(1100)	4.00	(166)4	(143)3	7.00	0	
(9)(1100)	3.00	(143)1	(122)1	(277)3	4.00	0	
(10)(1100)	2.00	(110)1	(298)3	(89)1	7.00	0	
(11)(1100)	3.00	(143)7	99.00	0	
(12)(1100)	2.00	(133)1	(319)3	10.00	0	
(13)(1100)	2.00	(110)10	0.00	0	
(14)(1100)	1.00	(99)11	11.00	0	
(15)(1100)	1.00	(89)12	32.00	0	
(16)(1100)	1.00	(78)14	8.00	0	
(17)(1000)	1.00	(331)3	7.00	0	
(18)(1100)	2.00	(133)1	(321)3	4.00	0	
(19)(1100)	1.00	(131)6	(310)1	4.00	0	
(20)(1100)	10.00	(321)3	(66)2	5.00	0	
max retalho: 5
(0)(1100)	1.00	(154)3	(319)2	0.00	0	
(2)(1100)	1.00	(122)1	(99)2	(89)7	(78)2	1.00	0	
(4)(1100)	1.00	(122)1	(310)1	(298)1	(287)1	(78)1	5.00	0	
max retalho: 5
(1)(1100)	1.00	(110)2	(99)8	(78)1	10.00	0	
max retalho: 5
(0)(1000)	1.00	(166)2	(122)4	(78)2	24.00	0	
max retalho: 5
(1)(1000)	1.00	(154)1	(331)1	0	515	
Sobra Total: 515.00
Perda Total: 1512.00

Total Barras Cortadas:
Barra (1000) : 3
Barra (1100) : 99
Barra (395) : 0
Barra (241) : 0
Barra (386) : 0

Retalhos Gerados:
Retalho (515) : 1
