
Saida Arquivo/Entrada/Class4/D4d8.txt

Minimizar a Perda Total
max retalho: 5
(0)(1100)	21.00	(166)1	(310)1	(312)2	0.00	0	
(1)(1000)	18.00	(333)3	1.00	0	
(2)(1100)	13.00	(189)1	(166)1	(321)2	(101)1	2.00	0	
(3)(1100)	9.00	(198)4	(154)2	0.00	0	
(4)(1100)	9.00	(210)4	(133)1	(124)1	3.00	0	
(5)(1100)	9.00	(177)3	(124)2	(321)1	0.00	0	
(6)(1100)	8.00	(189)5	(154)1	1.00	0	
(7)(1100)	8.00	(198)1	(187)4	(154)1	0.00	0	
(8)(1100)	6.00	(156)7	8.00	0	
(9)(1100)	6.00	(124)1	(310)2	(89)4	0.00	0	
(10)(1000)	4.00	(145)1	(124)1	(321)2	(89)1	0.00	0	
(11)(1100)	3.00	(133)6	(124)1	(89)2	0.00	0	
(12)(1100)	3.00	(198)3	(166)3	8.00	0	
(13)(1000)	2.00	(310)1	(89)1	(300)2	1.00	0	
(14)(1100)	1.00	(122)9	2.00	0	
(15)(1100)	1.00	(177)3	(124)1	(89)5	0.00	0	
(16)(1100)	1.00	(187)2	(189)1	(112)4	(89)1	0.00	0	
(17)(1100)	1.00	(198)2	(145)4	(124)1	0.00	0	
(20)(1000)	10.00	(187)2	(310)2	6.00	0	
max retalho: 5
(0)(1000)	1.00	(189)1	(133)1	(122)2	(333)1	(101)1	0.00	0	
(1)(1000)	1.00	(154)1	(133)4	(312)1	2.00	0	
max retalho: 5
(1)(1100)	1.00	(166)2	(122)2	(101)4	(89)1	31.00	0	
max retalho: 5
(0)(1000)	1.00	(187)1	(101)2	(300)1	0	311	
Sobra Total: 311.00
Perda Total: 248.00

Total Barras Cortadas:
Barra (1000) : 37
Barra (1100) : 100
Barra (411) : 0
Barra (258) : 0
Barra (403) : 0

Retalhos Gerados:
Retalho (311) : 1
