
Saida Arquivo/Entrada/Class3/D3d3.txt

Minimizar a Perda Total
max retalho: 3
(0)(1100)	15.00	(74)13	(69)2	0.00	0	
(1)(1100)	8.00	(76)14	(21)1	(15)1	0.00	0	
(2)(1100)	8.00	(42)1	(32)1	(57)18	0.00	0	
(3)(1100)	8.00	(42)26	8.00	0	
(4)(1100)	7.00	(53)6	(46)17	0.00	0	
(5)(1100)	8.00	(65)1	(21)1	(69)14	(48)1	0.00	0	
(6)(1100)	7.00	(78)14	8.00	0	
(7)(1100)	6.00	(80)12	(46)2	(48)1	0.00	0	
(8)(1100)	5.00	(32)1	(11)1	(36)29	(13)1	0.00	0	
(9)(1100)	5.00	(65)12	(80)4	0.00	0	
(10)(1100)	3.00	(21)52	8.00	0	
(11)(1100)	3.00	(43)25	(25)1	0.00	0	
(12)(1100)	3.00	(46)2	(48)21	0.00	0	
(13)(1100)	2.00	(32)32	(21)3	(13)1	0.00	0	
(14)(1100)	2.00	(25)44	0.00	0	
(15)(1100)	1.00	(11)100	0.00	0	
(16)(1100)	1.00	(53)20	(9)2	(11)2	0.00	0	
(20)(1000)	7.00	(74)1	(65)1	(80)3	(69)9	0.00	0	
max retalho: 3
(0)(1100)	1.00	(9)2	(69)7	(46)13	1.00	0	
(1)(1100)	1.00	(42)4	(21)42	(48)1	2.00	0	
(6)(1100)	1.00	(9)5	(11)40	(57)2	(36)6	(15)19	0.00	0	
max retalho: 3
(0)(1100)	1.00	(76)11	(57)1	(25)1	(13)14	0.00	0	
(1)(1100)	1.00	(53)6	(43)7	(32)15	1.00	0	
(5)(1100)	1.00	(74)10	(65)1	(32)2	(21)1	(69)3	3.00	0	
max retalho: 3
(1)(1100)	1.00	(74)2	(42)6	(32)1	(9)3	(78)2	(57)5	(25)8	0.00	0	
max retalho: 3
(3)(1000)	1.00	(53)5	(9)9	(80)2	(25)1	0	469	
Sobra Total: 469.00
Perda Total: 151.00

Total Barras Cortadas:
Barra (1000) : 8
Barra (1100) : 99
Barra (60) : 0
Barra (275) : 0
Barra (48) : 0

Retalhos Gerados:
Retalho (469) : 1
