
Saida Arquivo/Entrada/Class3/D3d20.txt

Minimizar a Perda Total
max retalho: 3
(0)(1100)	16.00	(74)14	(7)1	(46)1	(11)1	0.00	0	
(1)(1100)	15.00	(78)14	8.00	0	
(2)(1100)	10.00	(72)10	(40)8	(30)2	0.00	0	
(3)(1100)	9.00	(72)14	(23)4	0.00	0	
(4)(1100)	6.00	(63)4	(51)14	(67)2	0.00	0	
(5)(1100)	5.00	(41)2	(30)1	(76)13	0.00	0	
(6)(1100)	4.00	(41)26	(23)1	(11)1	0.00	0	
(7)(1100)	4.00	(19)1	(46)23	(23)1	0.00	0	
(8)(1100)	3.00	(55)20	0.00	0	
(9)(1100)	2.00	(44)25	0.00	0	
(10)(1100)	2.00	(7)1	(34)31	(13)3	0.00	0	
(11)(1100)	1.00	(13)84	8.00	0	
(12)(1100)	1.00	(11)100	0.00	0	
(13)(1100)	1.00	(7)4	(67)16	0.00	0	
max retalho: 3
(0)(1100)	1.00	(7)1	(78)9	(23)17	0.00	0	
(2)(1100)	1.00	(76)3	(13)67	1.00	0	
(3)(1100)	1.00	(51)14	(11)35	1.00	0	
(6)(1100)	1.00	(41)10	(30)12	(55)6	0.00	0	
(11)(1100)	1.00	(72)4	(63)1	(19)9	(9)23	(67)3	(34)5	0.00	0	
max retalho: 3
(0)(1100)	1.00	(19)1	(7)56	(76)9	5.00	0	
(1)(1100)	1.00	(74)8	(7)3	(44)10	(23)2	1.00	0	
max retalho: 3
(0)(1100)	1.00	(40)1	(78)3	(46)3	(23)22	(11)16	6.00	0	
max retalho: 3
(0)(1100)	1.00	(40)1	(41)1	(30)1	(7)55	(9)4	(13)2	0	542	
Sobra Total: 542.00
Perda Total: 142.00

Total Barras Cortadas:
Barra (1000) : 0
Barra (1100) : 88
Barra (56) : 0
Barra (271) : 0
Barra (44) : 0

Retalhos Gerados:
Retalho (542) : 1
