
Saida Arquivo/Entrada/Class3/D3d11.txt

Minimizar a Perda Total
max retalho: 3
(0)(1100)	17.00	(40)2	(19)1	(77)13	0.00	0	
(1)(1100)	15.00	(81)13	(46)1	1.00	0	
(2)(1100)	15.00	(40)1	(75)14	(10)1	0.00	0	
(3)(1100)	12.00	(10)1	(58)18	(46)1	0.00	0	
(4)(1000)	13.00	(65)2	(79)11	1.00	0	
(5)(1000)	11.00	(17)2	(69)14	0.00	0	
(6)(1100)	8.00	(42)26	8.00	0	
(7)(1100)	4.00	(40)27	(10)2	0.00	0	
(8)(1100)	3.00	(40)14	(54)10	0.00	0	
(9)(1100)	3.00	(44)25	0.00	0	
(10)(1100)	2.00	(28)39	8.00	0	
(11)(1100)	2.00	(19)57	(7)1	(10)1	0.00	0	
(12)(1100)	2.00	(17)60	(7)2	(33)2	0.00	0	
(13)(1100)	1.00	(10)110	0.00	0	
(14)(1100)	1.00	(7)2	(65)16	(46)1	0.00	0	
(15)(1100)	1.00	(33)33	11.00	0	
(16)(1100)	1.00	(65)6	(11)26	(79)1	(69)5	0.00	0	
(20)(1100)	3.00	(21)2	(46)23	0.00	0	
max retalho: 3
(0)(1100)	1.00	(7)5	(65)11	(10)35	0.00	0	
(1)(1100)	1.00	(44)5	(10)1	(58)15	0.00	0	
(3)(1100)	1.00	(19)1	(33)3	(10)1	(81)12	0.00	0	
(7)(1100)	1.00	(77)8	(54)8	(42)1	(10)1	0.00	0	
(9)(1100)	1.00	(40)14	(7)1	(75)3	(77)4	0.00	0	
max retalho: 3
(0)(1100)	1.00	(42)6	(10)2	(46)18	0.00	0	
(1)(1100)	1.00	(19)32	(44)4	(79)4	0.00	0	
(2)(1100)	1.00	(28)9	(7)104	(10)12	0.00	0	
max retalho: 3
(1)(1100)	1.00	(28)21	(42)9	(21)4	(10)5	0.00	0	
max retalho: 3
(4)(1000)	1.00	(28)1	(42)7	(44)2	(10)18	(46)2	0	318	
Sobra Total: 318.00
Perda Total: 119.00

Total Barras Cortadas:
Barra (1000) : 25
Barra (1100) : 99
Barra (93) : 0
Barra (323) : 0
Barra (95) : 0

Retalhos Gerados:
Retalho (318) : 1
