
Saida Arquivo/Entrada/Class3/D3d4.txt

Minimizar a Perda Total
max retalho: 3
(0)(1100)	15.00	(82)6	(71)8	(40)1	0.00	0	
(1)(1100)	11.00	(61)18	2.00	0	
(2)(1100)	9.00	(6)2	(77)14	(10)1	0.00	0	
(3)(1100)	8.00	(17)1	(8)1	(43)25	0.00	0	
(4)(1100)	7.00	(73)15	5.00	0	
(5)(1100)	6.00	(44)25	0.00	0	
(6)(1100)	6.00	(40)14	(54)10	0.00	0	
(7)(1100)	6.00	(71)15	(17)1	(6)3	0.00	0	
(8)(1100)	5.00	(6)10	(75)13	(65)1	0.00	0	
(9)(1100)	5.00	(40)4	(8)2	(77)12	0.00	0	
(10)(1000)	5.00	(38)1	(65)14	(21)2	(10)1	0.00	0	
(11)(1100)	3.00	(17)1	(6)1	(33)32	(21)1	0.00	0	
(12)(1100)	3.00	(50)22	0.00	0	
(13)(1100)	3.00	(21)52	8.00	0	
(14)(1100)	3.00	(40)27	(10)2	0.00	0	
(15)(1100)	2.00	(71)2	(38)25	(8)1	0.00	0	
(16)(1100)	1.00	(10)110	0.00	0	
max retalho: 3
(0)(1100)	1.00	(61)12	(17)1	(6)1	(43)8	1.00	0	
(2)(1100)	1.00	(77)1	(33)31	0.00	0	
(3)(1100)	1.00	(71)4	(29)18	(21)14	0.00	0	
(4)(1100)	1.00	(38)6	(6)19	(8)1	(75)10	0.00	0	
(18)(1000)	1.00	(50)12	(44)9	4.00	0	
max retalho: 3
(1)(1100)	1.00	(6)58	(54)6	(43)6	(21)8	2.00	0	
max retalho: 3
(3)(1100)	1.00	(82)3	(61)1	(50)1	(40)1	(29)6	(17)13	(44)7	0.00	0	
max retalho: 3
(0)(1100)	1.00	(29)2	(17)38	(6)2	(43)5	(10)13	39.00	0	
Sobra Total: 0.00
Perda Total: 127.00

Total Barras Cortadas:
Barra (1000) : 6
Barra (1100) : 100
Barra (55) : 0
Barra (284) : 0
Barra (57) : 0

Retalhos Gerados:
