
Saida Arquivo/Entrada/Class3/D3d10.txt

Minimizar a Perda Total
max retalho: 3
(0)(1100)	18.00	(76)12	(24)1	(82)2	0.00	0	
(1)(1100)	12.00	(43)2	(15)2	(82)12	0.00	0	
(2)(1100)	12.00	(64)14	(68)3	0.00	0	
(3)(1100)	10.00	(55)20	0.00	0	
(4)(1100)	9.00	(78)14	8.00	0	
(5)(1100)	9.00	(20)3	(80)13	0.00	0	
(6)(1100)	6.00	(53)19	(11)1	(82)1	0.00	0	
(7)(1100)	3.00	(22)50	0.00	0	
(8)(1100)	3.00	(32)33	(20)1	(11)1	(13)1	0.00	0	
(9)(1100)	2.00	(13)84	8.00	0	
(10)(1100)	2.00	(20)55	0.00	0	
(11)(1100)	2.00	(32)1	(20)1	(11)2	(57)18	0.00	0	
(12)(1100)	1.00	(11)1	(57)1	(24)43	0.00	0	
(13)(1100)	1.00	(11)1	(45)21	(24)6	0.00	0	
(14)(1100)	1.00	(32)1	(80)12	(36)3	0.00	0	
(15)(1100)	1.00	(11)100	0.00	0	
(16)(1100)	1.00	(80)9	(47)6	(36)2	(13)2	0.00	0	
(20)(1000)	3.00	(20)2	(80)12	0.00	0	
max retalho: 3
(0)(1100)	1.00	(64)4	(43)16	(78)2	0.00	0	
(1)(1100)	1.00	(76)6	(64)3	(55)8	(11)1	1.00	0	
(2)(1100)	1.00	(11)15	(57)2	(82)10	1.00	0	
(5)(1100)	1.00	(20)12	(22)19	(13)34	0.00	0	
max retalho: 3
(0)(1100)	1.00	(32)1	(78)1	(45)1	(24)38	(15)2	3.00	0	
max retalho: 3
(1)(1100)	1.00	(64)3	(78)7	(45)7	(36)1	11.00	0	
max retalho: 3
(1)(362)	1.00	(68)3	(45)1	113.00	0	
Sobra Total: 0.00
Perda Total: 217.00

Total Barras Cortadas:
Barra (1000) : 3
Barra (1100) : 99
Barra (134) : 0
Barra (362) : 1
Barra (136) : 0

Retalhos Gerados:
