
Saida Arquivo/Entrada/Class3/D3d16.txt

Minimizar a Perda Total
max retalho: 3
(0)(1100)	15.00	(35)1	(71)15	0.00	0	
(1)(1100)	11.00	(32)1	(46)3	(62)15	0.00	0	
(2)(1100)	10.00	(50)22	0.00	0	
(3)(1100)	10.00	(21)1	(56)18	(71)1	0.00	0	
(4)(1100)	6.00	(39)28	8.00	0	
(5)(1100)	4.00	(21)1	(83)13	0.00	0	
(6)(1100)	4.00	(9)1	(57)1	(35)1	(27)37	0.00	0	
(7)(1100)	4.00	(32)2	(21)1	(35)29	0.00	0	
(8)(1100)	3.00	(32)1	(56)1	(46)22	0.00	0	
(9)(1100)	2.00	(57)18	(35)1	(39)1	0.00	0	
(10)(1100)	2.00	(25)44	0.00	0	
(11)(1100)	2.00	(67)15	(35)1	(60)1	0.00	0	
(12)(1100)	2.00	(13)2	(60)17	(27)2	0.00	0	
(13)(1100)	2.00	(32)33	(21)1	(23)1	0.00	0	
(14)(1100)	1.00	(79)13	(46)1	(27)1	0.00	0	
(15)(1100)	1.00	(21)52	8.00	0	
(16)(1100)	1.00	(30)31	(46)1	(62)2	0.00	0	
max retalho: 3
(0)(1100)	1.00	(9)64	(25)1	(83)6	1.00	0	
(1)(1100)	1.00	(79)10	(62)5	0.00	0	
(2)(1100)	1.00	(21)1	(57)4	(23)37	0.00	0	
(5)(1100)	1.00	(21)1	(46)7	(60)6	(50)2	(27)11	0.00	0	
(6)(1100)	1.00	(9)1	(57)2	(39)25	2.00	0	
max retalho: 3
(0)(1100)	1.00	(21)22	(25)18	(62)3	2.00	0	
(6)(1100)	1.00	(30)4	(32)6	(9)9	(56)3	(46)1	(23)1	(83)2	(71)3	(50)1	(39)1	2.00	0	
max retalho: 3
(0)(1100)	1.00	(21)1	(67)5	(56)2	(57)1	(13)1	(62)5	(50)5	2.00	0	
max retalho: 3
(0)(1100)	1.00	(57)10	0	530	
Sobra Total: 530.00
Perda Total: 65.00

Total Barras Cortadas:
Barra (1000) : 0
Barra (1100) : 89
Barra (74) : 0
Barra (303) : 0
Barra (75) : 0

Retalhos Gerados:
Retalho (530) : 1
