
Saida Arquivo/Entrada/Class3/D3d1.txt

Minimizar a Perda Total
max retalho: 3
(0)(1000)	20.00	(80)9	(58)4	(48)1	0.00	0	
(1)(1100)	14.00	(77)13	(36)2	(27)1	0.00	0	
(2)(1100)	11.00	(63)17	(29)1	0.00	0	
(3)(1100)	9.00	(59)18	(19)2	0.00	0	
(4)(1100)	9.00	(73)15	5.00	0	
(5)(1100)	9.00	(66)2	(48)20	(8)1	0.00	0	
(6)(1100)	7.00	(52)21	8.00	0	
(7)(1100)	6.00	(66)16	(36)1	(8)1	0.00	0	
(8)(1100)	6.00	(41)26	(19)1	(15)1	0.00	0	
(9)(1100)	5.00	(31)1	(27)39	(8)2	0.00	0	
(10)(1100)	4.00	(31)34	(15)2	(8)2	0.00	0	
(11)(1100)	5.00	(58)18	(8)7	0.00	0	
(12)(1100)	4.00	(36)28	(27)2	(19)2	0.00	0	
(13)(1100)	2.00	(31)3	(19)53	0.00	0	
(14)(1000)	2.00	(69)14	(19)1	(15)1	0.00	0	
(15)(1100)	1.00	(25)44	0.00	0	
(16)(1100)	1.00	(62)10	(58)8	(8)2	0.00	0	
(17)(1100)	1.00	(15)73	5.00	0	
max retalho: 3
(0)(1100)	1.00	(77)10	(73)4	(19)2	0.00	0	
(2)(1100)	1.00	(80)7	(36)15	0.00	0	
(3)(1100)	1.00	(63)16	(27)2	(19)2	0.00	0	
(4)(1000)	1.00	(69)5	(58)8	(19)10	1.00	0	
(5)(1100)	1.00	(66)6	(52)4	(31)16	0.00	0	
max retalho: 3
(1)(1000)	1.00	(80)1	(41)5	(31)2	(29)7	(25)9	(19)11	(8)2	0.00	0	
max retalho: 3
(1)(1100)	1.00	(73)3	(66)8	(19)3	(8)37	0.00	0	
max retalho: 3
(2)(1100)	1.00	(73)2	(59)16	10.00	0	
max retalho: 3
(0)(345)	1.00	(73)2	(59)1	(29)2	82.00	0	
Sobra Total: 0.00
Perda Total: 199.00

Total Barras Cortadas:
Barra (1000) : 24
Barra (1100) : 100
Barra (117) : 0
Barra (345) : 1
Barra (105) : 0

Retalhos Gerados:
