
Saida Arquivo/Entrada/Class3/D3d9.txt

Minimizar a Perda Total
max retalho: 3
(0)(1100)	14.00	(21)1	(83)13	0.00	0	
(1)(1100)	14.00	(46)1	(81)13	1.00	0	
(2)(1100)	8.00	(56)1	(58)18	0.00	0	
(3)(1100)	7.00	(42)1	(31)1	(79)13	0.00	0	
(4)(1100)	6.00	(21)2	(46)23	0.00	0	
(5)(1100)	6.00	(54)20	(10)2	0.00	0	
(6)(1100)	4.00	(63)1	(19)1	(10)1	(56)18	0.00	0	
(7)(1100)	3.00	(21)52	8.00	0	
(8)(1100)	3.00	(67)16	(14)2	0.00	0	
(9)(1100)	3.00	(52)21	8.00	0	
(10)(1100)	3.00	(31)34	(21)1	(25)1	0.00	0	
(11)(1100)	3.00	(31)1	(19)3	(23)44	0.00	0	
(12)(1100)	2.00	(25)44	0.00	0	
(13)(1100)	2.00	(75)10	(42)8	(14)1	0.00	0	
(14)(1100)	2.00	(75)14	(31)1	(19)1	0.00	0	
(15)(1100)	1.00	(31)3	(19)53	0.00	0	
(16)(1100)	1.00	(63)17	(19)1	(10)1	0.00	0	
(17)(1100)	1.00	(14)78	8.00	0	
(18)(1100)	1.00	(31)5	(35)27	0.00	0	
max retalho: 3
(0)(1100)	1.00	(19)2	(58)4	(83)10	0.00	0	
(1)(1100)	1.00	(21)17	(14)53	1.00	0	
(2)(1100)	1.00	(63)16	(46)1	(23)2	0.00	0	
(4)(1100)	1.00	(79)4	(56)14	0.00	0	
(7)(1100)	1.00	(10)1	(67)9	(81)6	1.00	0	
(10)(1100)	1.00	(31)12	(10)35	(25)15	3.00	0	
max retalho: 3
(0)(1100)	1.00	(52)1	(19)48	(79)1	(56)1	1.00	0	
(1)(1100)	1.00	(42)2	(21)18	(58)11	0.00	0	
max retalho: 3
(0)(1100)	1.00	(21)1	(79)6	(58)1	(46)4	(35)8	(83)1	0.00	0	
max retalho: 3
(0)(1100)	1.00	(75)3	(52)6	(10)6	(46)2	(35)5	(23)1	(25)1	188.00	0	
Sobra Total: 0.00
Perda Total: 264.00

Total Barras Cortadas:
Barra (1000) : 0
Barra (1100) : 94
Barra (135) : 0
Barra (349) : 0
Barra (123) : 0

Retalhos Gerados:
