
Saida Arquivo/Entrada/Class3/D3d17.txt

Minimizar a Perda Total
max retalho: 3
(0)(1100)	15.00	(64)14	(68)3	0.00	0	
(1)(1100)	10.00	(75)2	(22)1	(58)16	0.00	0	
(2)(1100)	9.00	(20)1	(72)15	0.00	0	
(3)(1100)	8.00	(20)1	(14)1	(82)13	0.00	0	
(4)(1100)	8.00	(53)20	(20)2	0.00	0	
(5)(1100)	6.00	(54)1	(43)24	(14)1	0.00	0	
(6)(1100)	6.00	(54)1	(68)15	(26)1	0.00	0	
(7)(1100)	5.00	(31)34	(22)1	(24)1	0.00	0	
(8)(1100)	4.00	(47)4	(24)38	0.00	0	
(9)(1100)	4.00	(54)20	(10)2	0.00	0	
(10)(1100)	4.00	(75)14	(36)1	(14)1	0.00	0	
(11)(1100)	4.00	(53)1	(20)1	(79)13	0.00	0	
(12)(1100)	2.00	(31)3	(57)2	(47)19	0.00	0	
(13)(1100)	2.00	(20)1	(36)30	0.00	0	
(14)(1100)	1.00	(64)1	(10)1	(57)18	0.00	0	
(15)(1100)	1.00	(20)55	0.00	0	
max retalho: 3
(0)(1100)	1.00	(58)5	(24)3	(82)9	0.00	0	
(1)(1100)	1.00	(54)8	(10)2	(72)9	0.00	0	
(2)(1100)	1.00	(43)1	(31)1	(22)45	(36)1	0.00	0	
(3)(1100)	1.00	(75)3	(53)2	(20)6	(68)1	(57)7	(26)7	0.00	0	
max retalho: 3
(0)(1100)	1.00	(64)1	(58)8	(47)4	(36)10	(24)1	0.00	0	
(3)(1100)	1.00	(64)1	(54)5	(47)2	(24)28	0.00	0	
max retalho: 3
(0)(1100)	1.00	(64)7	(31)1	(22)2	(10)3	(68)1	(57)3	(58)1	(47)4	(24)2	(14)1	0.00	0	
max retalho: 3
(0)(352)	1.00	(57)1	(47)2	201.00	0	
Sobra Total: 0.00
Perda Total: 201.00

Total Barras Cortadas:
Barra (1000) : 0
Barra (1100) : 96
Barra (124) : 0
Barra (352) : 1
Barra (111) : 0

Retalhos Gerados:
