
Saida Arquivo/Entrada/Class3/D3d2.txt

Minimizar a Perda Total
max retalho: 3
(0)(1100)	19.00	(81)2	(38)1	(75)12	0.00	0	
(1)(1100)	16.00	(71)8	(38)14	0.00	0	
(2)(1100)	11.00	(82)1	(59)17	(15)1	0.00	0	
(3)(1100)	7.00	(17)2	(6)2	(31)34	0.00	0	
(4)(1100)	6.00	(82)1	(71)14	(6)4	0.00	0	
(5)(1100)	5.00	(27)40	(20)1	0.00	0	
(6)(1100)	4.00	(50)22	0.00	0	
(7)(1100)	4.00	(17)12	(64)14	0.00	0	
(8)(1100)	3.00	(20)55	0.00	0	
(9)(1100)	2.00	(6)2	(64)17	0.00	0	
(10)(1100)	1.00	(52)21	8.00	0	
(11)(1100)	1.00	(48)22	(27)1	(17)1	0.00	0	
(12)(1100)	1.00	(10)110	0.00	0	
(13)(1100)	1.00	(38)1	(75)1	(21)47	0.00	0	
(14)(1100)	1.00	(81)11	(48)4	(17)1	0.00	0	
(15)(1100)	1.00	(15)73	5.00	0	
(17)(1100)	1.00	(6)3	(54)6	(42)18	2.00	0	
max retalho: 3
(0)(1100)	1.00	(71)4	(27)30	6.00	0	
(1)(1100)	1.00	(82)13	(6)4	(10)1	0.00	0	
(2)(1100)	1.00	(6)79	(52)12	2.00	0	
(4)(1100)	1.00	(81)1	(6)1	(75)4	(64)2	(42)3	(31)5	(20)3	(21)3	(10)18	1.00	0	
(9)(1100)	1.00	(59)8	(50)11	(38)2	2.00	0	
max retalho: 3
(0)(1100)	1.00	(82)1	(71)4	(59)2	(48)8	(6)26	(75)1	1.00	0	
max retalho: 3
(0)(498)	1.00	(71)4	(48)2	118.00	0	
Sobra Total: 0.00
Perda Total: 145.00

Total Barras Cortadas:
Barra (1000) : 0
Barra (1100) : 90
Barra (53) : 0
Barra (269) : 0
Barra (498) : 1

Retalhos Gerados:
