
Saida Arquivo/Entrada/Class10/D10d5.txt

Minimizar a Perda Total
max retalho: 5
(0)(1100)	16.00	(149)1	(237)4	3.00	0	
(1)(1100)	8.00	(141)7	(111)1	2.00	0	
(2)(1100)	8.00	(149)2	(103)7	(80)1	1.00	0	
(3)(1100)	6.00	(126)8	(88)1	4.00	0	
(4)(1100)	6.00	(80)1	(63)6	(214)3	0.00	0	
(5)(1100)	5.00	(149)1	(95)10	1.00	0	
(6)(1100)	4.00	(118)1	(88)9	(63)3	1.00	0	
(7)(1100)	4.00	(149)6	(118)1	(88)1	0.00	0	
(8)(1100)	4.00	(126)1	(118)1	(214)4	0.00	0	
(9)(1100)	4.00	(111)1	(103)1	(221)2	(222)2	0.00	0	
(10)(1100)	3.00	(126)2	(111)7	(71)1	0.00	0	
(11)(1100)	1.00	(133)6	(88)1	(214)1	0.00	0	
(12)(1100)	1.00	(95)4	(80)9	0.00	0	
(13)(1100)	1.00	(103)1	(229)4	(80)1	1.00	0	
(14)(1100)	1.00	(110)2	(103)1	(86)9	3.00	0	
max retalho: 5
(0)(1100)	1.00	(149)2	(141)3	(126)3	1.00	0	
(1)(1100)	1.00	(133)4	(95)5	(88)1	5.00	0	
(2)(1100)	1.00	(110)1	(111)3	(221)2	(71)3	2.00	0	
(8)(1100)	1.00	(118)2	(103)1	(237)1	(229)1	(80)1	(214)1	1.00	0	
max retalho: 5
(0)(1100)	1.00	(149)1	(133)1	(95)2	(88)4	(71)3	(63)1	0.00	0	
max retalho: 5
(0)(1100)	1.00	(149)1	(141)1	(134)2	(126)1	(88)2	(80)2	(63)1	17.00	0	
max retalho: 5
(0)(1100)	1.00	(88)1	0	1012	
Sobra Total: 1012.00
Perda Total: 135.00

Total Barras Cortadas:
Barra (1000) : 0
Barra (1100) : 79
Barra (395) : 0
Barra (214) : 0
Barra (386) : 0
Barra (204) : 0
Barra (375) : 0

Retalhos Gerados:
Retalho (1012) : 1
