
Saida Arquivo/Entrada/Class10/D10d11.txt

Minimizar a Perda Total
max retalho: 5
(0)(1100)	11.00	(126)6	(103)1	(80)2	(81)1	0.00	0	
(1)(1100)	9.00	(111)1	(230)4	(65)1	4.00	0	
(2)(1100)	7.00	(142)1	(237)4	10.00	0	
(3)(1100)	4.00	(80)3	(215)4	0.00	0	
(4)(1100)	4.00	(103)5	(104)1	(80)5	(81)1	0.00	0	
(5)(1100)	4.00	(127)8	(81)1	3.00	0	
(6)(1100)	4.00	(142)7	(104)1	2.00	0	
(7)(1100)	3.00	(127)1	(81)1	(222)4	4.00	0	
(8)(1100)	2.00	(73)15	5.00	0	
(9)(1100)	2.00	(134)5	(214)1	(215)1	1.00	0	
(10)(1100)	2.00	(142)6	(127)1	(119)1	2.00	0	
(11)(1100)	1.00	(104)9	(81)2	2.00	0	
(12)(1100)	1.00	(81)3	(214)4	1.00	0	
(13)(1100)	1.00	(142)1	(238)4	6.00	0	
(14)(1100)	1.00	(127)1	(81)12	1.00	0	
(15)(1100)	1.00	(80)10	(81)2	(73)1	(65)1	0.00	0	
(16)(1100)	1.00	(142)5	(126)1	(88)3	0.00	0	
(17)(1100)	1.00	(142)3	(96)7	2.00	0	
max retalho: 5
(0)(1100)	1.00	(126)1	(103)1	(237)3	(80)2	0.00	0	
(1)(1100)	1.00	(104)4	(81)6	(65)3	3.00	0	
(5)(1100)	1.00	(238)1	(214)2	(215)2	4.00	0	
max retalho: 5
(0)(1100)	1.00	(111)4	(104)1	(88)1	(230)2	4.00	0	
max retalho: 5
(0)(1100)	1.00	(103)1	(104)1	(238)1	(80)3	(73)5	50.00	0	
Sobra Total: 0.00
Perda Total: 227.00

Total Barras Cortadas:
Barra (1000) : 0
Barra (1100) : 64
Barra (398) : 0
Barra (208) : 0
Barra (388) : 0
Barra (209) : 0
Barra (379) : 0

Retalhos Gerados:
