
Saida Arquivo/Entrada/Class10/D10d10.txt

Minimizar a Perda Total
max retalho: 5
(0)(1100)	10.00	(140)2	(123)4	(101)1	(227)1	0.00	0	
(1)(1100)	9.00	(131)6	(101)1	(212)1	1.00	0	
(2)(1100)	7.00	(220)5	0.00	0	
(3)(1100)	6.00	(140)2	(123)1	(235)2	(227)1	0.00	0	
(4)(1100)	6.00	(140)1	(108)1	(212)4	4.00	0	
(5)(1100)	5.00	(101)10	(85)1	5.00	0	
(6)(1100)	5.00	(148)7	(62)1	2.00	0	
(7)(1100)	5.00	(100)11	0.00	0	
(8)(1100)	5.00	(77)4	(78)2	(212)3	0.00	0	
(9)(1100)	5.00	(140)4	(85)1	(227)2	1.00	0	
(10)(1100)	4.00	(219)5	5.00	0	
(11)(1100)	4.00	(108)8	(78)3	2.00	0	
(12)(1100)	3.00	(140)4	(123)3	(101)1	(70)1	0.00	0	
(13)(1100)	3.00	(124)7	(85)2	(62)1	0.00	0	
(14)(1100)	3.00	(131)3	(116)5	(62)2	3.00	0	
(15)(1100)	2.00	(93)11	(77)1	0.00	0	
(16)(1100)	1.00	(108)1	(62)16	0.00	0	
(17)(1100)	1.00	(140)1	(108)1	(77)11	5.00	0	
(19)(1100)	4.00	(108)3	(70)2	(212)3	0.00	0	
max retalho: 5
(0)(1100)	1.00	(124)6	(101)2	(77)2	0.00	0	
(1)(1100)	1.00	(78)1	(70)2	(220)4	2.00	0	
(2)(1100)	1.00	(131)2	(123)2	(85)2	(235)1	(62)3	1.00	0	
(3)(1100)	1.00	(148)1	(108)3	(93)2	(219)2	4.00	0	
(5)(1100)	1.00	(140)4	(101)1	(62)7	5.00	0	
(7)(1100)	1.00	(148)3	(116)3	(108)1	(100)2	0.00	0	
max retalho: 5
(0)(1100)	1.00	(108)1	(101)5	(93)4	(77)1	38.00	0	
max retalho: 5
(0)(1100)	1.00	(77)1	(212)2	0	599	
Sobra Total: 599.00
Perda Total: 165.00

Total Barras Cortadas:
Barra (1000) : 0
Barra (1100) : 96
Barra (393) : 0
Barra (198) : 0
Barra (382) : 0
Barra (200) : 0
Barra (373) : 0

Retalhos Gerados:
Retalho (599) : 1
