
Saida Arquivo/Entrada/Class10/D10d6.txt

Minimizar a Perda Total
max retalho: 5
(0)(1100)	19.00	(104)1	(232)4	(66)1	2.00	0	
(1)(1100)	10.00	(74)1	(225)4	(66)1	(59)1	1.00	0	
(2)(1100)	8.00	(121)9	11.00	0	
(3)(1100)	8.00	(128)1	(224)2	(74)1	(225)2	0.00	0	
(4)(1100)	7.00	(113)9	(82)1	1.00	0	
(5)(1100)	6.00	(106)5	(98)1	(59)8	0.00	0	
(6)(1100)	6.00	(89)1	(81)4	(209)3	(59)1	1.00	0	
(7)(1100)	6.00	(129)6	(104)1	(74)3	0.00	0	
(8)(1100)	6.00	(98)9	(217)1	1.00	0	
(9)(1100)	5.00	(128)6	(129)2	(74)1	0.00	0	
(10)(1100)	5.00	(89)1	(81)10	(82)1	(59)2	1.00	0	
(11)(1100)	2.00	(104)8	(209)1	(59)1	0.00	0	
(12)(1100)	2.00	(104)5	(74)5	(209)1	1.00	0	
(13)(1100)	2.00	(106)7	(98)1	(89)2	(82)1	0.00	0	
(14)(1100)	1.00	(89)6	(82)6	(74)1	0.00	0	
(15)(1100)	1.00	(136)4	(89)1	(232)2	3.00	0	
(19)(1100)	1.00	(82)12	(58)2	0.00	0	
max retalho: 5
(1)(1100)	1.00	(82)3	(74)4	(58)6	(209)1	1.00	0	
(2)(1100)	1.00	(128)5	(113)1	(89)1	(81)1	(59)3	0.00	0	
(4)(1100)	1.00	(121)2	(98)1	(66)8	(58)4	0.00	0	
max retalho: 5
(2)(1100)	1.00	(129)2	(104)5	(106)3	4.00	0	
max retalho: 5
(3)(1000)	1.00	(81)6	(232)1	(58)2	(59)2	48.00	0	
Sobra Total: 0.00
Perda Total: 218.00

Total Barras Cortadas:
Barra (1000) : 1
Barra (1100) : 99
Barra (201) : 0
Barra (376) : 0
Barra (190) : 0
Barra (378) : 0
Barra (180) : 0

Retalhos Gerados:
