
Saida Arquivo/Entrada/Class10/D10d9.txt

Minimizar a Perda Total
max retalho: 5
(0)(1100)	19.00	(128)1	(224)4	(75)1	1.00	0	
(1)(1100)	11.00	(239)4	(75)1	(67)1	2.00	0	
(2)(1100)	9.00	(98)1	(75)1	(217)4	(59)1	0.00	0	
(3)(1100)	8.00	(121)9	11.00	0	
(4)(1100)	8.00	(106)8	(75)1	(59)3	0.00	0	
(5)(1100)	7.00	(130)8	(59)1	1.00	0	
(6)(1000)	7.00	(113)7	(209)1	0.00	0	
(7)(1100)	6.00	(239)4	(83)1	(59)1	2.00	0	
(8)(1100)	6.00	(105)3	(82)1	(75)1	(209)3	1.00	0	
(9)(1100)	5.00	(106)1	(67)1	(217)4	(59)1	0.00	0	
(10)(1100)	4.00	(106)1	(233)4	(59)1	3.00	0	
(11)(1100)	3.00	(90)5	(216)2	(217)1	1.00	0	
(12)(1100)	4.00	(128)8	(75)1	1.00	0	
(13)(1100)	2.00	(137)8	4.00	0	
(14)(1100)	2.00	(113)1	(82)9	(83)3	0.00	0	
(15)(1100)	1.00	(105)3	(106)5	(90)2	(75)1	0.00	0	
(20)(1000)	1.00	(128)6	(82)1	(75)2	0.00	0	
max retalho: 5
(1)(1100)	1.00	(90)7	(82)1	(59)3	(209)1	2.00	0	
(2)(1100)	1.00	(224)1	(75)3	(217)3	0.00	0	
(3)(1000)	1.00	(137)2	(130)1	(82)3	(75)1	(216)1	(59)1	0.00	0	
(4)(1100)	1.00	(128)1	(130)1	(121)1	(113)1	(233)1	(75)5	0.00	0	
max retalho: 5
(1)(1100)	1.00	(130)2	(82)1	(233)1	(83)1	(217)1	(209)1	16.00	0	
max retalho: 5
(0)(1100)	1.00	(239)3	(82)1	(233)1	(67)1	1.00	0	
Sobra Total: 0.00
Perda Total: 200.00

Total Barras Cortadas:
Barra (1000) : 9
Barra (1100) : 100
Barra (390) : 0
Barra (209) : 0
Barra (380) : 0
Barra (199) : 0
Barra (370) : 0

Retalhos Gerados:
