
Saida Arquivo/Entrada/Class10/D10d2.txt

Minimizar a Perda Total
max retalho: 5
(0)(1100)	19.00	(140)1	(71)1	(221)4	5.00	0	
(1)(1100)	10.00	(236)4	(79)1	(71)1	6.00	0	
(2)(1100)	7.00	(110)10	0.00	0	
(3)(1100)	7.00	(117)7	(109)2	(63)1	0.00	0	
(4)(1100)	6.00	(125)8	(94)1	6.00	0	
(5)(1100)	6.00	(94)3	(86)4	(79)6	0.00	0	
(6)(1100)	5.00	(102)10	(79)1	1.00	0	
(7)(1100)	5.00	(134)7	(94)1	(64)1	4.00	0	
(8)(1100)	4.00	(140)7	(117)1	3.00	0	
(9)(1100)	4.00	(134)7	(87)1	(71)1	4.00	0	
(10)(1100)	4.00	(134)2	(63)3	(213)3	4.00	0	
(11)(1100)	4.00	(109)10	10.00	0	
(12)(1100)	3.00	(94)8	(86)4	4.00	0	
(13)(1100)	1.00	(125)1	(228)4	(63)1	0.00	0	
(14)(1100)	1.00	(86)12	(63)1	5.00	0	
(15)(1100)	1.00	(109)2	(63)14	0.00	0	
(16)(1100)	1.00	(132)2	(94)1	(79)1	(221)3	0.00	0	
(19)(1100)	3.00	(102)1	(79)1	(229)4	3.00	0	
max retalho: 5
(0)(1100)	1.00	(140)5	(86)2	(228)1	0.00	0	
(2)(1100)	1.00	(109)3	(71)6	(221)1	(63)2	0.00	0	
(5)(1100)	1.00	(134)4	(86)1	(236)2	6.00	0	
(8)(1100)	1.00	(125)7	(79)2	(63)1	4.00	0	
max retalho: 5
(0)(1100)	1.00	(117)1	(94)1	(86)5	(228)2	3.00	0	
max retalho: 5
(0)(1100)	1.00	(117)1	(94)4	(87)3	(63)2	(213)1	7.00	0	
max retalho: 5
(0)(1100)	1.00	(110)3	(94)1	0	676	
Sobra Total: 676.00
Perda Total: 346.00

Total Barras Cortadas:
Barra (1000) : 0
Barra (1100) : 98
Barra (210) : 0
Barra (383) : 0
Barra (200) : 0
Barra (385) : 0
Barra (190) : 0

Retalhos Gerados:
Retalho (676) : 1
