
Saida Arquivo/Entrada/Class10/D10d17.txt

Minimizar a Perda Total
max retalho: 5
(0)(1100)	18.00	(223)4	(207)1	1.00	0	
(1)(1100)	17.00	(104)1	(232)4	(66)1	2.00	0	
(2)(1100)	12.00	(89)3	(207)4	5.00	0	
(3)(1100)	8.00	(119)7	(97)2	(73)1	0.00	0	
(4)(1100)	7.00	(144)7	(89)1	3.00	0	
(5)(1100)	6.00	(104)7	(74)5	2.00	0	
(6)(1100)	6.00	(97)1	(230)4	(81)1	2.00	0	
(7)(1100)	5.00	(136)7	(74)2	0.00	0	
(8)(1100)	4.00	(127)6	(112)3	2.00	0	
(9)(1100)	4.00	(119)4	(97)2	(215)2	0.00	0	
(10)(1100)	2.00	(121)1	(89)11	0.00	0	
(11)(1000)	3.00	(127)6	(89)1	(74)2	1.00	0	
(12)(1100)	2.00	(121)9	11.00	0	
(13)(1100)	1.00	(74)12	(207)1	5.00	0	
(14)(1100)	1.00	(96)9	(232)1	4.00	0	
(20)(1100)	1.00	(127)4	(112)1	(238)2	4.00	0	
max retalho: 5
(0)(1100)	1.00	(119)1	(121)1	(223)2	(207)2	0.00	0	
(1)(1100)	1.00	(89)9	(232)1	(66)1	1.00	0	
(7)(1100)	1.00	(144)1	(136)5	(119)1	(81)1	(73)1	3.00	0	
max retalho: 5
(0)(1100)	1.00	(119)1	(96)1	(73)7	(223)1	(74)2	3.00	0	
max retalho: 5
(0)(1100)	1.00	(104)4	(97)1	(230)1	(232)1	(74)1	51.00	0	
max retalho: 5
(1)(380)	1.00	(230)1	(74)1	76.00	0	
Sobra Total: 0.00
Perda Total: 337.00

Total Barras Cortadas:
Barra (1000) : 3
Barra (1100) : 99
Barra (388) : 0
Barra (208) : 0
Barra (390) : 0
Barra (198) : 0
Barra (380) : 1

Retalhos Gerados:
