
Saida Arquivo/Entrada/Class10/D10d19.txt

Minimizar a Perda Total
max retalho: 5
(0)(1100)	15.00	(118)1	(213)4	(64)2	2.00	0	
(1)(1100)	14.00	(236)4	(79)1	(72)1	5.00	0	
(2)(1100)	14.00	(94)2	(228)4	0.00	0	
(3)(1100)	12.00	(133)4	(118)3	(213)1	1.00	0	
(4)(1100)	5.00	(125)8	(95)1	5.00	0	
(5)(1100)	5.00	(95)1	(87)1	(229)4	2.00	0	
(6)(1100)	3.00	(110)10	0.00	0	
(7)(1100)	3.00	(117)8	(94)1	(70)1	0.00	0	
(8)(1100)	3.00	(140)1	(221)4	(72)1	4.00	0	
(9)(1100)	3.00	(95)7	(87)5	0.00	0	
(10)(1100)	2.00	(102)1	(70)1	(72)12	(64)1	0.00	0	
(11)(1100)	2.00	(102)2	(64)14	0.00	0	
(12)(1100)	2.00	(133)7	(95)1	(72)1	2.00	0	
(13)(1100)	1.00	(117)1	(95)9	(64)2	0.00	0	
(14)(1100)	1.00	(141)2	(228)3	(70)1	(64)1	0.00	0	
(15)(1100)	1.00	(95)2	(70)13	0.00	0	
(19)(1100)	6.00	(140)7	(118)1	2.00	0	
max retalho: 5
(0)(1100)	1.00	(133)1	(118)1	(236)3	(70)2	1.00	0	
(1)(1100)	1.00	(117)3	(102)1	(221)1	(213)2	0.00	0	
(2)(1100)	1.00	(110)1	(94)4	(229)1	(64)6	1.00	0	
(5)(1100)	1.00	(125)2	(110)1	(95)4	(72)5	0.00	0	
max retalho: 5
(0)(1100)	1.00	(110)2	(102)1	(94)1	(87)1	(79)2	(229)1	(70)3	0.00	0	
max retalho: 5
(3)(1000)	1.00	(140)1	(141)1	(118)1	(102)1	0	499	
Sobra Total: 499.00
Perda Total: 177.00

Total Barras Cortadas:
Barra (1000) : 1
Barra (1100) : 97
Barra (211) : 0
Barra (384) : 0
Barra (201) : 0
Barra (385) : 0
Barra (191) : 0

Retalhos Gerados:
Retalho (499) : 1
