
Saida Arquivo/Entrada/Class10/D10d4.txt

Minimizar a Perda Total
max retalho: 5
(0)(1100)	15.00	(234)4	(85)1	(77)1	2.00	0	
(1)(1100)	14.00	(108)1	(85)1	(226)4	3.00	0	
(2)(1100)	10.00	(131)4	(115)5	1.00	0	
(3)(1100)	10.00	(138)7	(131)1	3.00	0	
(4)(1100)	5.00	(219)5	5.00	0	
(5)(1100)	5.00	(92)11	(85)1	3.00	0	
(6)(1100)	5.00	(107)9	(77)1	(60)1	0.00	0	
(7)(1100)	5.00	(108)7	(92)1	(84)3	0.00	0	
(8)(1100)	4.00	(123)8	(115)1	1.00	0	
(9)(1100)	2.00	(61)18	2.00	0	
(10)(1100)	2.00	(130)8	(60)1	0.00	0	
(11)(1100)	1.00	(108)4	(77)4	(60)6	0.00	0	
(12)(1100)	1.00	(123)4	(92)2	(211)2	2.00	0	
(13)(1100)	1.00	(100)11	0.00	0	
(14)(1100)	1.00	(107)4	(85)7	(77)1	0.00	0	
(19)(1100)	9.00	(107)1	(85)1	(227)4	0.00	0	
max retalho: 5
(0)(1100)	1.00	(115)1	(234)2	(77)1	(219)2	2.00	0	
(1)(1100)	1.00	(108)4	(92)1	(227)1	(68)2	(211)1	2.00	0	
(2)(1100)	1.00	(123)1	(61)16	1.00	0	
(3)(1100)	1.00	(115)5	(92)4	(77)2	3.00	0	
(4)(1100)	1.00	(84)4	(85)2	(226)1	(77)4	(60)1	0.00	0	
max retalho: 5
(0)(1100)	1.00	(131)2	(108)1	(100)5	(227)1	3.00	0	
max retalho: 5
(0)(1100)	1.00	(130)1	(108)2	(92)1	(234)1	(85)2	(77)1	(60)3	1.00	0	
max retalho: 5
(0)(381)	1.00	(77)1	(219)1	(60)1	25.00	0	
Sobra Total: 0.00
Perda Total: 199.00

Total Barras Cortadas:
Barra (1000) : 0
Barra (1100) : 97
Barra (205) : 0
Barra (380) : 0
Barra (195) : 0
Barra (381) : 1
Barra (185) : 0

Retalhos Gerados:
