
1 Soluções

Saida Arquivo/Entrada/D1d10.txt

Minimizar a Perda Total
max retalho: 5

(0)(1100)	34.00	(40)2	(19)1	(77)13	0.00	0	

(1)(1100)	20.00	(73)15	5.00	0	

(2)(1100)	18.00	(52)5	(40)21	0.00	0	

(3)(1000)	11.00	(73)2	(61)14	0.00	0	

(4)(1100)	10.00	(73)1	(63)16	(19)1	0.00	0	

(5)(115)	9.00	(19)1	(8)12	0.00	0	

(6)(128)	5.00	(63)2	2.00	0	

(7)(357)	3.00	(63)4	(29)1	(19)4	0.00	0	

(8)(1100)	3.00	(73)2	(61)2	(52)16	0.00	0	

(9)(1100)	3.00	(61)18	2.00	0	

(10)(1100)	8.00	(40)2	(30)34	0.00	0	

(11)(1100)	1.00	(29)34	(19)6	0.00	0	
max retalho: 5

(2)(1100)	1.00	(73)7	589.00	0	

(3)(1100)	1.00	(29)18	578.00	0	

(4)(1000)	1.00	(61)1	(63)2	(40)8	(30)8	(19)11	(8)5	4.00	0	
max retalho: 5

(3)(1100)	1.00	(77)8	(45)10	34.00	450	
max retalho: 4

(0)(1000)	1.00	(52)15	(30)5	0	70	
Sobra Total: 520.00
Perda Total: 1321.00

Total Barras Cortadas:
Barra (1000) : 13
Barra (1100) : 100
Barra (128) : 5
Barra (357) : 3
Barra (115) : 9

Retalhos Gerados:
Retalho (45) : 10
Retalho (70) : 1

2 Soluções

Saida Arquivo/Entrada/D1d10.txt

Minimizar a Perda Total
max retalho: 5

(0)(1000)	30.00	(73)5	(61)7	(52)4	0.00	0	

(1)(1100)	17.00	(40)1	(30)2	(19)4	(77)12	0.00	0	

(2)(1100)	16.00	(40)23	(30)6	0.00	0	

(3)(1100)	13.00	(73)14	(77)1	1.00	0	

(4)(1000)	13.00	(63)14	(40)1	(29)1	(30)1	(19)1	0.00	0	

(5)(1000)	13.00	(40)5	(30)1	(77)10	0.00	0	

(6)(1000)	7.00	(29)1	(77)12	(45)1	2.00	45	

(7)(128)	5.00	(40)1	(29)2	(30)1	0.00	0	

(8)(1100)	4.00	(73)1	(61)1	(52)3	(30)27	0.00	0	

(9)(357)	2.00	(77)4	(45)1	4.00	45	

(10)(357)	1.00	(29)12	(8)1	1.00	0	

(11)(115)	9.00	(29)1	(77)1	9.00	0	

(13)(1100)	1.00	(52)21	(8)1	0.00	0	
max retalho: 5

(0)(1100)	1.00	(8)111	212.00	0	
max retalho: 5

(2)(1100)	1.00	(73)9	443.00	0	
max retalho: 5

(0)(1100)	1.00	(61)1	(63)2	(40)2	(29)4	(30)16	(19)1	(77)2	0	64	
Sobra Total: 469.00
Perda Total: 772.00

Total Barras Cortadas:
Barra (1000) : 63
Barra (1100) : 54
Barra (128) : 5
Barra (357) : 3
Barra (115) : 9

Retalhos Gerados:
Retalho (45) : 7
Retalho (45) : 2
Retalho (64) : 1

3 Soluções

Saida Arquivo/Entrada/D1d10.txt

Minimizar a Perda Total
max retalho: 5

(0)(1000)	25.00	(40)5	(30)1	(77)10	0.00	0	

(1)(1100)	22.00	(73)3	(61)1	(52)5	(40)14	0.00	0	

(2)(1100)	18.00	(73)14	(30)1	48.00	0	

(3)(1100)	16.00	(40)1	(30)2	(19)4	(77)12	0.00	0	

(4)(1000)	13.00	(73)2	(61)14	0.00	0	

(5)(1000)	13.00	(63)14	(40)1	(29)1	(30)1	(19)1	0.00	0	

(6)(1100)	5.00	(30)35	50.00	0	

(7)(128)	5.00	(40)1	(29)2	(30)1	0.00	0	

(8)(1000)	2.00	(52)19	12.00	0	

(10)(1000)	1.00	(19)1	(8)113	(77)1	0.00	0	
max retalho: 5

(0)(1100)	1.00	(29)32	172.00	0	

(1)(1100)	1.00	(61)11	429.00	0	

(5)(1100)	1.00	(73)1	(63)2	(52)5	(40)3	(30)2	(19)4	(77)5	0.00	0	
max retalho: 5

(0)(115)	3.00	(30)3	25.00	0	

(1)(357)	1.00	(30)6	(77)2	23.00	0	
Sobra Total: 0.00
Perda Total: 1837.00

Total Barras Cortadas:
Barra (1000) : 54
Barra (1100) : 64
Barra (128) : 5
Barra (357) : 1
Barra (115) : 3

Retalhos Gerados:

10 Soluções

Saida Arquivo/Entrada/D1d10.txt

Minimizar a Perda Total
max retalho: 5

(0)(1100)	29.00	(73)11	(61)4	(52)1	1.00	0	

(1)(1100)	22.00	(52)1	(40)3	(77)12	4.00	0	

(2)(1100)	16.00	(52)5	(40)21	0.00	0	

(3)(1100)	15.00	(40)1	(30)2	(19)4	(77)12	0.00	0	

(4)(1000)	13.00	(63)14	(40)1	(29)1	(30)1	(19)1	0.00	0	

(5)(115)	9.00	(73)1	(40)1	2.00	0	

(6)(1100)	7.00	(40)2	(30)34	0.00	0	

(7)(1000)	7.00	(73)2	(61)14	0.00	0	

(8)(128)	5.00	(52)2	24.00	0	

(9)(357)	3.00	(29)11	(19)2	0.00	0	

(10)(1000)	1.00	(19)1	(8)113	(77)1	0.00	0	

(12)(357)	1.00	(52)6	(40)1	5.00	0	
max retalho: 5

(0)(1100)	1.00	(40)16	460.00	0	
max retalho: 5

(0)(1100)	1.00	(73)3	(61)1	(63)2	(52)4	(29)6	(30)4	(19)2	(77)2	0.00	0	
max retalho: 5

(0)(1000)	1.00	(52)2	(29)3	(77)3	0	578	
Sobra Total: 578.00
Perda Total: 720.00

Total Barras Cortadas:
Barra (1000) : 22
Barra (1100) : 91
Barra (128) : 5
Barra (357) : 4
Barra (115) : 9

Retalhos Gerados:
Retalho (578) : 1
