
1 Soluções

Saida Arquivo/Entrada/D1d15.txt

Minimizar a Perda Total
max retalho: 5

(0)(1000)	27.00	(20)1	(22)2	(78)12	0.00	0	

(1)(1000)	18.00	(64)4	(31)24	0.00	0	

(2)(1000)	15.00	(75)12	(22)1	(78)1	0.00	0	

(3)(1000)	9.00	(64)15	(20)2	0.00	0	

(4)(1000)	8.00	(53)16	(43)2	(22)3	0.00	0	

(5)(1000)	5.00	(54)1	(43)22	0.00	0	

(6)(1000)	5.00	(22)45	(10)1	0.00	0	

(7)(1000)	4.00	(54)17	(31)2	(20)1	0.00	0	

(8)(1000)	3.00	(10)100	0.00	0	

(9)(358)	2.00	(20)13	(22)4	(10)1	0.00	0	

(10)(358)	1.00	(22)16	6.00	0	
max retalho: 5

(0)(131)	8.00	(31)1	(10)10	0.00	0	

(1)(129)	1.00	(75)1	(22)2	(10)1	0.00	0	

(2)(1000)	1.00	(64)3	(22)19	(78)5	0.00	0	

(3)(1000)	1.00	(53)15	(54)3	(43)1	0.00	0	

(10)(129)	6.00	(43)3	0.00	0	
max retalho: 5

(0)(1000)	1.00	(43)1	(31)14	(20)1	(22)6	(10)13	(78)3	7.00	0	
Sobra Total: 0.00
Perda Total: 13.00

Total Barras Cortadas:
Barra (1000) : 97
Barra (1100) : 0
Barra (129) : 7
Barra (358) : 3
Barra (131) : 8

Retalhos Gerados:

2 Soluções

Saida Arquivo/Entrada/D1d15.txt

Minimizar a Perda Total
max retalho: 5

(0)(1100)	26.00	(22)3	(10)2	(78)13	0.00	0	

(1)(1000)	18.00	(64)4	(31)24	0.00	0	

(2)(1100)	12.00	(75)14	(20)1	(10)3	0.00	0	

(3)(1100)	9.00	(64)15	(20)2	(22)1	(78)1	0.00	0	

(4)(1100)	7.00	(53)20	(20)1	(10)2	0.00	0	

(5)(1100)	6.00	(43)22	(31)4	(10)3	0.00	0	

(6)(1100)	5.00	(22)49	22.00	0	

(7)(1100)	3.00	(54)20	(10)2	0.00	0	

(8)(1100)	2.00	(22)5	(10)99	0.00	0	

(10)(358)	3.00	(20)12	(22)4	(10)3	0.00	0	
max retalho: 5

(0)(129)	3.00	(75)1	(10)5	4.00	0	

(1)(131)	4.00	(75)1	(10)1	(45)1	1.00	45	

(2)(129)	3.00	(75)1	(45)1	9.00	45	

(3)(129)	1.00	(53)2	(10)2	3.00	0	

(4)(131)	1.00	(31)4	7.00	0	

(5)(1100)	1.00	(75)3	(54)16	(10)1	1.00	0	

(6)(1100)	1.00	(64)3	(43)9	(20)3	(22)15	(10)13	1.00	0	
max retalho: 5

(0)(131)	1.00	(10)13	1.00	0	

(1)(131)	1.00	(43)3	2.00	0	
max retalho: 5

(0)(1000)	1.00	(53)1	(43)2	(31)2	(10)20	0	599	
Sobra Total: 914.00
Perda Total: 168.00

Total Barras Cortadas:
Barra (1000) : 19
Barra (1100) : 72
Barra (129) : 7
Barra (358) : 3
Barra (131) : 7

Retalhos Gerados:
Retalho (45) : 4
Retalho (45) : 3
Retalho (599) : 1

3 Soluções

Saida Arquivo/Entrada/D1d15.txt

Minimizar a Perda Total
max retalho: 5

(0)(1100)	26.00	(22)3	(10)2	(78)13	0.00	0	

(1)(1000)	18.00	(64)4	(31)24	0.00	0	

(2)(1100)	12.00	(75)14	(10)5	0.00	0	

(3)(1100)	9.00	(64)15	(20)1	(22)1	(10)2	(78)1	0.00	0	

(4)(1000)	8.00	(53)16	(43)2	(22)3	0.00	0	

(5)(1100)	5.00	(43)22	(31)4	(10)3	0.00	0	

(6)(1100)	3.00	(54)20	(10)2	0.00	0	

(7)(1100)	3.00	(22)49	22.00	0	

(8)(1100)	2.00	(22)10	(10)88	0.00	0	

(9)(1100)	1.00	(20)53	(10)4	0.00	0	

(10)(358)	3.00	(22)16	6.00	0	
max retalho: 5

(0)(129)	7.00	(53)1	(22)3	(10)1	0.00	0	

(1)(131)	4.00	(54)2	(22)1	1.00	0	

(2)(131)	4.00	(43)3	2.00	0	

(3)(1000)	1.00	(75)11	(43)4	3.00	0	

(4)(1100)	1.00	(64)3	(53)1	(43)1	(31)10	(20)14	(22)1	(10)20	0.00	0	

(6)(129)	1.00	(54)2	21.00	0	
max retalho: 5

(0)(1100)	1.00	(53)7	(43)3	(22)14	(10)29	2.00	0	
max retalho: 5

(0)(1000)	1.00	(75)2	(54)6	(22)3	(10)14	0	320	
Sobra Total: 320.00
Perda Total: 122.00

Total Barras Cortadas:
Barra (1000) : 28
Barra (1100) : 63
Barra (129) : 8
Barra (358) : 3
Barra (131) : 8

Retalhos Gerados:
Retalho (320) : 1

10 Soluções

Saida Arquivo/Entrada/D1d15.txt

Minimizar a Perda Total
max retalho: 5

(0)(1100)	24.00	(22)3	(10)2	(78)13	0.00	0	

(1)(1100)	16.00	(75)11	(53)5	(10)1	0.00	0	

(2)(1100)	14.00	(64)15	(22)1	(10)4	(78)1	0.00	0	

(3)(1100)	13.00	(31)32	(10)3	(78)1	0.00	0	

(4)(1000)	6.00	(22)45	(10)1	0.00	0	

(5)(1100)	5.00	(43)22	(31)4	(10)3	0.00	0	

(6)(1100)	4.00	(54)16	(31)6	(20)2	(10)1	0.00	0	

(7)(1000)	4.00	(53)14	(43)6	0.00	0	

(8)(1100)	1.00	(20)46	(10)18	0.00	0	

(10)(358)	3.00	(10)35	8.00	0	
max retalho: 5

(0)(131)	5.00	(10)13	1.00	0	

(1)(129)	4.00	(54)2	(10)2	1.00	0	

(2)(129)	4.00	(10)5	(78)1	1.00	0	

(4)(1100)	1.00	(75)4	(53)7	(43)1	(20)5	(22)13	0.00	0	

(9)(131)	1.00	(43)3	2.00	0	
max retalho: 5

(0)(1100)	1.00	(75)1	(54)4	(43)7	(31)2	(20)14	(10)1	(78)2	0.00	0	

(1)(131)	1.00	(43)1	(78)1	10.00	0	
max retalho: 5

(0)(1000)	1.00	(78)1	(45)10	(254)1	218.00	704	

(3)(131)	1.00	(20)3	0	71	
Sobra Total: 775.00
Perda Total: 267.00

Total Barras Cortadas:
Barra (1000) : 11
Barra (1100) : 79
Barra (129) : 8
Barra (358) : 3
Barra (131) : 8

Retalhos Gerados:
Retalho (45) : 10
Retalho (254) : 1
Retalho (71) : 1
