
1 Soluções

Saida Arquivo/Entrada/D1d13.txt

Minimizar a Perda Total
max retalho: 5

(0)(1000)	27.00	(63)15	(19)1	(9)4	0.00	0	

(1)(1000)	23.00	(74)13	(19)2	0.00	0	

(2)(1000)	21.00	(53)18	(19)1	(9)3	0.00	0	

(3)(117)	8.00	(42)2	(9)3	6.00	0	

(4)(1000)	7.00	(31)1	(19)51	0.00	0	

(5)(1000)	5.00	(21)45	(9)6	1.00	0	

(6)(344)	4.00	(52)5	(42)2	0.00	0	

(7)(1100)	3.00	(52)5	(42)20	0.00	0	

(8)(1000)	3.00	(31)1	(21)1	(79)12	0.00	0	

(9)(1000)	1.00	(31)31	(21)1	(9)2	0.00	0	

(10)(129)	9.00	(42)2	(9)5	0.00	0	

(11)(1000)	1.00	(52)16	(42)4	0.00	0	

(12)(117)	1.00	(9)13	0.00	0	
max retalho: 5

(0)(1100)	1.00	(74)12	212.00	0	

(1)(1100)	1.00	(21)33	407.00	0	

(5)(1000)	1.00	(52)7	(53)2	(31)12	(79)2	0.00	0	
max retalho: 5

(0)(1000)	1.00	(42)11	(31)2	(19)25	1.00	0	
max retalho: 5

(0)(1000)	1.00	(19)2	0	962	
Sobra Total: 962.00
Perda Total: 673.00

Total Barras Cortadas:
Barra (1000) : 91
Barra (1100) : 5
Barra (129) : 9
Barra (344) : 4
Barra (117) : 9

Retalhos Gerados:
Retalho (962) : 1

2 Soluções

Saida Arquivo/Entrada/D1d13.txt

Minimizar a Perda Total
max retalho: 5

(0)(1100)	25.00	(74)12	(53)4	0.00	0	

(1)(1100)	25.00	(63)16	(31)1	(19)1	(21)2	0.00	0	

(2)(1100)	14.00	(53)20	(31)1	(9)1	0.00	0	

(3)(1000)	8.00	(31)1	(19)51	0.00	0	

(4)(1100)	5.00	(52)5	(42)19	(21)2	0.00	0	

(5)(1100)	4.00	(21)48	(9)10	2.00	0	

(6)(1100)	2.00	(42)1	(31)1	(79)13	0.00	0	

(7)(1000)	2.00	(52)16	(42)4	0.00	0	

(10)(344)	4.00	(9)38	2.00	0	
max retalho: 5

(0)(117)	9.00	(42)1	(19)3	(9)2	0.00	0	

(1)(129)	1.00	(31)4	5.00	0	

(2)(1000)	1.00	(74)8	(19)9	(79)3	0.00	0	

(8)(129)	1.00	(21)6	3.00	0	
max retalho: 5

(0)(129)	1.00	(52)1	(19)4	1.00	0	

(1)(1100)	1.00	(63)4	(79)9	(44)2	49.00	88	

(5)(129)	1.00	(63)1	(19)3	(9)1	0.00	0	
max retalho: 5

(0)(1100)	1.00	(74)3	(42)3	(31)2	(19)2	(21)4	(9)60	28.00	0	
Sobra Total: 88.00
Perda Total: 102.00

Total Barras Cortadas:
Barra (1000) : 11
Barra (1100) : 77
Barra (129) : 4
Barra (344) : 4
Barra (117) : 9

Retalhos Gerados:
Retalho (44) : 2

3 Soluções

Saida Arquivo/Entrada/D1d13.txt

Minimizar a Perda Total
max retalho: 5

(0)(1100)	25.00	(74)12	(53)4	0.00	0	

(1)(1100)	25.00	(63)16	(31)1	(19)1	(21)2	0.00	0	

(2)(1100)	14.00	(53)20	(31)1	(9)1	0.00	0	

(3)(1000)	8.00	(31)1	(19)51	0.00	0	

(4)(1100)	6.00	(52)5	(42)18	(21)4	0.00	0	

(5)(1000)	4.00	(21)39	(9)20	1.00	0	

(6)(117)	5.00	(31)1	(19)2	(21)1	(9)3	0.00	0	

(7)(1100)	2.00	(31)1	(21)2	(79)13	0.00	0	

(8)(1000)	1.00	(52)16	(42)3	(21)2	0.00	0	

(10)(344)	4.00	(9)38	2.00	0	
max retalho: 5

(0)(129)	4.00	(74)1	(44)1	11.00	44	

(1)(1100)	1.00	(74)5	(79)9	19.00	0	

(2)(1100)	1.00	(63)5	(52)2	(31)1	(19)11	(21)21	0.00	0	

(6)(1000)	1.00	(74)1	(52)9	(19)24	2.00	0	
max retalho: 5

(0)(129)	3.00	(79)1	(44)1	6.00	44	

(1)(129)	1.00	(42)3	3.00	0	

(2)(117)	1.00	(9)13	0.00	0	

(3)(117)	1.00	(52)1	(9)7	2.00	0	

(4)(117)	1.00	(74)1	(42)1	1.00	0	
max retalho: 5

(0)(117)	1.00	(42)2	(9)3	6.00	0	
max retalho: 5

(0)(129)	1.00	(9)1	0	120	
Sobra Total: 428.00
Perda Total: 107.00

Total Barras Cortadas:
Barra (1000) : 14
Barra (1100) : 74
Barra (129) : 9
Barra (344) : 4
Barra (117) : 9

Retalhos Gerados:
Retalho (44) : 4
Retalho (44) : 3
Retalho (120) : 1

10 Soluções

Saida Arquivo/Entrada/D1d13.txt

Minimizar a Perda Total
max retalho: 5

(0)(1100)	25.00	(74)12	(53)4	0.00	0	

(1)(1100)	21.00	(63)16	(31)1	(19)1	(21)2	0.00	0	

(2)(1100)	17.00	(63)4	(53)16	0.00	0	

(3)(1100)	10.00	(52)5	(42)11	(21)18	0.00	0	

(4)(1100)	6.00	(19)56	(9)4	0.00	0	

(5)(117)	4.00	(21)3	(9)6	0.00	0	

(6)(117)	5.00	(9)13	0.00	0	

(7)(344)	4.00	(31)5	(19)9	(9)2	0.00	0	

(8)(1100)	2.00	(31)1	(21)2	(79)13	0.00	0	

(9)(1000)	1.00	(42)1	(31)7	(19)39	0.00	0	

(10)(129)	9.00	(21)1	(9)12	0.00	0	
max retalho: 5

(0)(1100)	1.00	(52)8	(53)8	(21)11	(9)3	2.00	0	

(1)(1100)	1.00	(74)3	(63)1	(42)6	(31)5	(19)9	(79)3	0.00	0	
max retalho: 5

(0)(1000)	1.00	(74)4	(19)16	(21)4	(79)4	0.00	0	

(1)(1100)	1.00	(19)12	(9)53	(79)5	0.00	0	
max retalho: 5

(0)(1000)	1.00	(74)4	(19)9	0	533	
Sobra Total: 533.00
Perda Total: 2.00

Total Barras Cortadas:
Barra (1000) : 3
Barra (1100) : 84
Barra (129) : 9
Barra (344) : 4
Barra (117) : 9

Retalhos Gerados:
Retalho (533) : 1
