
1 Soluções

Saida Arquivo/Entrada/D1d2.txt

Minimizar a Perda Total
max retalho: 5

(0)(1100)	32.00	(78)9	(55)7	(13)1	0.00	0	

(1)(1100)	29.00	(23)1	(24)1	(13)1	(80)13	0.00	0	

(2)(1100)	18.00	(57)16	(34)4	(13)4	0.00	0	

(3)(1000)	14.00	(45)12	(23)20	0.00	0	

(4)(1100)	11.00	(78)2	(34)27	(13)2	0.00	0	

(5)(361)	7.00	(67)5	(13)2	0.00	0	

(6)(1000)	5.00	(67)14	(23)1	(13)3	0.00	0	

(7)(1100)	5.00	(55)20	0.00	0	

(8)(1000)	3.00	(55)4	(13)60	0.00	0	

(9)(1100)	2.00	(45)1	(23)1	(24)43	0.00	0	

(10)(1000)	2.00	(78)12	(34)1	(23)1	7.00	0	

(11)(133)	2.00	(55)1	(13)6	0.00	0	

(12)(135)	2.00	(45)3	0.00	0	
max retalho: 5

(1)(1100)	1.00	(78)4	(34)9	(24)20	2.00	0	

(3)(1100)	1.00	(78)2	(23)39	(47)1	0.00	47	
max retalho: 5

(2)(1100)	1.00	(34)12	692.00	0	
max retalho: 5

(0)(1000)	1.00	(78)3	(67)3	(55)3	(57)1	(45)4	(80)2	3.00	0	
max retalho: 5

(0)(1000)	1.00	(45)1	(80)3	0	715	
Sobra Total: 762.00
Perda Total: 711.00

Total Barras Cortadas:
Barra (1000) : 26
Barra (1100) : 100
Barra (133) : 2
Barra (361) : 7
Barra (135) : 2

Retalhos Gerados:
Retalho (47) : 1
Retalho (715) : 1

2 Soluções

Saida Arquivo/Entrada/D1d2.txt

Minimizar a Perda Total
max retalho: 5

(0)(1100)	33.00	(78)8	(55)7	(13)7	0.00	0	

(1)(1100)	29.00	(23)1	(24)1	(13)1	(80)13	0.00	0	

(2)(1100)	18.00	(57)16	(34)4	(13)4	0.00	0	

(3)(1100)	11.00	(78)2	(34)27	(13)2	0.00	0	

(4)(1000)	8.00	(55)1	(45)21	0.00	0	

(5)(1100)	7.00	(67)15	(23)3	(13)2	0.00	0	

(6)(1000)	6.00	(55)17	(34)1	(24)1	7.00	0	

(7)(361)	4.00	(24)15	1.00	0	

(8)(1000)	4.00	(78)12	(24)2	16.00	0	

(9)(361)	2.00	(78)4	(24)2	1.00	0	

(10)(1000)	7.00	(23)42	(24)1	10.00	0	

(11)(133)	2.00	(24)5	13.00	0	

(12)(135)	1.00	(24)5	15.00	0	

(13)(135)	1.00	(78)1	(24)1	(13)2	7.00	0	
max retalho: 5

(2)(1100)	1.00	(34)17	522.00	0	

(3)(1100)	1.00	(80)5	700.00	0	
max retalho: 5

(0)(1000)	1.00	(67)3	(57)1	(45)8	(23)8	(24)5	(13)6	0.00	0	
max retalho: 5

(0)(361)	1.00	(45)5	(23)5	21.00	0	
Sobra Total: 0.00
Perda Total: 1473.00

Total Barras Cortadas:
Barra (1000) : 26
Barra (1100) : 100
Barra (133) : 2
Barra (361) : 7
Barra (135) : 2

Retalhos Gerados:

3 Soluções

Saida Arquivo/Entrada/D1d2.txt

Minimizar a Perda Total
max retalho: 5

(0)(1000)	29.00	(78)5	(55)11	5.00	0	

(1)(1100)	29.00	(23)1	(24)1	(13)1	(80)13	0.00	0	

(2)(1100)	18.00	(57)16	(34)4	(13)4	0.00	0	

(3)(1000)	14.00	(78)1	(34)21	(13)16	0.00	0	

(4)(1100)	10.00	(45)17	(23)14	(13)1	0.00	0	

(5)(361)	6.00	(67)4	(34)1	(47)1	12.00	47	

(6)(1000)	6.00	(67)13	(45)1	(23)1	(24)2	(13)1	0.00	0	

(7)(1100)	4.00	(23)45	(13)5	0.00	0	

(8)(1000)	2.00	(24)40	(13)3	1.00	0	

(9)(1000)	15.00	(78)12	(55)1	9.00	0	

(10)(135)	2.00	(67)1	(34)2	0.00	0	

(11)(133)	2.00	(67)1	(34)1	32.00	0	

(12)(361)	1.00	(55)2	(34)7	(13)1	0.00	0	
max retalho: 5

(0)(1100)	1.00	(80)5	700.00	0	

(1)(1100)	1.00	(67)2	(55)4	(57)1	(45)4	(34)7	(23)2	(24)5	(13)8	1.00	0	

(5)(1100)	1.00	(78)4	788.00	0	
max retalho: 5

(0)(1000)	1.00	(55)1	(45)1	(24)9	0	684	
Sobra Total: 966.00
Perda Total: 1907.00

Total Barras Cortadas:
Barra (1000) : 67
Barra (1100) : 64
Barra (133) : 2
Barra (361) : 7
Barra (135) : 2

Retalhos Gerados:
Retalho (47) : 6
Retalho (684) : 1

6 Soluções

Saida Arquivo/Entrada/D1d2.txt

Minimizar a Perda Total
max retalho: 5

(0)(1100)	29.00	(23)1	(24)1	(13)1	(80)13	0.00	0	

(1)(1100)	14.00	(57)19	17.00	0	

(2)(1100)	12.00	(34)32	12.00	0	

(3)(1000)	10.00	(45)15	(23)13	(13)2	0.00	0	

(4)(1100)	9.00	(55)18	(57)1	(47)1	6.00	47	

(5)(1000)	8.00	(67)13	(45)2	(13)3	0.00	0	

(6)(361)	7.00	(78)1	(55)5	8.00	0	

(7)(1100)	5.00	(55)20	0.00	0	

(8)(1000)	4.00	(34)1	(23)42	0.00	0	

(9)(1100)	3.00	(13)83	21.00	0	

(10)(1100)	25.00	(78)13	(55)1	31.00	0	

(11)(1000)	3.00	(45)1	(23)5	(24)35	0.00	0	

(12)(135)	2.00	(78)1	(57)1	0.00	0	
max retalho: 5

(0)(133)	2.00	(13)10	3.00	0	

(1)(1100)	1.00	(55)19	55.00	0	

(2)(1000)	1.00	(78)2	(57)4	(45)12	(24)1	(13)4	0.00	0	

(7)(1000)	1.00	(67)4	(23)13	(13)2	(80)5	7.00	0	
max retalho: 5

(0)(1100)	1.00	(78)7	(13)28	(47)2	96.00	94	

(1)(1000)	1.00	(57)8	(34)4	(23)2	0	362	
Sobra Total: 879.00
Perda Total: 1494.00

Total Barras Cortadas:
Barra (1000) : 28
Barra (1100) : 99
Barra (133) : 2
Barra (361) : 7
Barra (135) : 2

Retalhos Gerados:
Retalho (47) : 9
Retalho (47) : 2
Retalho (362) : 1

8 Soluções

Saida Arquivo/Entrada/D1d2.txt

Minimizar a Perda Total
max retalho: 5

(0)(1100)	29.00	(23)1	(24)1	(13)1	(80)13	0.00	0	

(1)(1100)	18.00	(57)16	(34)4	(13)4	0.00	0	

(2)(1000)	16.00	(55)18	10.00	0	

(3)(1100)	12.00	(78)2	(55)1	(34)25	(13)3	0.00	0	

(4)(1000)	9.00	(45)18	(23)6	(13)4	0.00	0	

(5)(1000)	9.00	(67)12	(45)1	(23)6	(13)1	0.00	0	

(6)(361)	6.00	(13)27	10.00	0	

(7)(1000)	5.00	(23)42	(13)2	8.00	0	

(8)(1000)	26.00	(78)12	(55)1	9.00	0	

(9)(1100)	2.00	(34)2	(24)43	0.00	0	
max retalho: 5

(0)(135)	2.00	(23)4	(24)1	(13)1	6.00	0	

(1)(133)	1.00	(23)1	(80)1	30.00	0	

(2)(1100)	1.00	(78)7	(55)9	(45)1	14.00	0	

(6)(133)	1.00	(45)2	(13)3	4.00	0	

(9)(361)	1.00	(24)14	(13)1	12.00	0	
max retalho: 5

(0)(1100)	1.00	(34)16	556.00	0	

(1)(1100)	1.00	(55)3	(57)1	(45)6	(23)1	(24)4	(13)13	(80)4	0.00	0	
max retalho: 5

(0)(1000)	1.00	(55)3	(45)1	(13)3	0	751	
Sobra Total: 751.00
Perda Total: 1122.00

Total Barras Cortadas:
Barra (1000) : 66
Barra (1100) : 64
Barra (133) : 2
Barra (361) : 7
Barra (135) : 2

Retalhos Gerados:
Retalho (751) : 1

10 Soluções

Saida Arquivo/Entrada/D1d2.txt

Minimizar a Perda Total
max retalho: 5

(0)(1100)	33.00	(78)9	(55)7	(13)1	0.00	0	

(1)(1100)	29.00	(23)1	(24)1	(13)1	(80)13	0.00	0	

(2)(1000)	22.00	(57)8	(34)16	0.00	0	

(3)(1000)	10.00	(45)15	(23)13	(13)2	0.00	0	

(4)(1000)	9.00	(67)11	(45)3	(23)5	(13)1	0.00	0	

(5)(361)	7.00	(57)3	(34)3	(23)1	(13)5	0.00	0	

(6)(1000)	5.00	(57)7	(23)25	(13)2	0.00	0	

(7)(1000)	5.00	(55)15	(57)3	4.00	0	

(8)(1100)	3.00	(55)7	(13)55	0.00	0	

(9)(1000)	3.00	(78)11	(47)3	1.00	141	

(10)(1100)	2.00	(34)2	(24)43	0.00	0	

(11)(135)	2.00	(78)1	(57)1	0.00	0	

(12)(1100)	2.00	(57)15	(34)3	(13)11	0.00	0	

(13)(133)	2.00	(34)2	(13)5	0.00	0	
max retalho: 4

(0)(1100)	1.00	(78)11	242.00	0	

(1)(1100)	1.00	(67)9	497.00	0	

(2)(1100)	1.00	(55)14	330.00	0	

(3)(1100)	1.00	(57)10	530.00	0	

(7)(1100)	1.00	(45)4	(34)5	(23)12	(24)2	(13)2	(80)5	0.00	0	
max retalho: 4

(0)(1100)	1.00	(23)9	(24)15	(13)41	0.00	0	
max retalho: 4

(0)(1000)	1.00	(24)3	0	928	
Sobra Total: 1351.00
Perda Total: 1622.00

Total Barras Cortadas:
Barra (1000) : 55
Barra (1100) : 75
Barra (133) : 2
Barra (361) : 7
Barra (135) : 2

Retalhos Gerados:
Retalho (47) : 9
Retalho (928) : 1
