
1 Soluções

Saida Arquivo/Entrada/D1d1.txt

Minimizar a Perda Total
max retalho: 5

(0)(1000)	18.00	(49)1	(37)25	(26)1	0.00	0	

(1)(1100)	12.00	(81)6	(70)8	(27)2	0.00	0	

(2)(1000)	11.00	(81)1	(70)1	(58)14	(37)1	0.00	0	

(3)(1100)	10.00	(70)15	(42)1	8.00	42	

(4)(1000)	9.00	(60)15	(26)2	(16)3	0.00	0	

(5)(1000)	8.00	(26)4	(16)56	0.00	0	

(6)(1100)	7.00	(26)42	8.00	0	

(7)(1000)	7.00	(60)2	(27)32	(16)1	0.00	0	

(8)(1000)	3.00	(49)16	(27)8	0.00	0	

(9)(1000)	1.00	(70)13	(37)2	(16)1	0.00	0	

(10)(1000)	1.00	(70)3	(58)10	(5)42	0.00	0	

(11)(492)	4.00	(70)7	2.00	0	
max retalho: 5

(0)(1100)	1.00	(60)1	(49)10	(27)4	(26)17	0.00	0	
max retalho: 5

(0)(1000)	1.00	(70)3	(60)2	(58)8	(49)2	(26)3	(16)1	14.00	0	
max retalho: 5

(0)(277)	2.00	(60)4	37.00	0	
Sobra Total: 420.00
Perda Total: 232.00

Total Barras Cortadas:
Barra (1000) : 59
Barra (1100) : 30
Barra (47) : 0
Barra (277) : 2
Barra (492) : 4

Retalhos Gerados:
Retalho (42) : 10

2 Soluções

Saida Arquivo/Entrada/D1d1.txt

Minimizar a Perda Total
max retalho: 5

(0)(1000)	15.00	(70)13	(37)1	(27)1	(26)1	0.00	0	

(1)(1100)	15.00	(37)28	(16)4	0.00	0	

(2)(1000)	12.00	(60)11	(27)12	(16)1	0.00	0	

(3)(1100)	11.00	(81)7	(70)7	(27)1	(16)1	0.00	0	

(4)(1100)	10.00	(70)2	(58)15	(37)2	(16)1	0.00	0	

(5)(1100)	8.00	(26)14	(16)46	0.00	0	

(6)(277)	4.00	(27)5	(26)3	(16)4	0.00	0	

(7)(1100)	4.00	(26)42	8.00	0	

(8)(1100)	4.00	(60)4	(49)17	(27)1	0.00	0	

(9)(277)	5.00	(26)10	(16)1	1.00	0	

(10)(47)	5.00	(27)1	20.00	0	

(11)(492)	4.00	(60)1	(27)16	0.00	0	

(12)(1100)	1.00	(81)1	(70)1	(58)12	(27)1	(16)1	(5)42	0.00	0	
max retalho: 5

(0)(1100)	1.00	(70)11	330.00	0	

(1)(1100)	1.00	(26)25	450.00	0	

(2)(1100)	1.00	(58)10	520.00	0	

(3)(1100)	1.00	(60)6	(49)3	(37)8	(27)11	0.00	0	
max retalho: 5

(0)(1000)	1.00	(81)5	(60)2	(49)7	(27)1	(16)1	0	89	
Sobra Total: 89.00
Perda Total: 1437.00

Total Barras Cortadas:
Barra (1000) : 28
Barra (1100) : 57
Barra (47) : 5
Barra (277) : 9
Barra (492) : 4

Retalhos Gerados:
Retalho (89) : 1

3 Soluções

Saida Arquivo/Entrada/D1d1.txt

Minimizar a Perda Total
max retalho: 5

(0)(1000)	19.00	(49)4	(37)21	(27)1	0.00	0	

(1)(1000)	16.00	(70)6	(58)10	0.00	0	

(2)(1000)	14.00	(60)11	(27)12	(16)1	0.00	0	

(3)(1100)	12.00	(26)22	(16)33	0.00	0	

(4)(1100)	11.00	(81)7	(70)7	(27)1	(16)1	0.00	0	

(5)(1000)	10.00	(70)13	(37)1	(27)1	(26)1	0.00	0	

(6)(277)	5.00	(26)10	(16)1	1.00	0	

(7)(1000)	2.00	(60)3	(27)28	(16)4	0.00	0	

(8)(1100)	1.00	(37)28	(16)4	0.00	0	

(9)(1100)	1.00	(81)1	(70)1	(58)12	(27)1	(16)1	(5)42	0.00	0	

(10)(492)	4.00	(26)14	(16)8	0.00	0	
max retalho: 5

(0)(1100)	1.00	(81)5	(49)2	(37)1	(27)11	(26)2	(16)13	3.00	0	

(6)(47)	5.00	(37)1	10.00	0	
max retalho: 5

(0)(1000)	1.00	(37)20	0	260	
Sobra Total: 260.00
Perda Total: 58.00

Total Barras Cortadas:
Barra (1000) : 62
Barra (1100) : 26
Barra (47) : 5
Barra (277) : 5
Barra (492) : 4

Retalhos Gerados:
Retalho (260) : 1

6 Soluções

Saida Arquivo/Entrada/D1d1.txt

Minimizar a Perda Total
max retalho: 5

(0)(1100)	16.00	(37)28	(16)4	0.00	0	

(1)(1000)	16.00	(70)6	(58)10	0.00	0	

(2)(1100)	11.00	(81)7	(70)7	(27)1	(16)1	0.00	0	

(3)(1000)	10.00	(70)13	(37)1	(27)1	(26)1	0.00	0	

(4)(1000)	8.00	(60)3	(27)28	(16)4	0.00	0	

(5)(1000)	8.00	(26)36	(16)4	0.00	0	

(6)(1100)	7.00	(60)17	(16)5	0.00	0	

(7)(1100)	6.00	(26)14	(16)46	0.00	0	

(8)(1100)	4.00	(60)4	(49)17	(27)1	0.00	0	

(9)(1100)	1.00	(81)1	(70)1	(58)12	(27)1	(16)1	(5)42	0.00	0	
max retalho: 5

(0)(277)	2.00	(27)10	7.00	0	

(2)(492)	1.00	(60)1	(16)27	0.00	0	

(5)(277)	1.00	(37)3	(27)6	4.00	0	
max retalho: 5

(0)(1100)	1.00	(81)5	(49)10	(37)2	(16)6	35.00	0	
Sobra Total: 0.00
Perda Total: 53.00

Total Barras Cortadas:
Barra (1000) : 42
Barra (1100) : 46
Barra (47) : 0
Barra (277) : 3
Barra (492) : 1

Retalhos Gerados:

8 Soluções

Saida Arquivo/Entrada/D1d1.txt

Minimizar a Perda Total
max retalho: 5

(0)(1000)	15.00	(70)13	(37)1	(27)1	(26)1	0.00	0	

(1)(1100)	15.00	(37)28	(16)4	0.00	0	

(2)(1100)	11.00	(81)7	(70)7	(27)1	(16)1	0.00	0	

(3)(1100)	10.00	(70)2	(58)15	(37)2	(16)1	0.00	0	

(4)(1000)	7.00	(60)2	(27)32	(16)1	0.00	0	

(5)(1100)	7.00	(60)17	(16)5	0.00	0	

(6)(1000)	7.00	(26)36	(16)4	0.00	0	

(7)(1100)	7.00	(26)14	(16)46	0.00	0	

(8)(1100)	4.00	(60)4	(49)17	(27)1	0.00	0	

(9)(1100)	1.00	(81)1	(70)1	(58)12	(27)1	(16)1	(5)42	0.00	0	
max retalho: 5

(0)(277)	1.00	(27)1	(26)9	16.00	0	

(1)(277)	2.00	(70)2	(60)2	17.00	0	

(2)(1100)	1.00	(81)5	(60)1	(58)2	(49)4	(37)8	(27)1	0.00	0	

(3)(1100)	1.00	(70)5	(60)5	(58)5	(16)10	0.00	0	

(5)(492)	1.00	(60)1	(27)16	0.00	0	
max retalho: 5

(0)(492)	1.00	(58)2	(49)3	(26)8	21.00	0	
max retalho: 5

(0)(277)	1.00	(70)2	(58)1	(49)1	(27)1	3.00	0	
max retalho: 5

(0)(277)	1.00	(49)2	(27)2	0	125	
Sobra Total: 125.00
Perda Total: 74.00

Total Barras Cortadas:
Barra (1000) : 29
Barra (1100) : 57
Barra (47) : 0
Barra (277) : 5
Barra (492) : 2

Retalhos Gerados:
Retalho (125) : 1

10 Soluções

Saida Arquivo/Entrada/D1d1.txt

Minimizar a Perda Total
max retalho: 5

(0)(1000)	15.00	(70)13	(37)2	(16)1	0.00	0	

(1)(1100)	14.00	(37)28	(16)4	0.00	0	

(2)(1100)	11.00	(81)7	(70)7	(27)1	(16)1	0.00	0	

(3)(1100)	10.00	(70)2	(58)15	(37)2	(16)1	0.00	0	

(4)(1100)	9.00	(60)17	(16)5	0.00	0	

(5)(1000)	8.00	(26)36	(16)4	0.00	0	

(6)(1100)	7.00	(49)10	(27)22	(16)1	0.00	0	

(7)(1100)	6.00	(26)14	(16)46	0.00	0	

(8)(1100)	3.00	(60)1	(27)36	(26)2	(16)1	0.00	0	

(9)(1100)	1.00	(81)1	(70)1	(58)12	(27)1	(16)1	(5)42	0.00	0	
max retalho: 5

(0)(492)	1.00	(81)5	(70)1	(16)1	1.00	0	

(1)(492)	1.00	(70)5	(37)1	(26)4	1.00	0	

(2)(1100)	1.00	(70)1	(58)10	(37)12	6.00	0	

(3)(1100)	1.00	(60)4	(49)8	(16)3	(42)10	0.00	420	
max retalho: 4

(0)(492)	1.00	(70)4	(37)2	(27)2	(16)5	4.00	0	
max retalho: 4

(0)(277)	1.00	(37)6	(16)2	23.00	0	

(2)(47)	5.00	(16)2	15.00	0	
max retalho: 4

(0)(277)	1.00	(16)7	0	165	
Sobra Total: 585.00
Perda Total: 110.00

Total Barras Cortadas:
Barra (1000) : 23
Barra (1100) : 63
Barra (47) : 5
Barra (277) : 2
Barra (492) : 3

Retalhos Gerados:
Retalho (42) : 10
Retalho (165) : 1
