
1 Soluções

Saida Arquivo/Entrada/D1d11.txt

Minimizar a Perda Total
max retalho: 5

(0)(1000)	22.00	(81)10	(37)3	(25)1	(27)2	0.00	0	

(1)(1000)	21.00	(81)1	(58)14	(48)1	(27)1	(16)2	0.00	0	

(2)(1000)	19.00	(81)8	(48)7	(16)1	0.00	0	

(3)(1100)	9.00	(69)2	(74)13	0.00	0	

(4)(1100)	6.00	(27)40	20.00	0	

(5)(1100)	6.00	(60)18	20.00	0	

(6)(1100)	5.00	(25)44	0.00	0	

(7)(354)	4.00	(81)2	(48)4	0.00	0	

(8)(1100)	11.00	(69)15	(48)1	(16)1	1.00	0	

(9)(116)	3.00	(16)7	4.00	0	

(10)(128)	1.00	(37)2	(27)2	0.00	0	
max retalho: 5

(0)(128)	1.00	(25)5	3.00	0	

(1)(1100)	1.00	(27)32	236.00	0	

(4)(128)	1.00	(48)1	(16)5	0.00	0	

(5)(1100)	1.00	(69)9	479.00	0	
max retalho: 5

(0)(116)	1.00	(60)1	(48)1	8.00	0	

(1)(1000)	1.00	(81)3	(58)4	(60)2	(48)3	(37)1	(74)3	2.00	0	
max retalho: 5

(0)(1100)	1.00	(81)1	(60)4	0	779	
Sobra Total: 779.00
Perda Total: 991.00

Total Barras Cortadas:
Barra (1000) : 63
Barra (1100) : 40
Barra (128) : 3
Barra (354) : 4
Barra (116) : 4

Retalhos Gerados:
Retalho (779) : 1

2 Soluções

Saida Arquivo/Entrada/D1d11.txt

Minimizar a Perda Total
max retalho: 5

(0)(1000)	29.00	(81)4	(58)10	(48)2	0.00	0	

(1)(1000)	14.00	(81)1	(69)12	(48)1	(27)1	(16)1	0.00	0	

(2)(1100)	14.00	(81)12	(48)1	(37)1	(27)1	(16)1	0.00	0	

(3)(1000)	12.00	(81)8	(48)7	(16)1	0.00	0	

(4)(1000)	12.00	(60)5	(25)1	(27)25	0.00	0	

(5)(1100)	9.00	(69)2	(74)13	0.00	0	

(6)(116)	8.00	(60)1	(48)1	8.00	0	

(7)(1100)	5.00	(25)43	25.00	0	

(8)(128)	5.00	(60)2	8.00	0	

(9)(354)	1.00	(60)5	(48)1	6.00	0	

(10)(354)	2.00	(16)21	18.00	0	

(11)(1000)	2.00	(60)14	(25)1	(27)5	0.00	0	

(12)(1100)	1.00	(37)28	(16)4	0.00	0	
max retalho: 5

(0)(1100)	1.00	(81)11	209.00	0	

(1)(1100)	1.00	(37)27	101.00	0	

(2)(1100)	1.00	(58)8	636.00	0	

(3)(1100)	1.00	(69)5	(48)7	(25)9	(16)12	2.00	0	
max retalho: 5

(0)(1000)	1.00	(69)1	(60)4	(25)9	(27)1	(74)3	0	217	
Sobra Total: 217.00
Perda Total: 1219.00

Total Barras Cortadas:
Barra (1000) : 70
Barra (1100) : 33
Barra (128) : 5
Barra (354) : 3
Barra (116) : 8

Retalhos Gerados:
Retalho (217) : 1

3 Soluções

Saida Arquivo/Entrada/D1d11.txt

Minimizar a Perda Total
max retalho: 5

(0)(1000)	28.00	(81)4	(58)10	(48)2	0.00	0	

(1)(1100)	21.00	(81)12	(48)1	(37)1	(27)1	(16)1	0.00	0	

(2)(1100)	12.00	(81)1	(69)13	(58)1	(48)1	(16)1	0.00	0	

(3)(1000)	9.00	(60)11	(27)12	(16)1	0.00	0	

(4)(1100)	9.00	(69)2	(74)13	0.00	0	

(5)(1000)	5.00	(81)3	(48)15	(37)1	0.00	0	

(6)(1000)	5.00	(25)40	0.00	0	

(7)(128)	4.00	(69)1	(58)1	1.00	0	

(8)(1000)	4.00	(60)2	(27)32	(16)1	0.00	0	

(9)(354)	3.00	(25)1	(27)11	(16)2	0.00	0	

(10)(116)	9.00	(48)1	(25)1	(27)1	(16)1	0.00	0	

(11)(1100)	1.00	(37)28	(16)4	0.00	0	

(12)(1100)	1.00	(25)28	(16)25	0.00	0	
max retalho: 5

(0)(1100)	1.00	(81)13	47.00	0	

(1)(1100)	1.00	(69)14	134.00	0	

(2)(1100)	1.00	(27)40	20.00	0	

(3)(1100)	1.00	(58)2	(48)12	(37)11	1.00	0	

(8)(354)	1.00	(16)8	(74)3	4.00	0	
max retalho: 5

(0)(1000)	1.00	(81)1	(60)8	(48)1	(37)4	(25)7	0	68	
Sobra Total: 68.00
Perda Total: 210.00

Total Barras Cortadas:
Barra (1000) : 52
Barra (1100) : 48
Barra (128) : 4
Barra (354) : 4
Barra (116) : 9

Retalhos Gerados:
Retalho (68) : 1

10 Soluções

Saida Arquivo/Entrada/D1d11.txt

Minimizar a Perda Total
max retalho: 5

(0)(1100)	31.00	(81)13	(25)1	(16)1	6.00	0	

(1)(1100)	16.00	(58)18	(25)1	(27)1	4.00	0	

(2)(1000)	13.00	(69)13	(25)3	(27)1	1.00	0	

(3)(1100)	9.00	(69)2	(74)13	0.00	0	

(4)(1100)	8.00	(48)22	(25)1	(16)1	3.00	0	

(5)(1100)	8.00	(25)17	(27)25	0.00	0	

(6)(1000)	7.00	(60)14	(25)1	(27)5	0.00	0	

(7)(1100)	2.00	(37)29	(25)1	2.00	0	

(8)(1100)	2.00	(60)4	(25)2	(27)30	0.00	0	
max retalho: 5

(0)(116)	5.00	(27)3	(16)2	3.00	0	

(1)(128)	2.00	(60)1	(16)4	4.00	0	

(2)(128)	3.00	(69)1	(58)1	1.00	0	

(3)(116)	2.00	(37)3	5.00	0	

(4)(354)	1.00	(60)5	54.00	0	

(7)(116)	1.00	(81)1	(16)2	3.00	0	

(8)(116)	1.00	(25)4	(16)1	0.00	0	

(9)(354)	2.00	(48)5	(16)7	2.00	0	
max retalho: 5

(0)(1100)	1.00	(81)1	(69)2	(58)5	(60)2	(37)5	(16)4	(74)3	0.00	0	
max retalho: 5

(2)(354)	1.00	(58)2	(16)11	62.00	0	
max retalho: 5

(0)(1000)	1.00	(16)9	0	856	
Sobra Total: 856.00
Perda Total: 450.00

Total Barras Cortadas:
Barra (1000) : 21
Barra (1100) : 77
Barra (128) : 5
Barra (354) : 4
Barra (116) : 9

Retalhos Gerados:
Retalho (856) : 1
