
1 Soluções

Saida Arquivo/Entrada/D1d3.txt

Minimizar a Perda Total
max retalho: 5

(0)(1000)	39.00	(75)12	(31)2	(19)2	0.00	0	

(1)(1000)	17.00	(42)23	(21)1	(10)1	3.00	0	

(2)(1000)	15.00	(54)15	(19)10	0.00	0	

(3)(1000)	11.00	(31)30	(10)7	0.00	0	

(4)(127)	9.00	(54)2	(10)1	9.00	0	

(5)(1000)	8.00	(63)14	(31)1	(10)1	(77)1	0.00	0	

(6)(1000)	4.00	(19)4	(77)12	0.00	0	

(7)(130)	4.00	(10)13	0.00	0	

(8)(356)	2.00	(21)16	(10)2	0.00	0	

(9)(1000)	2.00	(31)1	(19)51	0.00	0	

(10)(1000)	2.00	(52)16	(42)4	0.00	0	

(11)(1100)	1.00	(54)20	(10)2	0.00	0	

(12)(356)	2.00	(54)6	(10)3	2.00	0	
max retalho: 5

(0)(130)	1.00	(10)13	0.00	0	

(1)(1100)	1.00	(31)25	325.00	0	

(2)(1000)	1.00	(75)3	(54)5	(42)5	(21)14	1.00	0	

(4)(1100)	1.00	(19)24	644.00	0	
max retalho: 5

(0)(130)	1.00	(54)2	22.00	0	

(1)(1100)	1.00	(21)1	(77)4	(44)10	(253)1	78.00	693	
max retalho: 4

(0)(130)	1.00	(54)1	0	76	
Sobra Total: 769.00
Perda Total: 1206.00

Total Barras Cortadas:
Barra (1000) : 99
Barra (1100) : 4
Barra (127) : 9
Barra (356) : 4
Barra (130) : 7

Retalhos Gerados:
Retalho (44) : 10
Retalho (253) : 1
Retalho (76) : 1

2 Soluções

Saida Arquivo/Entrada/D1d3.txt

Minimizar a Perda Total
max retalho: 5

(0)(1100)	33.00	(75)14	(19)1	(21)1	(10)1	0.00	0	

(1)(1000)	18.00	(54)15	(19)10	0.00	0	

(2)(1100)	14.00	(42)6	(31)26	(21)2	0.00	0	

(3)(130)	9.00	(42)3	4.00	0	

(4)(1100)	8.00	(52)4	(42)21	(10)1	0.00	0	

(5)(1100)	7.00	(63)16	(54)1	(19)2	0.00	0	

(6)(1100)	4.00	(19)1	(77)14	3.00	0	

(7)(356)	4.00	(42)8	(19)1	1.00	0	

(8)(1000)	3.00	(42)15	(10)37	0.00	0	

(9)(127)	3.00	(31)4	3.00	0	

(10)(127)	6.00	(42)3	1.00	0	

(11)(1100)	2.00	(31)2	(19)53	(21)1	(10)1	0.00	0	

(12)(1100)	2.00	(42)7	(31)26	0.00	0	
max retalho: 5

(0)(1100)	1.00	(75)9	425.00	0	

(1)(1100)	1.00	(42)16	428.00	0	

(2)(1100)	1.00	(19)29	549.00	0	

(3)(1000)	1.00	(54)5	(31)11	(21)1	(10)6	(77)4	0.00	0	
max retalho: 5

(0)(1000)	1.00	(54)1	(10)28	0	666	
Sobra Total: 666.00
Perda Total: 1469.00

Total Barras Cortadas:
Barra (1000) : 23
Barra (1100) : 73
Barra (127) : 9
Barra (356) : 4
Barra (130) : 9

Retalhos Gerados:
Retalho (666) : 1

3 Soluções

Saida Arquivo/Entrada/D1d3.txt

Minimizar a Perda Total
max retalho: 5

(0)(1100)	33.00	(75)14	(19)1	(21)1	(10)1	0.00	0	

(1)(1000)	18.00	(54)15	(19)10	0.00	0	

(2)(1100)	10.00	(52)3	(42)22	(10)2	0.00	0	

(3)(130)	9.00	(31)4	6.00	0	

(4)(1100)	8.00	(42)7	(31)26	0.00	0	

(5)(1100)	7.00	(63)16	(54)1	(19)2	0.00	0	

(6)(1100)	5.00	(42)20	(10)26	0.00	0	

(7)(1100)	4.00	(42)5	(31)26	(21)4	0.00	0	

(8)(1100)	4.00	(19)3	(21)2	(77)13	0.00	0	

(9)(356)	4.00	(31)11	15.00	0	

(10)(127)	9.00	(31)4	3.00	0	

(11)(1100)	2.00	(31)6	(19)47	(21)1	0.00	0	
max retalho: 5

(0)(1100)	1.00	(75)7	(19)10	(77)5	0.00	0	

(1)(1100)	1.00	(52)2	(54)6	(42)6	(31)3	(19)5	(21)5	(10)5	(77)1	0.00	0	
max retalho: 5

(0)(1000)	1.00	(75)2	(42)2	(19)22	(77)2	0	194	
Sobra Total: 194.00
Perda Total: 141.00

Total Barras Cortadas:
Barra (1000) : 19
Barra (1100) : 75
Barra (127) : 9
Barra (356) : 4
Barra (130) : 9

Retalhos Gerados:
Retalho (194) : 1

6 Soluções

Saida Arquivo/Entrada/D1d3.txt

Minimizar a Perda Total
max retalho: 5

(0)(1100)	33.00	(75)14	(19)1	(21)1	(10)1	0.00	0	

(1)(1100)	17.00	(54)15	(31)2	(19)12	0.00	0	

(2)(1100)	12.00	(42)7	(31)26	0.00	0	

(3)(127)	9.00	(42)3	1.00	0	

(4)(130)	9.00	(10)13	0.00	0	

(5)(1000)	8.00	(63)13	(54)1	(31)1	(19)1	(77)1	0.00	0	

(6)(1100)	7.00	(42)24	(31)2	(10)3	0.00	0	

(7)(1100)	5.00	(52)5	(42)20	0.00	0	

(8)(1100)	5.00	(54)4	(19)6	(77)10	0.00	0	

(9)(356)	3.00	(52)1	(42)7	(10)1	0.00	0	

(11)(1100)	2.00	(42)2	(31)26	(21)10	0.00	0	

(12)(1100)	1.00	(31)2	(19)53	(21)1	(10)1	0.00	0	
max retalho: 5

(0)(1100)	1.00	(19)42	302.00	0	

(4)(1100)	1.00	(75)1	(63)8	(52)4	(31)4	(21)9	0.00	0	
max retalho: 5

(0)(1100)	1.00	(75)7	(31)9	(21)1	(10)12	(77)2	1.00	0	
max retalho: 5

(0)(356)	1.00	(75)1	(31)8	(10)1	23.00	0	
Sobra Total: 0.00
Perda Total: 335.00

Total Barras Cortadas:
Barra (1000) : 8
Barra (1100) : 85
Barra (127) : 9
Barra (356) : 4
Barra (130) : 9

Retalhos Gerados:

8 Soluções

Saida Arquivo/Entrada/D1d3.txt

Minimizar a Perda Total
max retalho: 5

(0)(1100)	33.00	(75)14	(19)1	(21)1	(10)1	0.00	0	

(1)(1100)	15.00	(54)15	(31)2	(19)12	0.00	0	

(2)(1100)	12.00	(52)1	(42)24	(10)4	0.00	0	

(3)(1100)	9.00	(31)34	(44)1	2.00	44	

(4)(1000)	7.00	(54)5	(19)6	(77)8	0.00	0	

(5)(1100)	6.00	(63)16	(54)1	(19)2	0.00	0	

(6)(1100)	4.00	(52)4	(42)21	(10)1	0.00	0	

(7)(356)	3.00	(19)18	(10)1	4.00	0	

(8)(130)	3.00	(31)4	6.00	0	

(9)(127)	3.00	(19)5	(10)2	12.00	0	

(10)(1100)	2.00	(31)26	(21)14	0.00	0	

(11)(130)	6.00	(10)13	0.00	0	

(12)(127)	1.00	(10)12	7.00	0	
max retalho: 5

(0)(127)	4.00	(19)6	13.00	0	

(1)(1100)	1.00	(31)34	(19)2	8.00	0	

(2)(1000)	1.00	(75)9	(63)4	(42)1	(31)1	0.00	0	

(3)(1100)	1.00	(63)5	(52)4	(54)8	(42)1	(21)3	(10)4	0.00	0	

(5)(1100)	1.00	(63)2	(42)23	8.00	0	

(11)(127)	1.00	(42)3	1.00	0	
max retalho: 5

(0)(1100)	1.00	(63)5	(42)3	(31)7	(19)7	(77)4	1.00	0	

(1)(1100)	1.00	(54)9	614.00	0	
max retalho: 5

(0)(356)	1.00	(42)1	(31)1	(19)1	0	264	
Sobra Total: 660.00
Perda Total: 775.00

Total Barras Cortadas:
Barra (1000) : 8
Barra (1100) : 86
Barra (127) : 9
Barra (356) : 4
Barra (130) : 9

Retalhos Gerados:
Retalho (44) : 9
Retalho (264) : 1

10 Soluções

Saida Arquivo/Entrada/D1d3.txt

Minimizar a Perda Total
max retalho: 5

(0)(1100)	33.00	(75)14	(19)1	(21)1	(10)1	0.00	0	

(1)(1100)	16.00	(54)15	(31)2	(19)12	0.00	0	

(2)(1000)	11.00	(31)30	70.00	0	

(3)(1100)	11.00	(52)1	(42)24	(10)4	0.00	0	

(4)(1100)	8.00	(63)14	(54)1	(10)1	(77)2	0.00	0	

(5)(130)	6.00	(10)13	0.00	0	

(6)(1000)	5.00	(54)5	(19)6	(77)8	0.00	0	

(7)(1100)	5.00	(52)4	(42)21	(10)1	0.00	0	

(8)(1100)	2.00	(31)26	(21)14	0.00	0	

(9)(356)	4.00	(42)8	(10)2	0.00	0	

(10)(1100)	2.00	(31)2	(19)53	(21)1	(10)1	0.00	0	
max retalho: 5

(0)(130)	1.00	(54)2	(19)1	3.00	0	

(1)(1100)	1.00	(75)2	(31)20	(21)1	(77)4	1.00	0	

(2)(127)	1.00	(42)1	(10)8	5.00	0	

(9)(130)	2.00	(19)3	73.00	0	
max retalho: 5

(0)(1100)	1.00	(75)7	(52)1	(54)4	(42)2	(31)5	(19)2	(10)2	10.00	0	
max retalho: 5

(0)(127)	2.00	(54)2	19.00	0	
Sobra Total: 0.00
Perda Total: 973.00

Total Barras Cortadas:
Barra (1000) : 16
Barra (1100) : 79
Barra (127) : 3
Barra (356) : 4
Barra (130) : 9

Retalhos Gerados:
