
1 Soluções

Saida Arquivo/Entrada/D1d6.txt

Minimizar a Perda Total
max retalho: 5

(0)(1000)	30.00	(82)11	(40)1	(29)2	0.00	0	

(1)(1000)	19.00	(71)14	(6)1	0.00	0	

(2)(1000)	16.00	(82)2	(38)22	0.00	0	

(3)(1000)	9.00	(73)12	(50)2	(6)4	0.00	0	

(4)(1000)	9.00	(50)20	0.00	0	

(5)(1000)	4.00	(17)56	(6)8	0.00	0	

(6)(1000)	4.00	(40)25	0.00	0	

(7)(1000)	4.00	(61)16	(17)1	(6)1	1.00	0	

(8)(1000)	1.00	(61)4	(6)126	0.00	0	
max retalho: 5

(0)(52)	6.00	(50)1	2.00	0	

(1)(54)	4.00	(6)9	0.00	0	

(2)(54)	3.00	(38)1	(6)2	4.00	0	

(3)(52)	2.00	(17)3	1.00	0	

(4)(280)	1.00	(6)46	4.00	0	

(5)(1000)	1.00	(61)1	(40)7	(29)11	(17)20	0.00	0	

(6)(1000)	1.00	(82)5	(73)8	(6)1	0.00	0	

(12)(280)	1.00	(50)5	(17)1	(6)2	1.00	0	
max retalho: 5

(0)(1100)	1.00	(82)3	(71)3	(50)3	(40)7	(17)5	(6)21	0.00	0	
max retalho: 5

(0)(1100)	1.00	(6)61	0	734	
Sobra Total: 734.00
Perda Total: 35.00

Total Barras Cortadas:
Barra (1000) : 98
Barra (1100) : 2
Barra (52) : 8
Barra (280) : 2
Barra (54) : 7

Retalhos Gerados:
Retalho (734) : 1

2 Soluções

Saida Arquivo/Entrada/D1d6.txt

Minimizar a Perda Total
max retalho: 5

(0)(1000)	42.00	(82)7	(71)6	0.00	0	

(1)(1100)	16.00	(82)2	(71)1	(38)22	(29)1	0.00	0	

(2)(1000)	10.00	(73)11	(61)1	(50)2	(6)6	0.00	0	

(3)(54)	7.00	(6)9	0.00	0	

(4)(1100)	6.00	(50)22	0.00	0	

(5)(1000)	6.00	(61)9	(50)9	1.00	0	

(6)(1100)	5.00	(40)25	(17)2	(6)11	0.00	0	

(7)(1100)	4.00	(73)1	(17)59	(6)4	0.00	0	

(8)(1100)	3.00	(82)12	(29)4	0.00	0	

(9)(280)	2.00	(6)46	4.00	0	

(10)(52)	8.00	(6)8	4.00	0	

(11)(1000)	1.00	(40)5	(29)27	(17)1	0.00	0	
max retalho: 5

(0)(1100)	1.00	(82)8	444.00	0	

(1)(1100)	1.00	(40)14	540.00	0	

(2)(1100)	1.00	(71)1	(73)2	(61)4	(50)6	(38)2	(29)1	(6)39	0.00	0	
max retalho: 5

(0)(1000)	1.00	(61)1	(38)1	(29)15	(17)13	(6)1	0	239	
Sobra Total: 239.00
Perda Total: 1030.00

Total Barras Cortadas:
Barra (1000) : 60
Barra (1100) : 37
Barra (52) : 8
Barra (280) : 2
Barra (54) : 7

Retalhos Gerados:
Retalho (239) : 1

3 Soluções

Saida Arquivo/Entrada/D1d6.txt

Minimizar a Perda Total
max retalho: 5

(0)(1000)	42.00	(82)7	(71)6	0.00	0	

(1)(1100)	16.00	(82)2	(71)1	(38)22	(29)1	0.00	0	

(2)(1100)	7.00	(61)9	(50)11	1.00	0	

(3)(1100)	6.00	(50)22	0.00	0	

(4)(1100)	6.00	(73)13	(61)1	(6)15	0.00	0	

(5)(1100)	5.00	(40)24	(17)4	(6)12	0.00	0	

(6)(1000)	4.00	(82)10	(29)6	(6)1	0.00	0	

(7)(1100)	4.00	(73)1	(17)59	(6)4	0.00	0	

(8)(1000)	3.00	(73)10	(6)45	0.00	0	

(9)(1000)	1.00	(40)5	(29)27	(17)1	0.00	0	

(10)(54)	7.00	(6)9	0.00	0	
max retalho: 5

(0)(52)	3.00	(40)1	(6)2	0.00	0	

(1)(52)	1.00	(17)2	(6)3	0.00	0	

(2)(1100)	1.00	(71)1	(73)4	(50)2	(38)2	(40)14	1.00	0	

(3)(280)	1.00	(82)2	(29)4	0.00	0	
max retalho: 5

(0)(52)	1.00	(6)8	4.00	0	

(1)(1100)	1.00	(82)2	(50)1	(40)2	(17)1	(46)6	513.00	276	

(2)(52)	1.00	(38)1	14.00	0	
max retalho: 4

(0)(52)	1.00	(6)5	22.00	0	
Sobra Total: 276.00
Perda Total: 561.00

Total Barras Cortadas:
Barra (1000) : 50
Barra (1100) : 46
Barra (52) : 7
Barra (280) : 1
Barra (54) : 7

Retalhos Gerados:
Retalho (46) : 6

10 Soluções

Saida Arquivo/Entrada/D1d6.txt

Minimizar a Perda Total
max retalho: 5

(0)(1000)	23.00	(71)11	(38)5	(29)1	0.00	0	

(1)(1000)	22.00	(82)11	(40)2	(6)3	0.00	0	

(2)(1100)	10.00	(82)2	(71)1	(38)22	(29)1	0.00	0	

(3)(1100)	9.00	(82)12	(29)4	0.00	0	

(4)(1100)	8.00	(73)13	(61)1	(6)15	0.00	0	

(5)(1100)	6.00	(61)9	(50)11	1.00	0	

(6)(1100)	6.00	(50)22	0.00	0	

(7)(1000)	4.00	(73)2	(17)46	(6)12	0.00	0	

(8)(1100)	4.00	(50)1	(40)22	(17)10	0.00	0	

(10)(280)	2.00	(50)1	(6)38	2.00	0	
max retalho: 5

(0)(52)	6.00	(40)1	(6)2	0.00	0	

(1)(1100)	1.00	(38)17	(17)26	(6)2	0.00	0	

(2)(1100)	1.00	(71)4	(73)4	(50)8	(29)2	(6)11	0.00	0	

(8)(54)	6.00	(6)9	0.00	0	
max retalho: 5

(0)(1100)	1.00	(71)2	(61)7	(38)3	(40)6	(17)10	(6)1	1.00	0	
Sobra Total: 0.00
Perda Total: 11.00

Total Barras Cortadas:
Barra (1000) : 49
Barra (1100) : 46
Barra (52) : 6
Barra (280) : 2
Barra (54) : 6

Retalhos Gerados:
