
1 Soluções

Saida Arquivo/Entrada/D1d14.txt

Minimizar a Perda Total
max retalho: 5

(0)(1100)	21.00	(71)15	(16)1	(18)1	1.00	0	

(1)(1100)	18.00	(83)10	(27)10	0.00	0	

(2)(1100)	15.00	(50)22	0.00	0	

(3)(1100)	11.00	(81)12	(48)2	(16)2	0.00	0	

(4)(1100)	10.00	(48)22	(27)1	(16)1	1.00	0	

(5)(280)	9.00	(16)13	(18)4	0.00	0	

(6)(1100)	6.00	(60)17	(16)5	0.00	0	

(7)(1100)	5.00	(71)1	(27)38	3.00	0	

(8)(1100)	5.00	(50)4	(18)50	0.00	0	

(9)(1100)	5.00	(50)1	(39)26	(18)2	0.00	0	

(10)(1000)	2.00	(83)1	(48)19	5.00	0	

(11)(68)	5.00	(48)1	(16)1	4.00	0	

(12)(55)	4.00	(16)3	7.00	0	

(13)(1000)	1.00	(16)58	(18)4	0.00	0	
max retalho: 5

(2)(1100)	1.00	(48)14	(16)2	(18)22	0.00	0	

(3)(1100)	1.00	(27)36	(18)1	(49)2	12.00	98	
max retalho: 5

(2)(1100)	1.00	(60)2	(50)9	(16)33	2.00	0	
max retalho: 5

(3)(1000)	1.00	(83)1	(60)3	(39)9	(16)5	(18)17	0.00	0	
max retalho: 5

(4)(1100)	1.00	(39)1	(49)10	(256)2	59.00	1002	
max retalho: 4

(0)(1000)	1.00	(81)1	(71)7	(60)6	(49)1	13.00	49	
max retalho: 4

(0)(1000)	1.00	(71)4	0	716	
Sobra Total: 1865.00
Perda Total: 190.00

Total Barras Cortadas:
Barra (1000) : 6
Barra (1100) : 100
Barra (68) : 5
Barra (280) : 9
Barra (55) : 4

Retalhos Gerados:
Retalho (49) : 2
Retalho (49) : 10
Retalho (256) : 2
Retalho (49) : 1
Retalho (716) : 1

2 Soluções

Saida Arquivo/Entrada/D1d14.txt

Minimizar a Perda Total
max retalho: 5

(0)(1100)	22.00	(71)15	(16)1	(18)1	1.00	0	

(1)(1100)	14.00	(83)13	(18)1	3.00	0	

(2)(1100)	12.00	(48)22	(27)1	(16)1	1.00	0	

(3)(1000)	11.00	(27)36	(18)1	10.00	0	

(4)(1100)	11.00	(81)12	(48)2	(16)2	0.00	0	

(5)(1000)	10.00	(50)11	(18)25	0.00	0	

(6)(1100)	11.00	(50)21	50.00	0	

(7)(1000)	7.00	(39)10	(16)37	(18)1	0.00	0	

(8)(1000)	4.00	(50)5	(39)16	(18)7	0.00	0	

(9)(1100)	6.00	(60)18	(18)1	2.00	0	
max retalho: 5

(0)(55)	3.00	(48)1	7.00	0	

(1)(68)	2.00	(50)1	(18)1	0.00	0	

(2)(55)	1.00	(27)2	1.00	0	

(3)(1100)	1.00	(83)1	(71)1	(60)5	(48)7	(18)17	4.00	0	

(6)(280)	1.00	(81)1	(49)4	3.00	196	
max retalho: 4

(0)(1000)	1.00	(48)3	(50)1	(39)6	(27)6	(18)4	0	338	
Sobra Total: 534.00
Perda Total: 777.00

Total Barras Cortadas:
Barra (1000) : 33
Barra (1100) : 77
Barra (68) : 2
Barra (280) : 1
Barra (55) : 4

Retalhos Gerados:
Retalho (49) : 4
Retalho (338) : 1

3 Soluções

Saida Arquivo/Entrada/D1d14.txt

Minimizar a Perda Total
max retalho: 5

(0)(1100)	22.00	(71)15	(16)1	(18)1	1.00	0	

(1)(1000)	15.00	(50)20	0.00	0	

(2)(1100)	14.00	(83)13	(18)1	3.00	0	

(3)(1100)	12.00	(48)22	(27)1	(16)1	1.00	0	

(4)(1000)	11.00	(27)36	(16)1	12.00	0	

(5)(1100)	11.00	(81)12	(48)2	(16)2	0.00	0	

(6)(1000)	7.00	(50)8	(39)14	(18)3	0.00	0	

(7)(1100)	6.00	(60)18	(18)1	2.00	0	

(8)(1000)	5.00	(39)8	(16)43	0.00	0	

(9)(1100)	4.00	(18)60	20.00	0	
max retalho: 5

(0)(68)	4.00	(50)1	(18)1	0.00	0	

(1)(55)	3.00	(18)3	1.00	0	

(2)(280)	1.00	(39)1	(27)8	(18)1	7.00	0	

(4)(1100)	1.00	(48)13	476.00	0	

(8)(55)	1.00	(39)1	(16)1	0.00	0	
max retalho: 5

(0)(1100)	1.00	(81)1	(83)1	(71)1	(60)5	(50)4	(16)16	(18)6	1.00	0	

(7)(68)	1.00	(16)2	(18)2	0.00	0	
max retalho: 5

(0)(1000)	1.00	(16)14	(18)36	0	128	
Sobra Total: 128.00
Perda Total: 787.00

Total Barras Cortadas:
Barra (1000) : 39
Barra (1100) : 71
Barra (68) : 5
Barra (280) : 1
Barra (55) : 4

Retalhos Gerados:
Retalho (128) : 1

10 Soluções

Saida Arquivo/Entrada/D1d14.txt

Minimizar a Perda Total
max retalho: 5

(0)(1100)	22.00	(71)15	(16)1	(18)1	1.00	0	

(1)(1100)	13.00	(83)10	(27)10	0.00	0	

(2)(1100)	12.00	(48)22	(27)1	(16)1	1.00	0	

(3)(1100)	11.00	(81)12	(48)2	(16)2	0.00	0	

(4)(1100)	11.00	(83)4	(60)2	(27)24	0.00	0	

(5)(1100)	9.00	(50)22	0.00	0	

(6)(280)	9.00	(50)4	(39)2	2.00	0	

(7)(1000)	7.00	(50)5	(39)4	(18)33	0.00	0	

(8)(1000)	7.00	(50)11	(39)6	(18)12	0.00	0	

(9)(1000)	6.00	(60)14	(16)10	0.00	0	

(10)(68)	5.00	(16)2	(18)2	0.00	0	

(11)(1000)	4.00	(39)10	(16)37	(18)1	0.00	0	

(12)(55)	4.00	(39)1	16.00	0	
max retalho: 5

(0)(1100)	1.00	(48)11	(39)8	(16)5	(18)10	0.00	0	

(1)(1000)	1.00	(83)4	(71)1	(60)7	(48)1	(16)8	1.00	0	

(4)(1100)	1.00	(81)1	(50)13	(16)23	1.00	0	
max retalho: 5

(0)(1100)	1.00	(83)5	(48)1	(50)5	(27)10	(16)5	37.00	0	
Sobra Total: 0.00
Perda Total: 155.00

Total Barras Cortadas:
Barra (1000) : 25
Barra (1100) : 81
Barra (68) : 5
Barra (280) : 9
Barra (55) : 4

Retalhos Gerados:
