
1 Soluções

Saida Arquivo/Entrada/D1d12.txt

Minimizar a Perda Total
max retalho: 5

(0)(1100)	23.00	(66)8	(57)10	2.00	0	

(1)(1100)	17.00	(78)11	(66)2	(55)2	0.00	0	

(2)(1100)	16.00	(55)20	0.00	0	

(3)(1100)	12.00	(45)2	(13)2	(82)12	0.00	0	

(4)(1100)	11.00	(45)23	(13)5	0.00	0	

(5)(1100)	10.00	(66)15	(45)1	(13)5	0.00	0	

(6)(348)	9.00	(13)26	10.00	0	

(7)(1100)	8.00	(57)17	(13)10	1.00	0	

(8)(135)	5.00	(66)2	3.00	0	

(9)(123)	4.00	(24)5	3.00	0	

(10)(1000)	4.00	(45)15	(24)13	(13)1	0.00	0	

(11)(1000)	1.00	(34)27	(82)1	0.00	0	

(12)(1100)	1.00	(78)4	(55)1	(57)9	(22)10	0.00	0	
max retalho: 5

(2)(1100)	1.00	(78)4	(66)4	(57)6	(45)1	(34)4	1.00	0	
max retalho: 5

(0)(1000)	1.00	(55)12	(45)7	25.00	0	
max retalho: 5

(1)(1100)	1.00	(45)9	(24)10	0	455	
Sobra Total: 455.00
Perda Total: 197.00

Total Barras Cortadas:
Barra (1000) : 6
Barra (1100) : 100
Barra (135) : 5
Barra (348) : 9
Barra (123) : 4

Retalhos Gerados:
Retalho (455) : 1

2 Soluções

Saida Arquivo/Entrada/D1d12.txt

Minimizar a Perda Total
max retalho: 5

(0)(1100)	23.00	(66)15	(45)1	(13)5	0.00	0	

(1)(1100)	20.00	(57)19	17.00	0	

(2)(1100)	18.00	(55)20	0.00	0	

(3)(1100)	13.00	(78)14	8.00	0	

(4)(1100)	11.00	(45)2	(13)2	(82)12	0.00	0	

(5)(1100)	9.00	(45)24	20.00	0	

(6)(348)	8.00	(66)3	(34)2	(82)1	0.00	0	

(7)(135)	5.00	(45)3	0.00	0	

(8)(123)	4.00	(45)1	(13)6	0.00	0	

(9)(1100)	3.00	(13)84	8.00	0	

(10)(1000)	5.00	(45)15	(24)13	(13)1	0.00	0	

(11)(1000)	1.00	(66)3	(34)14	(22)10	(24)1	(82)1	0.00	0	
max retalho: 5

(1)(1100)	1.00	(66)10	440.00	0	

(2)(1100)	1.00	(55)7	(57)1	(45)8	(34)1	(24)11	0.00	0	
max retalho: 5

(4)(348)	1.00	(45)1	(47)6	21.00	282	

(5)(1000)	1.00	(78)8	(13)27	25.00	0	
max retalho: 4

(3)(1100)	1.00	(78)5	(24)5	(13)2	(82)4	0	236	
Sobra Total: 518.00
Perda Total: 1134.00

Total Barras Cortadas:
Barra (1000) : 7
Barra (1100) : 100
Barra (135) : 5
Barra (348) : 9
Barra (123) : 4

Retalhos Gerados:
Retalho (47) : 6
Retalho (236) : 1

3 Soluções

Saida Arquivo/Entrada/D1d12.txt

Minimizar a Perda Total
max retalho: 5

(0)(1100)	27.00	(78)7	(55)10	4.00	0	

(1)(1100)	25.00	(66)15	(45)1	(13)5	0.00	0	

(2)(1100)	13.00	(45)23	(13)5	0.00	0	

(3)(1100)	12.00	(45)2	(13)2	(82)12	0.00	0	

(4)(135)	5.00	(55)1	(13)6	2.00	0	

(5)(123)	4.00	(55)1	(34)2	0.00	0	

(6)(1000)	2.00	(45)7	(24)28	(13)1	0.00	0	

(7)(348)	1.00	(55)2	(34)7	0.00	0	

(8)(1100)	1.00	(55)20	0.00	0	

(9)(1000)	27.00	(55)2	(57)14	(13)7	1.00	0	

(10)(1000)	1.00	(66)3	(34)14	(22)10	(24)1	(82)1	0.00	0	

(11)(348)	1.00	(78)1	(57)2	(13)12	0.00	0	
max retalho: 5

(0)(1100)	1.00	(78)5	(66)4	(55)2	(57)1	(45)2	(34)2	(24)5	1.00	0	
max retalho: 5

(0)(348)	1.00	(55)1	(24)12	5.00	0	

(1)(348)	1.00	(55)6	18.00	0	
max retalho: 5

(0)(348)	1.00	(55)3	(24)7	15.00	0	
max retalho: 5

(0)(348)	1.00	(24)1	0	324	
Sobra Total: 324.00
Perda Total: 184.00

Total Barras Cortadas:
Barra (1000) : 30
Barra (1100) : 79
Barra (135) : 5
Barra (348) : 6
Barra (123) : 4

Retalhos Gerados:
Retalho (324) : 1

10 Soluções

Saida Arquivo/Entrada/D1d12.txt

Minimizar a Perda Total
max retalho: 5

(0)(1100)	27.00	(78)7	(55)10	4.00	0	

(1)(1100)	25.00	(66)15	(45)1	(13)5	0.00	0	

(2)(1100)	12.00	(45)2	(13)2	(82)12	0.00	0	

(3)(348)	9.00	(55)1	(57)4	(13)5	0.00	0	

(4)(135)	5.00	(55)1	(13)6	2.00	0	

(5)(1100)	4.00	(78)1	(55)2	(57)16	0.00	0	

(6)(123)	4.00	(55)1	(34)2	0.00	0	

(7)(1000)	3.00	(55)1	(57)7	(13)42	0.00	0	

(8)(1100)	2.00	(55)2	(34)3	(24)37	0.00	0	

(9)(1000)	31.00	(55)1	(57)8	(45)10	(13)3	0.00	0	

(10)(1100)	1.00	(55)20	0.00	0	

(11)(1000)	1.00	(66)3	(34)14	(22)10	(24)1	(82)1	0.00	0	
max retalho: 5

(0)(1100)	1.00	(78)2	(66)4	(55)5	(57)1	(45)4	(24)7	0.00	0	
max retalho: 5

(0)(1100)	1.00	(57)3	(34)3	(13)4	(47)10	(255)1	50.00	725	

(1)(1000)	1.00	(55)8	(57)8	(45)1	0	59	
Sobra Total: 784.00
Perda Total: 168.00

Total Barras Cortadas:
Barra (1000) : 36
Barra (1100) : 73
Barra (135) : 5
Barra (348) : 9
Barra (123) : 4

Retalhos Gerados:
Retalho (47) : 10
Retalho (255) : 1
Retalho (59) : 1
