
1 Soluções

Saida Arquivo/Entrada/D1d4.txt

Minimizar a Perda Total
max retalho: 5

(0)(1000)	24.00	(72)13	(16)4	0.00	0	

(1)(1000)	16.00	(83)8	(72)3	(60)2	0.00	0	

(2)(1100)	15.00	(50)22	0.00	0	

(3)(1100)	14.00	(39)16	(28)17	0.00	0	

(4)(1100)	11.00	(81)13	(28)1	(18)1	1.00	0	

(5)(1000)	10.00	(72)2	(60)14	(16)1	0.00	0	

(6)(280)	9.00	(83)2	(49)2	(16)1	0.00	0	

(7)(1000)	4.00	(28)2	(16)59	0.00	0	

(8)(68)	4.00	(16)2	(18)2	0.00	0	

(9)(1000)	8.00	(83)3	(49)15	(16)1	0.00	0	

(10)(56)	4.00	(39)1	(16)1	1.00	0	

(11)(1100)	3.00	(18)61	2.00	0	

(12)(1000)	3.00	(39)12	(28)19	0.00	0	
max retalho: 5

(0)(1100)	1.00	(81)12	128.00	0	

(1)(1000)	1.00	(60)7	(49)10	(18)5	0.00	0	

(3)(1000)	1.00	(83)3	(72)3	(50)5	(39)5	(28)2	(16)1	(18)1	0.00	0	
max retalho: 5

(0)(1000)	1.00	(60)2	(50)3	(16)22	(18)21	0.00	0	
max retalho: 5

(0)(1000)	1.00	(16)2	(18)4	0	896	
Sobra Total: 896.00
Perda Total: 149.00

Total Barras Cortadas:
Barra (1000) : 69
Barra (1100) : 44
Barra (68) : 4
Barra (280) : 9
Barra (56) : 4

Retalhos Gerados:
Retalho (896) : 1

2 Soluções

Saida Arquivo/Entrada/D1d4.txt

Minimizar a Perda Total
max retalho: 5

(0)(1100)	20.00	(72)14	(28)1	(16)4	0.00	0	

(1)(1000)	16.00	(60)5	(50)14	0.00	0	

(2)(1000)	14.00	(39)18	(28)10	(18)1	0.00	0	

(3)(1100)	14.00	(83)12	(60)1	(28)1	(16)1	0.00	0	

(4)(1100)	11.00	(81)13	(28)1	(18)1	1.00	0	

(5)(280)	9.00	(60)3	(50)2	0.00	0	

(6)(1100)	8.00	(72)9	(60)7	(16)2	0.00	0	

(7)(1000)	8.00	(50)11	(18)25	0.00	0	

(8)(1100)	4.00	(28)5	(16)60	0.00	0	

(9)(1000)	9.00	(72)3	(49)16	0.00	0	

(10)(68)	4.00	(16)2	(18)2	0.00	0	

(11)(1100)	2.00	(28)39	8.00	0	
max retalho: 5

(0)(1100)	1.00	(81)12	128.00	0	

(1)(1100)	1.00	(39)3	(28)1	(16)29	(49)10	1.00	490	

(8)(1100)	1.00	(60)4	(39)12	(28)7	(49)4	0.00	196	

(9)(1100)	1.00	(50)8	(39)1	(28)6	(49)10	3.00	490	

(10)(56)	3.00	(16)3	8.00	0	
max retalho: 2

(5)(56)	1.00	(28)2	0.00	0	
max retalho: 2

(0)(1100)	1.00	(83)5	(72)4	(28)14	5.00	0	
max retalho: 2

(0)(1000)	1.00	(49)10	(39)1	(28)3	0	387	
Sobra Total: 1563.00
Perda Total: 188.00

Total Barras Cortadas:
Barra (1000) : 48
Barra (1100) : 64
Barra (68) : 4
Barra (280) : 9
Barra (56) : 4

Retalhos Gerados:
Retalho (49) : 10
Retalho (49) : 4
Retalho (49) : 10
Retalho (387) : 1

3 Soluções

Saida Arquivo/Entrada/D1d4.txt

Minimizar a Perda Total
max retalho: 5

(0)(1000)	29.00	(72)12	(60)2	(16)1	0.00	0	

(1)(1000)	16.00	(50)20	0.00	0	

(2)(1100)	16.00	(83)8	(60)7	(16)1	0.00	0	

(3)(1100)	11.00	(81)13	(28)1	(18)1	1.00	0	

(4)(1000)	11.00	(39)24	(28)1	(18)2	0.00	0	

(5)(280)	9.00	(83)1	(72)1	(60)1	(49)1	(16)1	0.00	0	

(6)(1000)	6.00	(28)6	(16)52	0.00	0	

(7)(1100)	6.00	(28)38	(18)2	0.00	0	

(8)(68)	4.00	(28)1	(18)2	4.00	0	

(9)(1000)	8.00	(72)3	(49)16	0.00	0	

(10)(56)	4.00	(28)2	0.00	0	

(11)(1000)	3.00	(28)1	(18)54	0.00	0	

(12)(1000)	3.00	(83)11	(39)1	(16)3	0.00	0	
max retalho: 5

(0)(1100)	1.00	(81)12	128.00	0	

(1)(1100)	1.00	(50)18	200.00	0	

(4)(1000)	1.00	(83)3	(49)7	(28)3	(18)18	0.00	0	
max retalho: 5

(0)(1100)	1.00	(72)2	(60)2	(49)3	(39)2	(28)12	(16)17	3.00	0	
max retalho: 5

(0)(1000)	1.00	(49)8	(16)4	0	544	
Sobra Total: 544.00
Perda Total: 358.00

Total Barras Cortadas:
Barra (1000) : 78
Barra (1100) : 36
Barra (68) : 4
Barra (280) : 9
Barra (56) : 4

Retalhos Gerados:
Retalho (544) : 1

6 Soluções

Saida Arquivo/Entrada/D1d4.txt

Minimizar a Perda Total
max retalho: 5
max retalho: 5

(0)(1100)	22.00	(83)4	(72)4	(60)8	0.00	0	

(1)(1100)	20.00	(72)14	(28)2	(18)2	0.00	0	

(2)(1000)	16.00	(50)20	0.00	0	

(3)(1100)	11.00	(81)13	(28)1	(18)1	1.00	0	

(4)(1000)	9.00	(39)24	(28)1	(18)2	0.00	0	

(5)(1100)	7.00	(39)6	(28)29	(18)3	0.00	0	

(6)(1100)	5.00	(28)5	(16)60	0.00	0	

(7)(68)	4.00	(16)2	(18)2	0.00	0	

(8)(1100)	2.00	(18)61	2.00	0	

(9)(1000)	8.00	(83)10	(28)2	(16)6	(18)1	0.00	0	

(10)(1000)	1.00	(83)4	(72)2	(49)10	(16)1	(18)1	0.00	0	

8 Soluções

Saida Arquivo/Entrada/D1d4.txt

Minimizar a Perda Total
max retalho: 5

(0)(1000)	23.00	(83)4	(72)8	(60)1	(16)2	0.00	0	

(1)(1000)	16.00	(50)20	0.00	0	

(2)(1100)	12.00	(72)12	(28)1	(16)13	0.00	0	

(3)(1100)	11.00	(81)13	(28)1	(18)1	1.00	0	

(4)(1000)	9.00	(39)24	(28)1	(18)2	0.00	0	

(5)(280)	9.00	(72)2	(60)2	(16)1	0.00	0	

(6)(1100)	8.00	(60)17	(28)1	(16)1	(18)2	0.00	0	

(7)(1100)	8.00	(39)6	(28)29	(18)3	0.00	0	

(8)(1000)	3.00	(28)10	(16)45	0.00	0	

(9)(1100)	2.00	(18)60	20.00	0	

(10)(1000)	16.00	(83)5	(72)2	(49)9	0.00	0	
max retalho: 5

(0)(68)	4.00	(39)1	29.00	0	

(1)(56)	4.00	(16)3	8.00	0	

(2)(1100)	1.00	(72)5	(28)14	(16)20	(18)1	10.00	0	

(3)(1100)	1.00	(81)12	(60)1	(50)1	(18)1	0.00	0	

(6)(1100)	1.00	(49)10	(50)5	(18)20	0.00	0	
max retalho: 5

(0)(1100)	1.00	(83)1	(60)3	(50)7	(39)1	(16)10	(18)16	0.00	0	
max retalho: 5

(0)(1000)	1.00	(49)4	(50)5	(18)6	0	446	
Sobra Total: 446.00
Perda Total: 209.00

Total Barras Cortadas:
Barra (1000) : 68
Barra (1100) : 45
Barra (68) : 4
Barra (280) : 9
Barra (56) : 4

Retalhos Gerados:
Retalho (446) : 1

10 Soluções

Saida Arquivo/Entrada/D1d4.txt

Minimizar a Perda Total
max retalho: 5

(0)(1000)	30.00	(72)12	(60)1	(28)1	(16)3	0.00	0	

(1)(1000)	21.00	(83)7	(60)1	(49)7	(16)1	0.00	0	

(2)(1000)	12.00	(50)20	0.00	0	

(3)(1100)	11.00	(81)13	(28)1	(18)1	1.00	0	

(4)(280)	9.00	(72)2	(60)2	(16)1	0.00	0	

(5)(1100)	8.00	(50)1	(39)26	(18)2	0.00	0	

(6)(1100)	7.00	(39)6	(28)29	(18)3	0.00	0	

(7)(1100)	6.00	(60)17	(16)5	0.00	0	

(8)(1100)	6.00	(50)13	(18)25	0.00	0	

(9)(1000)	5.00	(28)10	(16)45	0.00	0	

(10)(68)	4.00	(18)3	14.00	0	

(11)(56)	4.00	(18)3	2.00	0	

(12)(1100)	2.00	(83)12	(28)2	(16)3	0.00	0	
max retalho: 5

(0)(1100)	1.00	(81)12	128.00	0	

(1)(1100)	1.00	(83)2	(72)5	(50)3	(39)1	(28)12	(49)1	0.00	49	

(3)(1100)	1.00	(60)10	500.00	0	
max retalho: 5

(0)(1100)	1.00	(49)10	610.00	0	

(1)(1100)	1.00	(50)8	(39)9	(28)6	(18)10	1.00	0	
max retalho: 5

(0)(1000)	1.00	(50)1	(39)9	(16)15	(18)1	(49)1	(256)1	36.00	305	
max retalho: 4

(0)(1000)	1.00	(49)1	0	951	
Sobra Total: 1305.00
Perda Total: 1350.00

Total Barras Cortadas:
Barra (1000) : 70
Barra (1100) : 45
Barra (68) : 4
Barra (280) : 9
Barra (56) : 4

Retalhos Gerados:
Retalho (49) : 1
Retalho (49) : 1
Retalho (256) : 1
Retalho (951) : 1
