
1 Soluções

Saida Arquivo/Entrada/D1d7.txt

Minimizar a Perda Total
max retalho: 5

(0)(1000)	39.00	(75)9	(65)5	0.00	0	

(1)(1000)	17.00	(42)6	(44)17	0.00	0	

(2)(1000)	17.00	(77)11	(54)1	(33)3	0.00	0	

(3)(1000)	11.00	(54)12	(44)2	(33)8	0.00	0	

(4)(43)	8.00	(21)2	1.00	0	

(5)(1000)	5.00	(44)2	(33)27	(21)1	0.00	0	

(6)(1100)	4.00	(75)6	(65)10	0.00	0	

(7)(1000)	4.00	(44)17	(21)12	0.00	0	

(8)(271)	3.00	(44)6	7.00	0	

(10)(1100)	2.00	(44)4	(21)44	0.00	0	

(11)(1000)	1.00	(75)3	(65)2	(21)1	(10)12	(12)42	0.00	0	
max retalho: 5

(0)(55)	3.00	(42)1	13.00	0	

(1)(1000)	1.00	(75)4	(77)1	(44)11	(33)1	(21)5	1.00	0	

(2)(1000)	1.00	(65)6	(21)29	1.00	0	

(3)(55)	1.00	(33)1	(21)1	1.00	0	
max retalho: 5

(0)(1100)	1.00	(44)1	(21)3	0	993	
Sobra Total: 993.00
Perda Total: 71.00

Total Barras Cortadas:
Barra (1000) : 96
Barra (1100) : 7
Barra (55) : 4
Barra (271) : 3
Barra (43) : 8

Retalhos Gerados:
Retalho (993) : 1

2 Soluções

Saida Arquivo/Entrada/D1d7.txt

Minimizar a Perda Total
max retalho: 5

(0)(1000)	40.00	(75)9	(65)5	0.00	0	

(1)(1000)	14.00	(44)17	(21)12	0.00	0	

(2)(1000)	13.00	(77)5	(54)11	(21)1	0.00	0	

(3)(1000)	12.00	(42)6	(44)2	(33)20	0.00	0	

(4)(1100)	9.00	(77)13	(33)3	0.00	0	

(5)(1100)	6.00	(44)25	0.00	0	

(6)(1100)	3.00	(75)2	(65)13	(42)2	(21)1	0.00	0	

(7)(271)	3.00	(75)3	(44)1	2.00	0	

(8)(1100)	1.00	(42)9	(44)4	(21)2	(12)42	0.00	0	

(9)(1100)	1.00	(42)15	(44)7	(21)2	(10)12	0.00	0	

(10)(43)	1.00	(42)1	1.00	0	
max retalho: 5

(0)(55)	2.00	(33)1	(21)1	1.00	0	

(1)(43)	1.00	(42)1	1.00	0	

(2)(1100)	1.00	(75)5	(77)6	(65)4	3.00	0	

(5)(55)	1.00	(44)1	11.00	0	
max retalho: 5

(0)(1000)	1.00	(75)2	(54)6	(42)1	(33)7	(21)6	0	127	
Sobra Total: 127.00
Perda Total: 24.00

Total Barras Cortadas:
Barra (1000) : 80
Barra (1100) : 21
Barra (55) : 3
Barra (271) : 3
Barra (43) : 2

Retalhos Gerados:
Retalho (127) : 1

3 Soluções

Saida Arquivo/Entrada/D1d7.txt

Minimizar a Perda Total
max retalho: 5

(0)(1000)	42.00	(75)9	(65)5	0.00	0	

(1)(1000)	20.00	(42)5	(44)17	(21)2	0.00	0	

(2)(1000)	13.00	(77)5	(54)11	(21)1	0.00	0	

(3)(1000)	11.00	(77)11	(33)4	(21)1	0.00	0	

(4)(43)	8.00	(21)2	1.00	0	

(5)(1000)	6.00	(33)30	(10)1	0.00	0	

(6)(1000)	4.00	(44)17	(21)12	0.00	0	

(7)(271)	3.00	(33)8	7.00	0	

(8)(1100)	2.00	(75)2	(65)13	(42)1	(21)3	0.00	0	

(9)(1100)	1.00	(44)4	(21)44	0.00	0	

(10)(55)	8.00	(33)1	(21)1	1.00	0	
max retalho: 5

(0)(1100)	1.00	(77)2	(65)1	(54)6	(42)3	(44)1	(33)1	(21)10	(10)6	(12)7	0.00	0	

(1)(1000)	1.00	(65)1	(44)13	(33)11	0.00	0	
max retalho: 5

(0)(1100)	1.00	(65)5	(44)1	(33)8	(12)35	0	47	
Sobra Total: 47.00
Perda Total: 37.00

Total Barras Cortadas:
Barra (1000) : 97
Barra (1100) : 5
Barra (55) : 8
Barra (271) : 3
Barra (43) : 8

Retalhos Gerados:
Retalho (47) : 1

10 Soluções

Saida Arquivo/Entrada/D1d7.txt

Minimizar a Perda Total
max retalho: 5

(0)(1100)	18.00	(75)2	(65)13	(21)5	0.00	0	

(1)(1000)	18.00	(75)11	(77)2	(21)1	0.00	0	

(2)(1100)	15.00	(44)25	0.00	0	

(3)(1000)	12.00	(77)4	(54)12	(44)1	0.00	0	

(4)(1100)	10.00	(75)14	(43)1	7.00	43	

(5)(1000)	9.00	(42)11	(44)2	(33)13	(21)1	0.00	0	

(6)(1000)	9.00	(77)11	(33)4	(21)1	0.00	0	

(7)(1100)	4.00	(44)1	(33)25	(21)11	0.00	0	

(8)(271)	3.00	(75)2	(77)1	(44)1	0.00	0	

(9)(1100)	1.00	(75)2	(65)4	(33)2	(10)12	(12)42	0.00	0	
max retalho: 5

(0)(43)	7.00	(33)1	10.00	0	

(1)(55)	7.00	(33)1	(21)1	1.00	0	

(2)(1100)	1.00	(54)5	(42)6	(44)10	(33)4	6.00	0	

(3)(55)	1.00	(21)2	13.00	0	
max retalho: 5

(0)(43)	1.00	(33)1	10.00	0	

(2)(1100)	1.00	(65)5	(21)17	418.00	0	
max retalho: 5

(0)(1000)	1.00	(77)2	(44)5	(33)2	0	560	
Sobra Total: 990.00
Perda Total: 594.00

Total Barras Cortadas:
Barra (1000) : 49
Barra (1100) : 50
Barra (55) : 8
Barra (271) : 3
Barra (43) : 8

Retalhos Gerados:
Retalho (43) : 10
Retalho (560) : 1
