
1 Soluções

Saida Arquivo/Entrada/D1d17.txt

Minimizar a Perda Total
max retalho: 5

(0)(1000)	36.00	(75)10	(76)3	(11)2	0.00	0	

(1)(1100)	17.00	(44)25	0.00	0	

(2)(1000)	13.00	(65)14	(10)9	0.00	0	

(3)(1100)	10.00	(42)26	8.00	0	

(4)(270)	8.00	(32)5	(10)11	0.00	0	

(5)(1000)	7.00	(76)12	(44)2	0.00	0	

(6)(1100)	6.00	(21)50	(10)5	0.00	0	

(7)(1000)	4.00	(76)2	(53)16	0.00	0	

(8)(1000)	3.00	(32)30	(10)4	0.00	0	

(9)(1100)	1.00	(11)100	0.00	0	

(10)(1000)	2.00	(10)58	(42)10	0.00	420	

(11)(54)	3.00	(44)1	(10)1	0.00	0	
max retalho: 4

(0)(42)	1.00	(32)1	(10)1	0.00	0	

(1)(1000)	1.00	(42)1	(44)13	(21)11	(11)14	1.00	0	

(2)(1000)	1.00	(75)2	(65)2	(53)8	(44)1	(42)6	0.00	252	
max retalho: 3

(0)(1000)	1.00	(42)8	(44)6	(10)40	0.00	0	
max retalho: 3

(0)(1100)	1.00	(42)2	(10)3	0	986	
Sobra Total: 2078.00
Perda Total: 81.00

Total Barras Cortadas:
Barra (1000) : 68
Barra (1100) : 35
Barra (54) : 3
Barra (270) : 8
Barra (42) : 1

Retalhos Gerados:
Retalho (42) : 20
Retalho (42) : 6
Retalho (986) : 1

2 Soluções

Saida Arquivo/Entrada/D1d17.txt

Minimizar a Perda Total
max retalho: 5

(6)(270)	8.00	(32)5	(10)11	0.00	0	

(7)(1100)	6.00	(42)1	(21)48	(10)5	0.00	0	

(8)(42)	3.00	(42)1	0.00	0	

(9)(1100)	2.00	(32)33	(11)4	0.00	0	

(10)(1100)	1.00	(11)100	0.00	0	

(11)(54)	3.00	(44)1	(10)1	0.00	0	

(12)(1100)	1.00	(10)110	0.00	0	

(13)(1100)	1.00	(10)7	(11)2	(42)24	0.00	1008	
max retalho: 4

(0)(1000)	50.00	(75)4	(76)4	(44)9	0.00	0	

(1)(1000)	14.00	(75)1	(65)13	(10)8	0.00	0	

(2)(1100)	13.00	(75)11	(53)5	(10)1	0.00	0	

(3)(1100)	1.00	(42)1	(32)16	(21)23	(10)3	(11)3	0.00	0	
max retalho: 4

(0)(1100)	10.00	(42)26	8.00	0	

(1)(1100)	1.00	(10)42	(11)58	(42)1	0.00	42	

(4)(1000)	1.00	(75)3	(65)2	(53)7	(44)6	(10)1	0.00	0	
max retalho: 4

(0)(1100)	1.00	(75)2	(42)9	(44)3	(32)8	(10)1	(11)15	9.00	0	
max retalho: 4

(0)(1000)	1.00	(42)8	(32)1	0	632	
Sobra Total: 1682.00
Perda Total: 89.00

Total Barras Cortadas:
Barra (1000) : 66
Barra (1100) : 37
Barra (54) : 3
Barra (270) : 8
Barra (42) : 3

Retalhos Gerados:
Retalho (42) : 24
Retalho (42) : 1
Retalho (632) : 1

10 Soluções

Saida Arquivo/Entrada/D1d17.txt

Minimizar a Perda Total
max retalho: 5

(0)(1000)	26.00	(75)7	(65)7	(10)2	0.00	0	

(1)(1100)	18.00	(44)25	0.00	0	

(2)(1100)	13.00	(76)13	(21)2	(10)7	0.00	0	

(3)(1100)	12.00	(75)10	(53)6	(32)1	0.00	0	

(4)(1100)	8.00	(42)9	(21)32	(10)5	0.00	0	

(5)(270)	8.00	(42)5	(10)6	0.00	0	

(6)(1000)	6.00	(75)9	(76)4	(10)1	(11)1	0.00	0	

(7)(1100)	6.00	(42)26	8.00	0	

(8)(1100)	3.00	(32)33	(11)4	0.00	0	

(9)(42)	3.00	(42)1	0.00	0	

(10)(1100)	1.00	(11)100	0.00	0	

(11)(54)	3.00	(44)1	(10)1	0.00	0	

(12)(1100)	1.00	(10)110	0.00	0	

(13)(1000)	1.00	(44)4	(10)36	(11)4	(42)10	0.00	420	
max retalho: 4

(0)(1100)	1.00	(32)20	460.00	0	

(3)(1100)	1.00	(11)64	396.00	0	

(4)(1100)	1.00	(21)29	491.00	0	

(5)(1100)	1.00	(75)4	(76)5	(42)10	0.00	0	
max retalho: 4

(0)(1100)	1.00	(76)2	(65)2	(44)4	642.00	0	

(1)(1100)	1.00	(75)2	(10)24	(42)7	416.00	294	
max retalho: 3

(0)(1000)	1.00	(42)7	(44)1	0	662	
Sobra Total: 1376.00
Perda Total: 2453.00

Total Barras Cortadas:
Barra (1000) : 34
Barra (1100) : 68
Barra (54) : 3
Barra (270) : 8
Barra (42) : 3

Retalhos Gerados:
Retalho (42) : 10
Retalho (42) : 7
Retalho (662) : 1
