
1 Soluções

Saida Arquivo/Entrada/D1d19.txt

Minimizar a Perda Total
max retalho: 5

(0)(1000)	21.00	(50)20	0.00	0	

(1)(1000)	15.00	(73)1	(39)23	(6)5	0.00	0	

(2)(1000)	15.00	(41)20	(29)6	(6)1	0.00	0	

(3)(1000)	13.00	(62)15	(41)1	(29)1	0.00	0	

(4)(1000)	10.00	(73)2	(62)13	(47)1	1.00	47	

(5)(1100)	8.00	(73)15	5.00	0	

(6)(1000)	7.00	(83)12	4.00	0	

(7)(1000)	7.00	(83)1	(29)31	(6)3	0.00	0	

(8)(281)	7.00	(73)2	(39)3	(6)3	0.00	0	

(9)(1000)	3.00	(73)13	(6)8	3.00	0	

(10)(1100)	24.00	(71)15	(29)1	(6)1	0.00	0	

(11)(54)	3.00	(6)9	0.00	0	

(12)(281)	1.00	(29)1	(18)14	0.00	0	
max retalho: 5

(1)(1100)	1.00	(73)14	78.00	0	

(2)(1000)	1.00	(71)3	(62)2	(50)2	(39)4	(41)7	(29)3	(6)5	3.00	0	

(3)(1100)	1.00	(83)9	353.00	0	

(9)(56)	2.00	(39)1	17.00	0	
max retalho: 5

(0)(1000)	1.00	(39)6	(29)14	0	360	
Sobra Total: 830.00
Perda Total: 555.00

Total Barras Cortadas:
Barra (1000) : 93
Barra (1100) : 34
Barra (54) : 3
Barra (281) : 8
Barra (56) : 2

Retalhos Gerados:
Retalho (47) : 10
Retalho (360) : 1

2 Soluções

Saida Arquivo/Entrada/D1d19.txt

Minimizar a Perda Total
max retalho: 5

(0)(1100)	22.00	(71)7	(41)14	(29)1	0.00	0	

(1)(1000)	21.00	(62)15	(29)2	(6)2	0.00	0	

(2)(1100)	17.00	(50)22	0.00	0	

(3)(1000)	16.00	(73)13	(50)1	1.00	0	

(4)(1100)	14.00	(50)1	(39)26	(6)6	0.00	0	

(5)(1100)	13.00	(71)15	(29)1	(6)1	0.00	0	

(6)(1100)	8.00	(83)2	(29)32	(6)1	0.00	0	

(7)(56)	2.00	(6)9	2.00	0	

(8)(1100)	7.00	(83)11	(73)1	(39)2	(6)6	0.00	0	

(9)(1100)	1.00	(71)6	(41)10	(18)14	(6)2	0.00	0	
max retalho: 5

(0)(281)	5.00	(62)1	(50)2	(29)4	3.00	0	

(1)(281)	1.00	(50)5	(29)1	2.00	0	

(2)(281)	1.00	(73)1	(50)1	(41)2	(29)2	(6)3	0.00	0	

(6)(1000)	1.00	(83)5	(71)7	(29)3	1.00	0	
max retalho: 5

(1)(1100)	1.00	(83)2	(71)1	(73)5	(62)5	(50)2	(29)3	1.00	0	
max retalho: 5

(0)(281)	1.00	(73)1	(62)2	0	84	
Sobra Total: 84.00
Perda Total: 39.00

Total Barras Cortadas:
Barra (1000) : 38
Barra (1100) : 83
Barra (54) : 0
Barra (281) : 8
Barra (56) : 2

Retalhos Gerados:
Retalho (84) : 1
