
1 Soluções

Saida Arquivo/Entrada/D1d18.txt

Minimizar a Perda Total
max retalho: 5

(0)(1000)	35.00	(79)12	(36)1	(15)1	1.00	0	

(1)(1000)	24.00	(58)17	(14)1	0.00	0	

(2)(1100)	20.00	(80)13	(15)4	0.00	0	

(3)(1000)	19.00	(48)20	(25)1	(15)1	0.00	0	

(4)(1000)	13.00	(69)14	(15)2	4.00	0	

(5)(1100)	13.00	(36)29	(14)4	0.00	0	

(6)(63)	8.00	(25)2	13.00	0	

(7)(1000)	5.00	(46)21	(15)2	4.00	0	

(8)(1100)	4.00	(36)1	(14)76	0.00	0	

(9)(277)	3.00	(79)3	(25)1	(15)1	0.00	0	

(10)(1100)	1.00	(25)44	0.00	0	

(12)(1000)	1.00	(80)12	(25)1	(15)1	0.00	0	
max retalho: 5

(0)(51)	6.00	(25)2	1.00	0	

(1)(1100)	1.00	(69)13	203.00	0	

(2)(51)	2.00	(14)3	9.00	0	

(3)(1100)	1.00	(36)28	92.00	0	

(4)(1000)	1.00	(79)5	(58)1	(46)7	(15)15	0.00	0	

(5)(1100)	1.00	(48)19	188.00	0	
max retalho: 5

(0)(1000)	1.00	(79)6	(80)1	(25)2	(14)27	(15)1	3.00	0	

(1)(1100)	1.00	(58)12	404.00	0	
max retalho: 5

(0)(1100)	1.00	(14)6	0	1016	
Sobra Total: 1016.00
Perda Total: 1125.00

Total Barras Cortadas:
Barra (1000) : 99
Barra (1100) : 43
Barra (63) : 8
Barra (277) : 3
Barra (51) : 8

Retalhos Gerados:
Retalho (1016) : 1

2 Soluções

Saida Arquivo/Entrada/D1d18.txt

Minimizar a Perda Total
max retalho: 5

(0)(1000)	39.00	(79)11	(58)2	(15)1	0.00	0	

(1)(1000)	24.00	(80)5	(69)8	(48)1	0.00	0	

(2)(1100)	17.00	(58)16	(48)3	(14)2	0.00	0	

(3)(1000)	16.00	(80)9	(58)4	(48)1	0.00	0	

(4)(1100)	15.00	(36)28	(25)2	(14)3	0.00	0	

(5)(1000)	10.00	(46)11	(48)10	(14)1	0.00	0	

(6)(1000)	8.00	(48)20	(25)1	15.00	0	

(7)(63)	8.00	(48)1	(14)1	1.00	0	

(8)(1100)	4.00	(25)2	(14)75	0.00	0	

(9)(277)	3.00	(25)5	(15)10	2.00	0	

(10)(1100)	1.00	(25)5	(15)65	0.00	0	

(11)(1100)	1.00	(46)2	(48)21	0.00	0	
max retalho: 5

(0)(51)	8.00	(48)1	3.00	0	

(1)(1100)	1.00	(79)8	(48)3	(36)9	0.00	0	

(2)(1000)	1.00	(80)8	(69)3	(48)1	(25)3	(15)2	0.00	0	

(3)(1100)	1.00	(36)7	(14)22	(15)36	0.00	0	

(6)(1000)	1.00	(58)7	(36)4	(25)18	0.00	0	
max retalho: 5

(0)(1100)	1.00	(79)3	(80)1	(48)6	(25)9	(15)18	0.00	0	

(1)(1100)	1.00	(36)4	(25)1	(47)10	(461)1	0.00	931	
max retalho: 4

(0)(1000)	1.00	(48)1	0	952	
Sobra Total: 1883.00
Perda Total: 158.00

Total Barras Cortadas:
Barra (1000) : 100
Barra (1100) : 42
Barra (63) : 8
Barra (277) : 3
Barra (51) : 8

Retalhos Gerados:
Retalho (47) : 10
Retalho (461) : 1
Retalho (952) : 1

10 Soluções

Saida Arquivo/Entrada/D1d18.txt

Minimizar a Perda Total
max retalho: 5

(0)(1000)	40.00	(79)11	(58)2	(15)1	0.00	0	

(1)(1000)	25.00	(80)8	(69)5	(15)1	0.00	0	

(2)(1100)	23.00	(58)14	(48)6	0.00	0	

(3)(1100)	15.00	(36)28	(25)2	(14)3	0.00	0	

(4)(1000)	11.00	(48)20	(25)1	(15)1	0.00	0	

(5)(1000)	11.00	(80)6	(69)6	(58)1	(48)1	0.00	0	

(6)(63)	8.00	(15)4	3.00	0	

(7)(1100)	5.00	(46)20	(48)3	(36)1	0.00	0	

(8)(1100)	4.00	(25)2	(14)75	0.00	0	

(9)(1100)	1.00	(25)2	(15)70	0.00	0	

(10)(277)	3.00	(80)2	(69)1	(48)1	0.00	0	

(11)(1100)	1.00	(25)44	0.00	0	
max retalho: 5

(0)(51)	1.00	(36)1	(15)1	0.00	0	

(3)(1100)	1.00	(46)9	(48)11	(36)4	(14)1	0.00	0	

(9)(51)	7.00	(36)1	(14)1	1.00	0	
max retalho: 5

(0)(1000)	1.00	(69)1	(58)8	(46)3	(36)5	(14)10	9.00	0	
max retalho: 5

(0)(1100)	1.00	(80)1	(48)1	(36)2	(25)2	(14)50	(15)10	0.00	0	
max retalho: 5

(0)(1000)	1.00	(14)6	(15)1	0	901	
Sobra Total: 901.00
Perda Total: 40.00

Total Barras Cortadas:
Barra (1000) : 89
Barra (1100) : 51
Barra (63) : 8
Barra (277) : 3
Barra (51) : 8

Retalhos Gerados:
Retalho (901) : 1
