
1 Soluções

Saida Arquivo/Entrada/D1d9.txt

Minimizar a Perda Total
max retalho: 5

(0)(1000)	20.00	(66)1	(43)1	(11)1	(80)11	0.00	0	

(1)(1100)	16.00	(76)14	36.00	0	

(2)(1100)	12.00	(64)17	12.00	0	

(3)(1100)	9.00	(43)25	25.00	0	

(4)(122)	9.00	(32)1	(34)2	(22)1	0.00	0	

(5)(1100)	8.00	(55)20	0.00	0	

(6)(1100)	8.00	(34)32	12.00	0	

(7)(1100)	6.00	(66)3	(22)1	(80)11	0.00	0	

(8)(361)	4.00	(76)1	(32)5	(34)1	(11)1	(80)1	0.00	0	

(9)(1100)	2.00	(11)100	0.00	0	

(10)(134)	3.00	(32)1	(22)1	(80)1	0.00	0	

(11)(1100)	2.00	(22)50	0.00	0	

(12)(134)	2.00	(43)1	(11)1	(80)1	0.00	0	
max retalho: 5

(0)(1100)	1.00	(11)78	242.00	0	

(1)(1100)	1.00	(22)33	374.00	0	

(3)(1100)	1.00	(80)7	540.00	0	
max retalho: 5

(0)(1000)	1.00	(76)1	(64)1	(66)1	(55)9	(43)1	(34)3	0	154	
Sobra Total: 154.00
Perda Total: 2197.00

Total Barras Cortadas:
Barra (1000) : 21
Barra (1100) : 66
Barra (134) : 5
Barra (361) : 4
Barra (122) : 9

Retalhos Gerados:
Retalho (154) : 1

2 Soluções

Saida Arquivo/Entrada/D1d9.txt

Minimizar a Perda Total
max retalho: 5

(0)(1100)	17.00	(76)13	(34)2	(22)1	(11)2	0.00	0	

(1)(1100)	17.00	(64)11	(34)11	(22)1	0.00	0	

(2)(1100)	13.00	(66)3	(11)2	(80)11	0.00	0	

(3)(1100)	11.00	(64)1	(43)22	(34)2	(22)1	0.00	0	

(4)(1100)	9.00	(11)20	(80)11	0.00	0	

(5)(122)	9.00	(22)4	(11)3	1.00	0	

(6)(1100)	8.00	(55)19	(22)2	(11)1	0.00	0	

(7)(1100)	3.00	(11)5	(80)13	5.00	0	

(8)(1000)	1.00	(64)5	(34)20	0.00	0	

(9)(1100)	1.00	(22)49	(11)2	0.00	0	

(10)(361)	4.00	(76)1	(34)1	(11)1	(80)3	0.00	0	

(11)(1100)	1.00	(43)1	(32)32	(22)1	(11)1	0.00	0	
max retalho: 5

(0)(1100)	1.00	(55)17	165.00	0	

(1)(1100)	1.00	(76)4	(64)2	(34)10	(22)4	(80)3	0.00	0	
max retalho: 5

(0)(1000)	1.00	(43)5	(34)4	(11)7	(80)6	0	92	
Sobra Total: 92.00
Perda Total: 189.00

Total Barras Cortadas:
Barra (1000) : 2
Barra (1100) : 82
Barra (134) : 0
Barra (361) : 4
Barra (122) : 9

Retalhos Gerados:
Retalho (92) : 1

3 Soluções

Saida Arquivo/Entrada/D1d9.txt

Minimizar a Perda Total
max retalho: 5

(0)(1100)	17.00	(64)11	(34)11	(11)2	0.00	0	

(1)(1100)	16.00	(76)13	(34)2	(11)4	0.00	0	

(2)(1000)	14.00	(76)1	(22)1	(11)2	(80)11	0.00	0	

(3)(1100)	13.00	(66)3	(11)2	(80)11	0.00	0	

(4)(1100)	11.00	(64)1	(43)22	(34)2	(11)2	0.00	0	

(5)(1100)	8.00	(55)19	(22)1	(11)3	0.00	0	

(6)(1100)	2.00	(22)48	(11)4	0.00	0	

(7)(1000)	1.00	(64)2	(34)25	(11)2	0.00	0	

(8)(1100)	1.00	(43)1	(32)32	(11)3	0.00	0	

(10)(122)	9.00	(22)3	(11)5	1.00	0	
max retalho: 5

(0)(134)	4.00	(64)1	(34)1	(11)3	3.00	0	

(1)(361)	2.00	(55)6	(11)1	20.00	0	

(2)(1100)	1.00	(76)3	(34)10	(11)12	(80)5	0.00	0	

(3)(361)	1.00	(43)4	(34)1	(22)6	(11)2	1.00	0	

(4)(361)	1.00	(76)4	57.00	0	
max retalho: 5

(0)(1000)	1.00	(64)1	(55)5	(43)1	(11)20	0	398	
Sobra Total: 398.00
Perda Total: 119.00

Total Barras Cortadas:
Barra (1000) : 16
Barra (1100) : 69
Barra (134) : 4
Barra (361) : 4
Barra (122) : 9

Retalhos Gerados:
Retalho (398) : 1

10 Soluções

Saida Arquivo/Entrada/D1d9.txt

Minimizar a Perda Total
max retalho: 5

(0)(1100)	17.00	(76)13	(34)2	(11)4	0.00	0	

(1)(1100)	17.00	(64)11	(34)11	(11)2	0.00	0	

(2)(1100)	13.00	(43)3	(11)1	(80)12	0.00	0	

(3)(1100)	13.00	(66)3	(11)2	(80)11	0.00	0	

(4)(1100)	9.00	(64)1	(43)22	(34)2	(11)2	0.00	0	

(5)(1100)	9.00	(55)18	(11)10	0.00	0	

(6)(1100)	3.00	(22)49	22.00	0	

(7)(1000)	1.00	(64)2	(34)25	(11)2	0.00	0	

(8)(1100)	1.00	(43)1	(32)32	(11)3	0.00	0	
max retalho: 5

(0)(122)	5.00	(34)3	(11)1	9.00	0	

(1)(361)	2.00	(76)4	(11)5	2.00	0	

(2)(134)	1.00	(64)1	(11)6	4.00	0	

(3)(134)	2.00	(64)2	6.00	0	

(4)(134)	2.00	(43)2	(34)1	(11)1	3.00	0	

(6)(361)	1.00	(64)1	(11)27	0.00	0	
max retalho: 5

(0)(1100)	1.00	(64)1	(55)7	(43)6	(22)4	(80)3	0	65	
Sobra Total: 65.00
Perda Total: 137.00

Total Barras Cortadas:
Barra (1000) : 1
Barra (1100) : 83
Barra (134) : 5
Barra (361) : 3
Barra (122) : 5

Retalhos Gerados:
Retalho (65) : 1
