
1 Soluções

Saida Arquivo/Entrada/D1d8.txt

Minimizar a Perda Total
max retalho: 5

(0)(1000)	26.00	(68)1	(69)12	(58)1	(46)1	0.00	0	

(1)(1100)	13.00	(83)13	21.00	0	

(2)(1000)	11.00	(79)11	(69)1	(37)1	(25)1	0.00	0	

(3)(1100)	10.00	(68)16	12.00	0	

(4)(1000)	9.00	(68)1	(58)15	(37)1	(25)1	0.00	0	

(5)(1100)	8.00	(37)29	27.00	0	

(6)(1100)	3.00	(25)44	0.00	0	

(7)(365)	3.00	(46)7	(37)1	6.00	0	

(8)(1000)	1.00	(58)14	(46)3	(25)2	0.00	0	

(9)(1000)	1.00	(35)12	(37)1	(25)1	(14)37	0.00	0	

(10)(140)	8.00	(37)1	(25)4	3.00	0	
max retalho: 5

(0)(1100)	1.00	(79)7	547.00	0	

(1)(1100)	1.00	(68)2	(69)2	(58)1	(46)3	(37)1	(25)2	(14)21	(83)3	0.00	0	
max retalho: 5

(0)(1000)	1.00	(58)5	(37)11	(25)12	3.00	0	

(1)(127)	1.00	(25)5	2.00	0	
max retalho: 5

(0)(1100)	1.00	(58)2	(25)5	0	859	
Sobra Total: 859.00
Perda Total: 1203.00

Total Barras Cortadas:
Barra (1000) : 49
Barra (1100) : 37
Barra (140) : 8
Barra (365) : 3
Barra (127) : 1

Retalhos Gerados:
Retalho (859) : 1

2 Soluções

Saida Arquivo/Entrada/D1d8.txt

Minimizar a Perda Total
max retalho: 5

(0)(1100)	24.00	(69)13	(58)1	(46)1	(37)2	(25)1	0.00	0	

(1)(1100)	13.00	(68)13	(25)2	(83)2	0.00	0	

(2)(1100)	11.00	(83)13	21.00	0	

(3)(1100)	10.00	(79)12	(69)1	(46)1	(37)1	0.00	0	

(4)(1100)	9.00	(68)1	(58)17	(46)1	0.00	0	

(5)(127)	7.00	(37)3	(14)1	2.00	0	

(6)(140)	5.00	(68)2	4.00	0	

(7)(1100)	3.00	(25)43	25.00	0	

(8)(365)	3.00	(68)1	(37)8	1.00	0	

(9)(140)	3.00	(46)3	2.00	0	

(10)(1000)	6.00	(37)24	(14)8	0.00	0	

(11)(1100)	1.00	(35)12	(37)18	(14)1	0.00	0	
max retalho: 5

(0)(1100)	1.00	(25)32	300.00	0	

(1)(1100)	1.00	(79)8	468.00	0	

(2)(1100)	1.00	(68)6	692.00	0	

(3)(1100)	1.00	(69)3	(58)6	(46)1	(37)6	(14)2	(83)3	0.00	0	
max retalho: 5

(0)(1000)	1.00	(37)5	0	815	
Sobra Total: 815.00
Perda Total: 1809.00

Total Barras Cortadas:
Barra (1000) : 7
Barra (1100) : 75
Barra (140) : 8
Barra (365) : 3
Barra (127) : 7

Retalhos Gerados:
Retalho (815) : 1

3 Soluções

Saida Arquivo/Entrada/D1d8.txt

Minimizar a Perda Total
max retalho: 5

(0)(1100)	30.00	(69)10	(58)6	(37)1	(25)1	0.00	0	

(1)(1100)	14.00	(68)1	(37)16	(25)1	(83)5	0.00	0	

(2)(1100)	10.00	(79)12	(69)1	(46)1	(37)1	0.00	0	

(3)(1100)	9.00	(68)13	(25)2	(83)2	0.00	0	

(4)(1100)	4.00	(14)1	(83)13	7.00	0	

(5)(1100)	2.00	(68)1	(46)20	(37)1	(25)3	0.00	0	

(6)(1100)	1.00	(46)2	(35)12	(14)42	0.00	0	

(7)(1100)	1.00	(69)13	(58)1	(46)1	(37)2	(25)1	0.00	0	

(9)(1100)	9.00	(68)7	(25)15	(83)3	0.00	0	
max retalho: 5

(0)(1100)	1.00	(68)1	(69)2	(58)2	(37)5	(25)7	(14)12	(83)3	1.00	0	
max retalho: 5

(0)(1100)	1.00	(79)8	(37)1	(83)2	(51)5	10.00	255	

(1)(127)	1.00	(37)2	0	53	
Sobra Total: 308.00
Perda Total: 39.00

Total Barras Cortadas:
Barra (1000) : 0
Barra (1100) : 82
Barra (140) : 0
Barra (365) : 0
Barra (127) : 1

Retalhos Gerados:
Retalho (51) : 5
Retalho (53) : 1

10 Soluções

Saida Arquivo/Entrada/D1d8.txt

Minimizar a Perda Total
max retalho: 5

(0)(1100)	32.00	(79)4	(69)8	(58)4	0.00	0	

(1)(1100)	13.00	(68)1	(37)5	(25)4	(83)9	0.00	0	

(2)(1100)	10.00	(68)15	(25)3	5.00	0	

(3)(1100)	9.00	(68)1	(37)16	(25)1	(83)5	0.00	0	

(4)(140)	8.00	(37)1	(25)3	(14)2	0.00	0	

(5)(127)	7.00	(69)1	(14)4	2.00	0	

(6)(1100)	5.00	(58)11	(46)6	(37)3	(25)3	0.00	0	

(7)(1100)	4.00	(69)15	(37)1	(14)2	0.00	0	

(8)(365)	3.00	(68)5	(14)1	11.00	0	

(9)(1000)	2.00	(68)1	(46)9	(37)14	0.00	0	

(10)(1100)	1.00	(35)12	(37)2	(25)1	(83)7	0.00	0	

(11)(1100)	1.00	(68)1	(25)41	7.00	0	
max retalho: 5

(0)(1000)	1.00	(69)2	(25)28	(14)3	120.00	0	

(1)(1100)	1.00	(46)5	(37)10	(83)3	251.00	0	
max retalho: 5

(0)(1000)	1.00	(68)7	(25)11	0	249	
Sobra Total: 249.00
Perda Total: 475.00

Total Barras Cortadas:
Barra (1000) : 4
Barra (1100) : 76
Barra (140) : 8
Barra (365) : 3
Barra (127) : 7

Retalhos Gerados:
Retalho (249) : 1
