
1 Soluções

Saida Arquivo/Entrada/D1d20.txt

Minimizar a Perda Total
max retalho: 5

(0)(1000)	1.00	(77)6	(54)2	(43)10	0.00	0	

(1)(1000)	22.00	(66)15	(10)1	0.00	0	

(2)(1000)	20.00	(54)15	(45)4	(10)1	0.00	0	

(3)(1000)	16.00	(45)22	(10)1	0.00	0	

(4)(1100)	14.00	(33)32	(10)2	(12)2	0.00	0	

(5)(1000)	9.00	(77)11	(54)2	(45)1	0.00	0	

(6)(56)	8.00	(10)5	6.00	0	

(7)(1100)	6.00	(76)14	(12)3	0.00	0	

(8)(1100)	3.00	(10)2	(12)90	0.00	0	

(9)(271)	3.00	(66)3	(10)3	(43)1	0.00	43	

(10)(1100)	3.00	(54)20	(10)2	0.00	0	

(11)(1100)	1.00	(66)9	(22)23	0.00	0	
max retalho: 5

(0)(1100)	12.00	(77)14	22.00	0	

(1)(1100)	1.00	(54)20	20.00	0	

(2)(1000)	1.00	(77)3	(54)10	(12)19	1.00	0	

(3)(1000)	1.00	(54)1	(45)9	(10)54	1.00	0	

(4)(1000)	1.00	(76)1	(66)7	(33)14	0.00	0	
max retalho: 5

(1)(1000)	1.00	(77)8	(54)7	6.00	0	

(3)(43)	1.00	(10)4	3.00	0	
max retalho: 5

(0)(1000)	1.00	(76)2	(77)4	(54)5	(10)27	0.00	0	
max retalho: 5

(0)(1100)	12.00	(43)25	25.00	0	

(1)(1100)	1.00	(76)4	(54)1	(43)17	11.00	0	
max retalho: 5

(0)(1000)	1.00	(43)14	0	398	
Sobra Total: 527.00
Perda Total: 654.00

Total Barras Cortadas:
Barra (1000) : 74
Barra (1100) : 53
Barra (56) : 8
Barra (271) : 3
Barra (43) : 1

Retalhos Gerados:
Retalho (43) : 3
Retalho (398) : 1

2 Soluções

Saida Arquivo/Entrada/D1d20.txt

Minimizar a Perda Total
max retalho: 5

(9)(1100)	1.00	(54)2	(43)10	(45)12	(10)1	(12)1	0.00	0	

(10)(1100)	1.00	(10)109	10.00	0	
max retalho: 5

(0)(1000)	36.00	(54)10	(45)10	(10)1	0.00	0	

(1)(1100)	22.00	(77)13	(54)1	(45)1	0.00	0	

(2)(1100)	21.00	(66)16	(10)2	(12)2	0.00	0	

(3)(1100)	14.00	(33)32	(10)2	(12)2	0.00	0	

(4)(271)	3.00	(76)2	(54)1	(45)1	(10)2	0.00	0	

(5)(1100)	2.00	(45)21	(33)1	(12)10	2.00	0	

(6)(1100)	2.00	(12)91	8.00	0	

(7)(1000)	7.00	(76)12	(54)1	(10)1	(12)2	0.00	0	

(8)(1100)	1.00	(54)20	20.00	0	

(9)(1000)	1.00	(76)1	(66)6	(22)23	(10)1	(12)1	0.00	0	
max retalho: 5
max retalho: 5

(0)(1100)	1.00	(77)2	(54)1	(45)11	(33)11	(10)2	(12)1	2.00	0	

(5)(1000)	1.00	(66)13	(43)3	13.00	129	
max retalho: 4

(0)(1100)	14.00	(12)1	(43)25	13.00	1075	

(1)(43)	8.00	(12)2	19.00	0	

(2)(56)	6.00	(54)1	2.00	0	

(3)(56)	1.00	(33)1	23.00	0	

(5)(56)	1.00	(12)4	8.00	0	
max retalho: 3
max retalho: 3

(0)(1000)	1.00	(54)3	(12)12	0	694	
Sobra Total: 15873.00
Perda Total: 442.00

Total Barras Cortadas:
Barra (1000) : 46
Barra (1100) : 79
Barra (56) : 8
Barra (271) : 3
Barra (43) : 8

Retalhos Gerados:
Retalho (43) : 3
Retalho (43) : 350
Retalho (694) : 1
