
1 Soluções

Saida Arquivo/Entrada/D1d16.txt

Minimizar a Perda Total
max retalho: 5

(0)(1000)	23.00	(49)1	(51)18	(19)1	(7)2	0.00	0	

(1)(1000)	21.00	(82)11	(51)1	(40)1	(7)1	0.00	0	

(2)(1000)	18.00	(40)25	0.00	0	

(3)(1000)	9.00	(61)4	(28)27	0.00	0	

(4)(1000)	8.00	(49)18	(40)2	(19)2	0.00	0	

(5)(1000)	7.00	(72)13	(19)3	(7)1	0.00	0	

(6)(1000)	6.00	(28)4	(19)46	(7)2	0.00	0	

(7)(50)	5.00	(7)7	1.00	0	

(8)(1100)	4.00	(61)17	(7)9	0.00	0	

(9)(1000)	1.00	(82)7	(51)1	(28)1	(17)20	(7)1	0.00	0	
max retalho: 5

(0)(1100)	2.00	(61)18	2.00	0	

(1)(1100)	1.00	(72)11	308.00	0	

(2)(1000)	1.00	(82)5	(51)3	(40)5	(28)4	(19)4	(7)7	0.00	0	

(3)(1100)	1.00	(49)12	512.00	0	
max retalho: 5

(0)(1100)	1.00	(82)1	(61)9	(19)24	13.00	0	
max retalho: 5

(0)(495)	1.00	(61)7	(19)2	30.00	0	
Sobra Total: 0.00
Perda Total: 872.00

Total Barras Cortadas:
Barra (1000) : 94
Barra (1100) : 9
Barra (50) : 5
Barra (265) : 0
Barra (495) : 1

Retalhos Gerados:

2 Soluções

Saida Arquivo/Entrada/D1d16.txt

Minimizar a Perda Total
max retalho: 5

(0)(1100)	21.00	(82)11	(51)3	(19)2	(7)1	0.00	0	

(1)(1100)	18.00	(51)20	(40)1	(19)1	(7)3	0.00	0	

(2)(1100)	11.00	(40)27	20.00	0	

(3)(1000)	11.00	(72)3	(49)16	0.00	0	

(4)(1100)	9.00	(72)7	(40)13	(19)4	0.00	0	

(5)(1100)	8.00	(61)3	(28)31	(7)7	0.00	0	

(6)(1100)	6.00	(61)18	2.00	0	

(7)(1100)	5.00	(28)3	(19)52	(7)4	0.00	0	

(8)(495)	4.00	(61)2	(40)9	13.00	0	

(9)(50)	1.00	(7)7	1.00	0	

(10)(1100)	1.00	(82)8	(40)1	(17)20	(19)3	(7)1	0.00	0	
max retalho: 5

(0)(265)	4.00	(61)2	(51)2	(40)1	1.00	0	

(1)(50)	2.00	(49)1	1.00	0	

(2)(1100)	1.00	(72)6	(61)3	(51)3	(40)2	(28)9	0.00	0	

(3)(1000)	1.00	(82)5	(51)5	(40)4	(19)7	(7)6	0.00	0	
max retalho: 5

(0)(1000)	1.00	(61)5	(49)1	(40)13	0	126	
Sobra Total: 126.00
Perda Total: 291.00

Total Barras Cortadas:
Barra (1000) : 13
Barra (1100) : 80
Barra (50) : 3
Barra (265) : 4
Barra (495) : 4

Retalhos Gerados:
Retalho (126) : 1

3 Soluções

Saida Arquivo/Entrada/D1d16.txt

Minimizar a Perda Total

10 Soluções

Saida Arquivo/Entrada/D1d16.txt

Minimizar a Perda Total
max retalho: 5

(0)(1100)	26.00	(82)9	(49)1	(51)6	(7)1	0.00	0	

(1)(1000)	17.00	(40)25	0.00	0	

(2)(1100)	14.00	(51)20	(40)1	(19)1	(7)3	0.00	0	

(3)(1100)	10.00	(72)3	(49)14	(40)4	(19)2	0.00	0	

(4)(1100)	8.00	(61)3	(28)31	(7)7	0.00	0	

(5)(1100)	7.00	(61)17	(42)1	21.00	42	

(6)(1100)	6.00	(28)3	(19)52	(7)4	0.00	0	

(7)(1100)	5.00	(72)14	(40)1	(19)2	(7)2	0.00	0	

(8)(1100)	1.00	(82)8	(40)1	(17)20	(19)3	(7)1	0.00	0	

(9)(50)	1.00	(7)6	8.00	0	
max retalho: 5

(0)(265)	1.00	(49)1	(51)2	(19)6	0.00	0	

(1)(1100)	1.00	(82)2	(72)2	(61)1	(49)9	(40)7	10.00	0	

(2)(1000)	1.00	(61)12	(49)2	(28)6	2.00	0	
max retalho: 5

(0)(265)	1.00	(49)1	(51)1	(19)1	0	146	
Sobra Total: 440.00
Perda Total: 167.00

Total Barras Cortadas:
Barra (1000) : 18
Barra (1100) : 78
Barra (50) : 1
Barra (265) : 2
Barra (495) : 0

Retalhos Gerados:
Retalho (42) : 7
Retalho (146) : 1
