
Saida Arquivo/Entrada/Class5/D5d9.txt

Minimizar a Perda Total
max retalho: 3
(0)(1100)	8.00	(83)11	(24)7	(19)1	0.00	0	
(1)(1100)	8.00	(71)14	(24)1	(82)1	0.00	0	
(2)(1100)	6.00	(6)1	(57)18	(17)4	0.00	0	
(3)(1100)	5.00	(59)18	(19)2	0.00	0	
(4)(1100)	6.00	(80)4	(65)12	0.00	0	
(5)(1100)	5.00	(76)1	(53)19	(17)1	0.00	0	
(6)(1100)	5.00	(64)14	(68)3	0.00	0	
(7)(1100)	4.00	(27)1	(24)3	(77)13	0.00	0	
(8)(1100)	4.00	(80)13	(36)1	(24)1	0.00	0	
(9)(1100)	3.00	(10)1	(51)21	(19)1	0.00	0	
(10)(1100)	3.00	(62)17	(29)1	(17)1	0.00	0	
(11)(1100)	2.00	(32)28	(68)3	0.00	0	
(12)(1100)	2.00	(39)28	8.00	0	
(13)(1100)	2.00	(54)19	(36)1	(19)2	0.00	0	
(14)(1100)	2.00	(18)1	(36)29	(19)2	0.00	0	
(15)(1100)	2.00	(22)50	0.00	0	
(16)(1100)	2.00	(61)18	2.00	0	
(17)(1100)	2.00	(27)1	(29)37	0.00	0	
(18)(1100)	2.00	(26)42	8.00	0	
(19)(1100)	1.00	(18)61	2.00	0	
(20)(1100)	1.00	(55)20	0.00	0	
(21)(1100)	1.00	(6)2	(68)16	0.00	0	
(22)(1100)	1.00	(50)22	0.00	0	
(23)(1100)	1.00	(57)1	(17)1	(19)54	0.00	0	
(24)(1100)	1.00	(15)73	5.00	0	
(25)(1100)	1.00	(10)2	(72)15	0.00	0	
(26)(1100)	1.00	(28)39	8.00	0	
(27)(1100)	1.00	(27)38	(36)1	(19)2	0.00	0	
(28)(1100)	1.00	(60)9	(20)27	(10)2	0.00	0	
(29)(1100)	1.00	(10)1	(68)15	(15)1	(17)2	(7)3	0.00	0	
(30)(1100)	1.00	(43)4	(47)9	(40)11	(65)1	0.00	0	
(40)(1000)	4.00	(80)6	(65)8	0.00	0	
max retalho: 3
(0)(1100)	1.00	(50)12	(39)1	(43)7	(80)2	0.00	0	
(1)(1100)	1.00	(6)2	(68)1	(51)20	0.00	0	
(2)(1100)	1.00	(76)10	(53)6	(10)2	2.00	0	
(5)(1100)	1.00	(71)1	(18)3	(10)9	(59)15	0.00	0	
(7)(1100)	1.00	(32)19	(36)11	(40)1	(28)2	0.00	0	
(8)(1100)	1.00	(22)1	(77)9	(55)7	0.00	0	
(12)(1100)	1.00	(29)3	(54)10	(43)4	(80)3	(61)1	0.00	0	
(14)(1100)	1.00	(83)4	(62)3	(18)1	(10)2	(82)2	(19)20	0.00	0	
(15)(1100)	1.00	(22)1	(10)1	(57)2	(24)6	(82)5	(40)10	0.00	0	
max retalho: 3
(1)(1100)	1.00	(18)1	(10)43	(15)14	(17)26	0.00	0	
(3)(1100)	1.00	(39)16	(27)2	(68)5	(82)1	0.00	0	
(7)(1100)	1.00	(53)8	(32)3	(72)1	(17)4	(55)8	0.00	0	
max retalho: 3
(2)(1100)	1.00	(60)4	(18)36	(53)1	(43)1	(10)2	(40)1	(55)1	1.00	0	
max retalho: 3
(2)(1100)	1.00	(64)1	(43)3	(80)3	(59)1	(61)3	(17)25	0.00	0	
max retalho: 3
(3)(1000)	1.00	(18)12	(6)3	(22)12	(68)5	(26)1	(17)8	0.00	0	
max retalho: 3
(3)(1000)	1.00	(6)10	(22)1	(68)4	(36)1	0	610	
Sobra Total: 610.00
Perda Total: 54.00

Total Barras Cortadas:
Barra (1000) : 6
Barra (1100) : 99
Barra (105) : 0
Barra (319) : 0
Barra (92) : 0

Retalhos Gerados:
Retalho (610) : 1
