
Saida Arquivo/Entrada/Class5/D5d14.txt

Minimizar a Perda Total
max retalho: 3
(0)(1100)	9.00	(76)7	(71)8	0.00	0	
(1)(1100)	8.00	(5)1	(63)11	(67)6	0.00	0	
(2)(1100)	8.00	(78)14	8.00	0	
(3)(1100)	5.00	(77)13	(54)1	(45)1	0.00	0	
(4)(1100)	6.00	(70)1	(58)16	(51)2	0.00	0	
(5)(1100)	5.00	(53)6	(46)17	0.00	0	
(6)(1000)	4.00	(74)13	(19)2	0.00	0	
(7)(1100)	4.00	(47)22	(19)3	(9)1	0.00	0	
(8)(1100)	4.00	(12)1	(63)1	(41)1	(82)12	0.00	0	
(9)(1100)	4.00	(12)1	(63)1	(41)25	0.00	0	
(10)(1100)	4.00	(19)1	(9)1	(67)16	0.00	0	
(11)(1100)	3.00	(45)23	(23)2	(19)1	0.00	0	
(12)(1100)	3.00	(56)14	(76)2	(82)2	0.00	0	
(13)(1100)	3.00	(70)15	(41)1	(9)1	0.00	0	
(14)(1100)	2.00	(26)42	8.00	0	
(15)(1100)	2.00	(54)1	(23)43	(19)3	0.00	0	
(16)(1100)	2.00	(81)13	(47)1	0.00	0	
(17)(1100)	2.00	(22)50	0.00	0	
(18)(1100)	2.00	(5)1	(41)2	(19)1	(71)14	0.00	0	
(19)(1100)	1.00	(55)20	0.00	0	
(20)(1100)	1.00	(54)18	(47)1	(5)1	(19)4	0.00	0	
(21)(1100)	1.00	(33)32	(26)1	(5)1	(13)1	0.00	0	
(22)(1100)	1.00	(77)2	(45)1	(49)18	(19)1	0.00	0	
(23)(1100)	1.00	(20)55	0.00	0	
(24)(1100)	1.00	(16)5	(34)30	0.00	0	
(25)(1100)	1.00	(12)1	(5)1	(53)19	(76)1	0.00	0	
(26)(1100)	1.00	(33)1	(16)66	(11)1	0.00	0	
(28)(1100)	1.00	(12)1	(5)1	(19)57	0.00	0	
(29)(1100)	1.00	(58)10	(37)12	(5)5	(51)1	0.00	0	
(33)(1100)	1.00	(5)4	(30)14	(44)15	0.00	0	
(36)(1100)	1.00	(66)5	(14)45	(5)28	0.00	0	
(40)(1000)	4.00	(80)11	(58)1	(16)1	(46)1	0.00	0	
max retalho: 3
(0)(1100)	1.00	(47)8	(5)2	(34)21	0.00	0	
(1)(1100)	1.00	(45)20	200.00	0	
(2)(1100)	1.00	(55)19	55.00	0	
(3)(1000)	1.00	(77)2	(80)1	(82)5	(71)5	1.00	0	
(4)(1100)	1.00	(12)89	32.00	0	
(5)(1100)	1.00	(33)27	209.00	0	
(6)(1100)	1.00	(20)44	220.00	0	
(7)(1000)	1.00	(56)3	(23)15	(81)6	1.00	0	
(9)(1100)	1.00	(22)11	(26)26	(14)2	(11)14	0.00	0	
(10)(1100)	1.00	(49)14	(76)5	(34)1	0.00	0	
(16)(1100)	1.00	(54)16	236.00	0	
max retalho: 3
(2)(1000)	1.00	(49)1	(5)2	(74)11	(34)1	(13)7	2.00	0	
(7)(1100)	1.00	(80)1	(70)4	(51)3	(53)7	(78)1	(67)2	4.00	0	
max retalho: 3
(2)(1000)	1.00	(56)6	(80)4	(5)2	(63)4	(41)2	0.00	0	
max retalho: 3
(3)(1100)	1.00	(77)1	(23)2	(47)9	(63)2	(53)1	(9)1	(11)2	(13)21	(71)1	0.00	0	
max retalho: 3
(0)(1100)	1.00	(77)3	(23)5	(58)3	(16)8	(5)3	(53)3	(41)2	(19)5	(44)1	57.00	0	
Sobra Total: 0.00
Perda Total: 1097.00

Total Barras Cortadas:
Barra (1000) : 12
Barra (1100) : 100
Barra (121) : 0
Barra (336) : 0
Barra (109) : 0

Retalhos Gerados:
