
Saida Arquivo/Entrada/Class5/D5d11.txt

Minimizar a Perda Total
max retalho: 3
(0)(1100)	8.00	(34)6	(64)14	0.00	0	
(1)(1100)	6.00	(7)1	(71)15	(8)1	(10)2	0.00	0	
(2)(1100)	6.00	(67)12	(37)8	0.00	0	
(3)(1100)	6.00	(7)1	(69)15	(48)1	(10)1	0.00	0	
(4)(1100)	5.00	(46)1	(81)12	(6)1	(10)1	(66)1	0.00	0	
(5)(1100)	5.00	(12)1	(60)18	(8)1	0.00	0	
(6)(1100)	4.00	(63)15	(51)1	(67)1	(37)1	0.00	0	
(7)(1100)	4.00	(74)13	(69)2	0.00	0	
(8)(1100)	4.00	(40)26	(30)2	0.00	0	
(9)(1100)	3.00	(75)14	(10)5	0.00	0	
(10)(1100)	3.00	(19)1	(6)1	(43)25	0.00	0	
(11)(1100)	3.00	(9)1	(6)1	(31)35	0.00	0	
(12)(1100)	2.00	(30)6	(23)40	0.00	0	
(13)(1100)	3.00	(56)17	(71)2	(6)1	0.00	0	
(14)(1100)	2.00	(46)2	(48)21	0.00	0	
(15)(1100)	2.00	(46)2	(8)1	(10)1	(66)15	0.00	0	
(16)(1100)	2.00	(19)1	(46)23	(23)1	0.00	0	
(17)(1100)	2.00	(44)25	0.00	0	
(18)(1100)	2.00	(19)53	(31)3	0.00	0	
(19)(1100)	1.00	(52)21	8.00	0	
(20)(1100)	1.00	(20)55	0.00	0	
(21)(1100)	1.00	(34)6	(16)56	0.00	0	
(22)(1100)	1.00	(42)26	8.00	0	
(23)(1100)	1.00	(30)35	(19)1	(31)1	0.00	0	
(24)(1100)	1.00	(56)17	(43)2	(31)2	0.00	0	
(25)(1100)	1.00	(73)15	5.00	0	
(26)(1100)	1.00	(78)11	(13)2	(27)8	0.00	0	
(31)(1100)	1.00	(9)2	(13)10	(39)24	(8)2	0.00	0	
(34)(1100)	1.00	(77)4	(41)8	(8)58	0.00	0	
max retalho: 3
(0)(1100)	1.00	(42)8	(23)1	(13)57	0.00	0	
(1)(1100)	1.00	(63)4	(51)16	(30)1	2.00	0	
(2)(1100)	1.00	(12)1	(81)8	(10)44	0.00	0	
(3)(1100)	1.00	(7)6	(52)20	(8)1	(10)1	0.00	0	
(4)(1100)	1.00	(12)45	(60)9	(10)2	0.00	0	
(6)(1100)	1.00	(7)1	(75)13	(20)5	(8)1	(10)1	0.00	0	
(7)(1100)	1.00	(7)1	(23)27	(71)3	(37)7	0.00	0	
(11)(1100)	1.00	(19)2	(67)7	(34)8	(8)40	1.00	0	
(23)(1100)	1.00	(73)5	(9)23	(46)5	(69)1	(31)7	(10)1	2.00	0	
max retalho: 3
(0)(1100)	1.00	(30)10	(16)50	0.00	0	
(2)(1100)	1.00	(30)1	(71)9	(43)10	1.00	0	
(5)(1100)	1.00	(51)1	(56)5	(44)1	(23)9	(27)2	(20)1	(10)18	(66)4	0.00	0	
max retalho: 3
(0)(1100)	1.00	(74)1	(7)10	(13)4	(60)1	(48)5	(27)10	(6)1	(64)1	(43)5	(8)6	1.00	0	
max retalho: 3
(0)(1100)	1.00	(30)18	(20)28	0.00	0	
(3)(1100)	1.00	(63)10	(42)2	(43)2	(20)15	0.00	0	
max retalho: 3
(0)(1100)	1.00	(42)9	(16)1	(20)2	0	666	
Sobra Total: 666.00
Perda Total: 28.00

Total Barras Cortadas:
Barra (1000) : 0
Barra (1100) : 98
Barra (115) : 0
Barra (344) : 0
Barra (117) : 0

Retalhos Gerados:
Retalho (666) : 1
