
Saida Arquivo/Entrada/Class5/D5d2.txt

Minimizar a Perda Total
max retalho: 3
(0)(1100)	7.00	(74)13	(69)2	0.00	0	
(1)(1100)	7.00	(65)3	(69)13	(8)1	0.00	0	
(2)(1100)	7.00	(9)1	(48)1	(62)1	(6)1	(75)13	0.00	0	
(3)(1100)	6.00	(65)12	(80)4	0.00	0	
(4)(1100)	6.00	(61)18	2.00	0	
(5)(1100)	5.00	(48)2	(62)16	(6)2	0.00	0	
(6)(1100)	4.00	(83)3	(49)17	(18)1	0.00	0	
(7)(1100)	4.00	(50)22	0.00	0	
(8)(1100)	4.00	(72)15	(7)1	(13)1	0.00	0	
(9)(1100)	4.00	(80)13	(48)1	(6)2	0.00	0	
(10)(1100)	3.00	(44)25	0.00	0	
(11)(1100)	3.00	(46)23	(13)1	(29)1	0.00	0	
(12)(1100)	2.00	(39)28	8.00	0	
(13)(1100)	2.00	(42)26	8.00	0	
(14)(1100)	2.00	(7)2	(36)30	(6)1	0.00	0	
(15)(1100)	2.00	(21)52	8.00	0	
(16)(1100)	1.00	(76)14	(36)1	0.00	0	
(17)(1100)	1.00	(28)39	8.00	0	
(18)(1100)	1.00	(82)13	(18)1	(7)1	(9)1	0.00	0	
(19)(1100)	1.00	(18)1	(9)1	(29)37	0.00	0	
(20)(1100)	1.00	(46)2	(48)21	0.00	0	
(21)(1100)	1.00	(25)44	0.00	0	
(22)(1100)	2.00	(80)6	(62)10	0.00	0	
(23)(1000)	1.00	(51)7	(17)37	(7)2	0.00	0	
(24)(1100)	1.00	(53)17	(11)1	(15)12	(8)1	0.00	0	
(25)(1100)	1.00	(80)1	(48)3	(73)12	0.00	0	
(26)(1100)	1.00	(83)13	(21)1	0.00	0	
(34)(1100)	1.00	(7)19	(9)1	(57)14	(40)4	0.00	0	
(40)(1100)	5.00	(65)1	(79)13	(8)1	0.00	0	
max retalho: 3
(0)(1100)	1.00	(39)4	(18)52	(8)1	0.00	0	
(2)(1100)	1.00	(82)2	(65)4	(44)14	(9)4	(6)4	0.00	0	
(4)(1100)	1.00	(49)16	(7)1	(11)28	1.00	0	
(5)(1100)	1.00	(15)44	(8)55	0.00	0	
(7)(1100)	1.00	(74)12	(32)5	(13)4	0.00	0	
(10)(1100)	1.00	(11)1	(71)1	(62)5	(50)14	(8)1	0.00	0	
(11)(1000)	1.00	(72)7	(9)1	(48)7	(25)6	1.00	0	
(13)(1100)	1.00	(28)24	(42)10	(8)1	0.00	0	
(14)(1000)	1.00	(7)67	(69)7	(48)1	0.00	0	
(24)(1000)	1.00	(21)10	(79)3	(36)8	(29)9	4.00	0	
max retalho: 3
(0)(1100)	1.00	(82)2	(51)2	(28)1	(65)6	(32)13	0.00	0	
(3)(1100)	1.00	(83)2	(42)7	(48)3	(13)15	(75)4	1.00	0	
(4)(1100)	1.00	(39)19	(18)2	(21)1	(11)2	(8)35	0.00	0	
max retalho: 3
(0)(1100)	1.00	(76)12	(11)1	(15)5	(50)2	2.00	0	
(2)(1100)	1.00	(17)1	(9)69	(11)19	(80)3	(13)1	0.00	0	
max retalho: 3
(0)(1100)	1.00	(82)1	(61)1	(51)1	(39)2	(76)1	(9)2	(11)24	(46)1	(71)1	(50)3	(29)7	0.00	0	
max retalho: 3
(6)(1000)	1.00	(82)3	(51)3	(32)1	(11)1	(46)4	(25)1	(71)1	278.00	0	
Sobra Total: 0.00
Perda Total: 355.00

Total Barras Cortadas:
Barra (1000) : 5
Barra (1100) : 98
Barra (126) : 0
Barra (355) : 0
Barra (128) : 0

Retalhos Gerados:
