
Saida Arquivo/Entrada/Class5/D5d12.txt

Minimizar a Perda Total
max retalho: 3
(0)(1100)	6.00	(17)12	(64)14	0.00	0	
(1)(1100)	5.00	(28)1	(67)16	0.00	0	
(2)(1100)	4.00	(70)5	(75)10	0.00	0	
(3)(1100)	4.00	(82)1	(46)22	(6)1	0.00	0	
(4)(1100)	4.00	(82)13	(17)2	0.00	0	
(5)(1100)	4.00	(38)14	(71)8	0.00	0	
(6)(1100)	4.00	(5)1	(60)16	(27)5	0.00	0	
(7)(1100)	3.00	(57)1	(35)1	(36)28	0.00	0	
(8)(1100)	3.00	(39)28	8.00	0	
(9)(1100)	3.00	(72)14	(57)1	(35)1	0.00	0	
(10)(1100)	3.00	(5)2	(7)1	(57)19	0.00	0	
(11)(1100)	2.00	(38)1	(6)1	(66)16	0.00	0	
(12)(1100)	2.00	(78)14	8.00	0	
(13)(1100)	2.00	(74)13	(69)2	0.00	0	
(14)(1100)	2.00	(72)1	(5)1	(83)12	(27)1	0.00	0	
(15)(1100)	2.00	(49)20	(60)2	0.00	0	
(16)(1100)	2.00	(5)2	(9)1	(69)15	(46)1	0.00	0	
(17)(1100)	2.00	(5)3	(35)31	0.00	0	
(18)(1100)	2.00	(25)44	0.00	0	
(19)(1100)	2.00	(28)39	8.00	0	
(20)(1100)	1.00	(82)2	(13)1	(71)13	0.00	0	
(21)(1100)	1.00	(17)1	(63)14	(67)3	0.00	0	
(22)(1100)	1.00	(61)18	2.00	0	
(23)(1100)	1.00	(5)1	(36)1	(27)39	(6)1	0.00	0	
(24)(1100)	1.00	(18)61	2.00	0	
(25)(1100)	1.00	(30)15	(13)50	0.00	0	
(26)(1100)	1.00	(65)11	(42)9	(6)1	1.00	0	
(31)(1100)	1.00	(32)16	(21)28	0.00	0	
max retalho: 3
(0)(1100)	1.00	(39)2	(63)7	(83)7	0.00	0	
(1)(1100)	1.00	(74)8	(29)2	(75)6	0.00	0	
(2)(1100)	1.00	(5)1	(9)1	(78)12	(36)4	(6)1	0.00	0	
(3)(1100)	1.00	(49)13	(6)77	1.00	0	
(6)(1100)	1.00	(5)1	(64)14	(66)3	1.00	0	
(9)(1100)	1.00	(5)88	(7)30	(30)15	0.00	0	
(11)(1100)	1.00	(82)6	(72)2	(25)18	(6)2	2.00	0	
(18)(1100)	1.00	(70)3	(28)11	(7)1	(53)4	(21)1	(60)3	(18)9	0.00	0	
max retalho: 3
(0)(1100)	1.00	(29)22	(66)7	0.00	0	
(1)(1100)	1.00	(28)1	(5)1	(9)108	(83)1	(6)2	0.00	0	
(2)(1100)	1.00	(72)5	(61)5	(7)1	(42)3	(75)4	2.00	0	
(3)(1100)	1.00	(39)4	(7)3	(32)2	(69)3	(57)1	(35)17	0.00	0	
(4)(1100)	1.00	(38)4	(63)3	(69)5	(46)9	0.00	0	
max retalho: 3
(0)(1100)	1.00	(17)1	(7)1	(36)22	(71)4	0.00	0	
(5)(1100)	1.00	(39)12	(28)1	(5)1	(42)6	(25)1	(27)2	(66)4	4.00	0	
max retalho: 3
(0)(1100)	1.00	(61)1	(17)9	(7)27	(74)2	(63)1	(67)1	(69)1	(36)1	(13)5	(27)6	(29)3	0.00	0	
max retalho: 3
(0)(1100)	1.00	(7)4	(13)11	(71)7	(50)6	(6)22	0.00	0	
max retalho: 3
(0)(330)	1.00	(13)2	(71)1	(6)3	215.00	0	
Sobra Total: 0.00
Perda Total: 286.00

Total Barras Cortadas:
Barra (1000) : 0
Barra (1100) : 86
Barra (116) : 0
Barra (330) : 1
Barra (104) : 0

Retalhos Gerados:
