
Saida Arquivo/Entrada/Class5/D5d19.txt

Minimizar a Perda Total
max retalho: 3
(0)(1100)	8.00	(83)12	(24)1	(40)2	0.00	0	
(1)(1100)	7.00	(78)14	8.00	0	
(2)(1100)	8.00	(81)13	(9)1	(38)1	0.00	0	
(3)(1100)	4.00	(47)4	(24)2	(72)12	0.00	0	
(4)(1100)	4.00	(71)14	(24)1	(82)1	0.00	0	
(5)(1100)	4.00	(6)1	(74)14	(53)1	(5)1	0.00	0	
(6)(1100)	4.00	(45)20	(24)2	(72)1	(40)2	0.00	0	
(7)(1100)	4.00	(27)1	(43)24	(36)1	(5)1	0.00	0	
(8)(1100)	3.00	(64)14	(68)3	0.00	0	
(9)(1100)	3.00	(27)1	(82)13	(7)1	0.00	0	
(10)(1100)	3.00	(9)1	(57)1	(47)22	0.00	0	
(11)(1100)	2.00	(71)1	(41)1	(38)26	0.00	0	
(12)(1100)	2.00	(60)18	(6)1	(9)1	(5)1	0.00	0	
(13)(1100)	2.00	(39)28	8.00	0	
(14)(1100)	2.00	(16)1	(53)20	(24)1	0.00	0	
(15)(1100)	2.00	(47)4	(24)38	0.00	0	
(16)(1100)	2.00	(20)55	0.00	0	
(17)(1100)	2.00	(36)27	(24)2	(40)2	0.00	0	
(18)(1100)	1.00	(27)1	(41)26	(7)1	0.00	0	
(19)(1100)	1.00	(50)22	0.00	0	
(20)(1100)	1.00	(10)1	(57)19	(7)1	0.00	0	
(21)(1100)	1.00	(83)1	(27)36	(45)1	0.00	0	
(22)(1100)	1.00	(18)61	2.00	0	
(23)(1100)	1.00	(15)73	5.00	0	
(24)(1100)	1.00	(49)20	(74)1	(41)1	(5)1	0.00	0	
(25)(1100)	1.00	(10)70	(80)5	0.00	0	
(27)(1100)	1.00	(76)7	(9)1	(10)1	(61)9	0.00	0	
(30)(1100)	1.00	(74)1	(45)1	(13)13	(28)29	0.00	0	
max retalho: 3
(0)(1100)	1.00	(78)3	(68)12	(38)1	(5)1	(7)1	0.00	0	
(1)(1100)	1.00	(60)3	(39)23	(16)1	(7)1	0.00	0	
(2)(1100)	1.00	(50)20	(18)1	(41)2	0.00	0	
(3)(1100)	1.00	(18)1	(64)4	(53)4	(72)8	(38)1	0.00	0	
(5)(1100)	1.00	(60)1	(27)5	(78)7	(57)5	(72)1	2.00	0	
(6)(1100)	1.00	(71)8	(9)1	(80)4	(47)3	(61)1	1.00	0	
(7)(1100)	1.00	(45)2	(24)7	(72)2	(17)41	1.00	0	
(8)(1100)	1.00	(83)6	(74)6	(32)3	(40)1	(5)3	(7)1	0.00	0	
(32)(1100)	1.00	(81)8	(60)5	(38)4	0.00	0	
max retalho: 3
(0)(1100)	1.00	(41)23	(61)1	(7)13	5.00	0	
(4)(1100)	1.00	(60)7	(24)1	(38)17	(7)1	3.00	0	
max retalho: 3
(0)(1100)	1.00	(16)1	(18)5	(6)2	(32)1	(9)9	(78)1	(36)7	(15)2	(82)2	(17)1	(5)5	(7)42	9.00	0	
Sobra Total: 0.00
Perda Total: 100.00

Total Barras Cortadas:
Barra (1000) : 0
Barra (1100) : 88
Barra (51) : 0
Barra (266) : 0
Barra (495) : 0

Retalhos Gerados:
