
Saida Arquivo/Entrada/Class5/D5d18.txt

Minimizar a Perda Total
max retalho: 3
(0)(1100)	9.00	(70)5	(75)10	0.00	0	
(1)(1100)	7.00	(51)1	(41)1	(24)1	(82)12	0.00	0	
(2)(1100)	6.00	(83)9	(45)1	(77)4	0.00	0	
(3)(1100)	4.00	(55)20	0.00	0	
(4)(1100)	4.00	(62)13	(66)3	(48)2	0.00	0	
(5)(1100)	4.00	(9)1	(19)1	(67)16	0.00	0	
(6)(1100)	3.00	(24)1	(49)20	(19)1	(77)1	0.00	0	
(7)(1100)	3.00	(17)1	(63)14	(67)3	0.00	0	
(8)(1100)	3.00	(20)1	(45)24	0.00	0	
(9)(1100)	3.00	(53)20	(20)2	0.00	0	
(10)(1100)	3.00	(83)11	(24)7	(19)1	0.00	0	
(11)(1100)	3.00	(80)12	(70)2	0.00	0	
(12)(1100)	2.00	(51)1	(41)1	(48)21	0.00	0	
(13)(1100)	2.00	(78)14	8.00	0	
(14)(1100)	2.00	(52)21	8.00	0	
(15)(1100)	2.00	(51)1	(41)25	(24)1	0.00	0	
(16)(1100)	2.00	(26)42	8.00	0	
(17)(1100)	2.00	(53)1	(9)1	(66)15	(48)1	0.00	0	
(18)(1100)	1.00	(59)18	(19)2	0.00	0	
(19)(1100)	1.00	(42)26	8.00	0	
(20)(1100)	1.00	(62)2	(66)1	(70)13	0.00	0	
(21)(1100)	1.00	(22)50	0.00	0	
(22)(1100)	1.00	(21)52	8.00	0	
(23)(1100)	1.00	(30)1	(24)43	(19)2	0.00	0	
(24)(1100)	2.00	(30)31	(34)5	0.00	0	
(25)(1100)	1.00	(5)1	(31)1	(19)56	0.00	0	
(26)(1100)	1.00	(15)73	5.00	0	
(27)(1100)	1.00	(18)3	(17)5	(31)31	0.00	0	
(29)(1100)	1.00	(17)61	(42)1	(21)1	0.00	0	
(31)(1100)	1.00	(9)2	(57)13	(34)10	1.00	0	
(34)(1100)	1.00	(74)6	(34)3	(22)1	(38)14	0.00	0	
max retalho: 3
(0)(1100)	1.00	(51)11	(55)9	(22)2	0.00	0	
(1)(1100)	1.00	(9)37	(59)13	0.00	0	
(2)(1100)	1.00	(82)10	(70)4	0.00	0	
(3)(1100)	1.00	(9)1	(59)1	(48)18	(42)4	0.00	0	
(5)(1100)	1.00	(20)1	(15)2	(17)1	(5)2	(31)33	0.00	0	
(6)(1100)	1.00	(78)5	(80)1	(63)10	0.00	0	
(7)(1100)	1.00	(83)3	(53)2	(30)1	(21)34	1.00	0	
(11)(1100)	1.00	(51)1	(41)11	(45)11	(34)3	1.00	0	
(13)(1100)	1.00	(49)12	(17)9	(75)3	(67)2	0.00	0	
max retalho: 3
(0)(1100)	1.00	(9)12	(13)1	(70)8	(52)8	3.00	0	
(1)(1100)	1.00	(53)4	(9)24	(42)16	0.00	0	
(2)(1100)	1.00	(20)12	(78)3	(24)5	(26)9	(17)16	0.00	0	
(8)(1100)	1.00	(62)2	(51)1	(9)5	(66)3	(22)31	0.00	0	
max retalho: 3
(0)(1100)	1.00	(62)4	(30)6	(9)23	(13)16	(5)4	(79)3	0.00	0	
max retalho: 3
(0)(1100)	1.00	(9)3	(55)3	(24)7	(13)9	(59)2	(49)3	(26)3	(42)2	(19)6	(77)1	5.00	0	
max retalho: 3
(0)(106)	1.00	(24)1	(49)1	33.00	0	
Sobra Total: 0.00
Perda Total: 113.00

Total Barras Cortadas:
Barra (1000) : 0
Barra (1100) : 93
Barra (119) : 0
Barra (347) : 0
Barra (106) : 1

Retalhos Gerados:
