
Saida Arquivo/Entrada/Class7/D7d16.txt

Minimizar a Perda Total
max retalho: 3
(0)(1100)	35.00	(56)18	(41)2	(10)1	0.00	0	
(1)(1100)	18.00	(50)22	0.00	0	
(2)(1100)	9.00	(26)42	8.00	0	
(3)(1100)	9.00	(18)61	2.00	0	
(4)(1100)	8.00	(34)31	(26)1	(10)2	0.00	0	
(5)(1100)	7.00	(33)32	(26)1	(18)1	0.00	0	
(6)(1100)	3.00	(11)100	0.00	0	
(7)(1100)	3.00	(10)110	0.00	0	
(8)(1100)	2.00	(58)18	(34)1	(11)2	0.00	0	
(9)(1100)	2.00	(41)26	(33)1	1.00	0	
(10)(1000)	7.00	(58)16	(41)1	(10)2	(11)1	0.00	0	
max retalho: 3
(0)(1100)	1.00	(58)6	(34)21	(26)1	(11)1	1.00	0	
(2)(1100)	1.00	(50)5	(41)5	(18)4	(10)10	(11)43	0.00	0	
max retalho: 3
(1)(1100)	1.00	(58)9	(26)16	(18)9	0.00	0	
max retalho: 3
(1)(1100)	1.00	(56)9	(26)3	(11)47	1.00	0	
max retalho: 3
(0)(1000)	1.00	(56)1	(26)17	(11)1	0	491	
Sobra Total: 491.00
Perda Total: 94.00

Total Barras Cortadas:
Barra (1000) : 8
Barra (1100) : 100
Barra (51) : 0
Barra (270) : 0
Barra (38) : 0
Barra (272) : 0
Barra (492) : 0

Retalhos Gerados:
Retalho (491) : 1
