
Saida Arquivo/Entrada/Class7/D7d2.txt

Minimizar a Perda Total
max retalho: 3
(0)(1100)	24.00	(41)2	(11)1	(53)19	0.00	0	
(1)(1100)	17.00	(41)26	(34)1	0.00	0	
(2)(1100)	14.00	(58)18	(18)1	(19)2	0.00	0	
(3)(1100)	9.00	(18)2	(19)56	0.00	0	
(4)(1100)	8.00	(43)24	(19)3	(11)1	0.00	0	
(5)(1100)	5.00	(50)22	0.00	0	
(6)(1100)	3.00	(34)30	(26)1	(18)3	0.00	0	
(7)(1100)	3.00	(18)61	2.00	0	
max retalho: 3
(0)(1100)	1.00	(41)21	(34)7	1.00	0	
(1)(1100)	1.00	(26)33	(11)22	0.00	0	
(2)(1100)	1.00	(58)16	(34)5	2.00	0	
(4)(1100)	1.00	(50)14	(43)3	(18)15	1.00	0	
max retalho: 3
(0)(1100)	1.00	(41)3	(43)4	(34)17	(26)1	(18)1	(19)5	(11)8	0.00	0	
max retalho: 3
(0)(1100)	1.00	(18)1	(19)1	(11)51	(53)8	78.00	0	
Sobra Total: 0.00
Perda Total: 88.00

Total Barras Cortadas:
Barra (1000) : 0
Barra (1100) : 89
Barra (116) : 0
Barra (350) : 0
Barra (104) : 0
Barra (337) : 0
Barra (106) : 0

Retalhos Gerados:
