
Saida Arquivo/Entrada/Class7/D7d17.txt

Minimizar a Perda Total
max retalho: 3
(0)(1100)	28.00	(59)18	(37)1	1.00	0	
(1)(1100)	24.00	(44)25	0.00	0	
(2)(1100)	22.00	(37)29	(13)1	(14)1	0.00	0	
(3)(1100)	8.00	(21)52	8.00	0	
(4)(1100)	5.00	(13)84	8.00	0	
(5)(1100)	3.00	(36)30	(14)1	(6)1	0.00	0	
(6)(1100)	2.00	(59)16	(6)26	0.00	0	
(7)(1100)	2.00	(37)7	(29)29	0.00	0	
(8)(1100)	1.00	(52)21	8.00	0	
(10)(1000)	8.00	(59)16	(29)1	(13)1	(14)1	0.00	0	
max retalho: 3
(0)(1100)	1.00	(59)18	(13)2	(6)2	0.00	0	
(1)(1100)	1.00	(52)10	(44)10	(14)10	0.00	0	
(2)(1100)	1.00	(36)24	(21)10	(13)2	0.00	0	
max retalho: 3
(1)(1100)	1.00	(59)3	(44)6	(29)7	(21)1	(14)22	(6)21	1.00	0	
max retalho: 3
(2)(1000)	1.00	(13)21	(14)20	(6)1	0	441	
Sobra Total: 441.00
Perda Total: 141.00

Total Barras Cortadas:
Barra (1000) : 9
Barra (1100) : 99
Barra (40) : 0
Barra (261) : 0
Barra (497) : 0
Barra (263) : 0
Barra (484) : 0

Retalhos Gerados:
Retalho (441) : 1
