
Saida Arquivo/Entrada/Class7/D7d10.txt

Minimizar a Perda Total
max retalho: 3
(0)(1100)	25.00	(55)20	0.00	0	
(1)(1100)	15.00	(47)22	(32)1	(25)1	(9)1	0.00	0	
(2)(1100)	14.00	(47)4	(40)22	(32)1	0.00	0	
(3)(1100)	14.00	(48)22	(17)1	(9)3	0.00	0	
(4)(1100)	12.00	(25)44	0.00	0	
(5)(1100)	5.00	(48)22	(25)1	(9)2	1.00	0	
(6)(1100)	5.00	(48)2	(9)2	(58)17	0.00	0	
(7)(1100)	3.00	(40)1	(32)32	(9)4	0.00	0	
(8)(1100)	2.00	(9)122	2.00	0	
(9)(1100)	2.00	(24)12	(58)14	0.00	0	
(10)(1000)	25.00	(40)1	(32)1	(58)16	0.00	0	
max retalho: 3
(0)(1100)	1.00	(40)20	(32)9	(9)1	3.00	0	
(2)(1100)	1.00	(32)18	(58)9	2.00	0	
(3)(1000)	1.00	(9)111	1.00	0	
max retalho: 3
(4)(1000)	1.00	(55)2	(47)6	(48)5	(24)1	(9)2	0	326	
Sobra Total: 326.00
Perda Total: 15.00

Total Barras Cortadas:
Barra (1000) : 27
Barra (1100) : 99
Barra (125) : 0
Barra (359) : 0
Barra (112) : 0
Barra (346) : 0
Barra (114) : 0

Retalhos Gerados:
Retalho (326) : 1
