
Saida Arquivo/Entrada/Class7/D7d7.txt

Minimizar a Perda Total
max retalho: 3
(0)(1100)	23.00	(35)31	(5)3	0.00	0	
(1)(1100)	21.00	(52)21	8.00	0	
(2)(1100)	19.00	(36)30	(20)1	0.00	0	
(3)(1100)	11.00	(43)25	(12)1	(13)1	0.00	0	
(4)(1100)	7.00	(12)91	8.00	0	
(5)(1100)	7.00	(28)39	8.00	0	
(6)(1100)	4.00	(58)18	(43)1	(13)1	0.00	0	
(7)(1100)	2.00	(20)55	0.00	0	
(8)(1100)	2.00	(5)220	0.00	0	
(9)(1100)	1.00	(13)84	8.00	0	
(10)(1000)	2.00	(58)17	(13)1	1.00	0	
max retalho: 3
(1)(1100)	1.00	(52)11	(35)15	3.00	0	
(2)(1000)	1.00	(58)7	(43)6	(28)3	(13)9	(5)27	0.00	0	
max retalho: 3
(1)(1100)	1.00	(43)2	(36)8	(20)22	(13)22	0.00	0	
max retalho: 3
(3)(1000)	1.00	(52)2	(36)21	(12)8	(13)1	31.00	0	
Sobra Total: 0.00
Perda Total: 324.00

Total Barras Cortadas:
Barra (1000) : 4
Barra (1100) : 99
Barra (38) : 0
Barra (259) : 0
Barra (495) : 0
Barra (261) : 0
Barra (483) : 0

Retalhos Gerados:
