
Saida Arquivo/Entrada/Class7/D7d11.txt

Minimizar a Perda Total
max retalho: 3
(0)(1100)	23.00	(45)18	(30)2	(23)10	0.00	0	
(1)(1100)	16.00	(38)26	(56)2	0.00	0	
(2)(1100)	14.00	(46)19	(38)3	(56)2	0.00	0	
(3)(1100)	10.00	(21)52	8.00	0	
(4)(1100)	9.00	(6)6	(56)19	0.00	0	
(5)(1100)	7.00	(21)2	(23)46	0.00	0	
(6)(1100)	4.00	(53)6	(46)17	0.00	0	
(7)(1100)	2.00	(14)78	8.00	0	
max retalho: 3
(0)(1100)	1.00	(21)34	(23)2	(56)6	4.00	0	
(3)(1100)	1.00	(46)9	(30)2	(14)31	(6)32	0.00	0	
max retalho: 3
(0)(1100)	1.00	(53)1	(46)1	(38)12	(30)7	(23)2	(56)5	9.00	0	
max retalho: 3
(0)(1100)	1.00	(38)2	(56)5	0	744	
Sobra Total: 744.00
Perda Total: 109.00

Total Barras Cortadas:
Barra (1000) : 0
Barra (1100) : 89
Barra (120) : 0
Barra (354) : 0
Barra (107) : 0
Barra (342) : 0
Barra (109) : 0

Retalhos Gerados:
Retalho (744) : 1
