
Saida Arquivo/Entrada/Class7/D7d4.txt

Minimizar a Perda Total
max retalho: 3
(0)(1100)	11.00	(38)26	(56)2	0.00	0	
(1)(1100)	11.00	(53)19	(37)1	(56)1	0.00	0	
(2)(1100)	7.00	(45)22	(30)2	(22)1	(14)2	0.00	0	
(3)(1100)	7.00	(30)35	(22)1	(14)2	0.00	0	
(4)(1100)	4.00	(45)1	(37)27	(56)1	0.00	0	
(5)(1100)	3.00	(15)1	(7)3	(56)19	0.00	0	
(6)(1100)	3.00	(15)73	5.00	0	
(7)(1100)	1.00	(14)78	8.00	0	
(8)(1100)	1.00	(22)50	0.00	0	
max retalho: 3
(0)(1100)	1.00	(14)75	(15)1	(7)5	0.00	0	
(1)(1100)	1.00	(53)4	(37)1	(30)5	(22)23	(15)13	0.00	0	
(2)(1100)	1.00	(38)20	(56)6	4.00	0	
max retalho: 3
(0)(1100)	1.00	(45)15	(15)2	(56)7	3.00	0	
max retalho: 3
(0)(1100)	1.00	(45)1	(37)17	(15)1	(7)1	(56)1	0	348	
Sobra Total: 348.00
Perda Total: 30.00

Total Barras Cortadas:
Barra (1000) : 0
Barra (1100) : 53
Barra (119) : 0
Barra (340) : 0
Barra (106) : 0
Barra (341) : 0
Barra (93) : 0

Retalhos Gerados:
Retalho (348) : 1
