
Saida Arquivo/Entrada/Class7/D7d8.txt

Minimizar a Perda Total
max retalho: 3
(0)(1100)	15.00	(30)29	(23)10	0.00	0	
(1)(1100)	14.00	(15)2	(6)1	(56)19	0.00	0	
(2)(1100)	10.00	(45)18	(30)2	(23)10	0.00	0	
(3)(1100)	9.00	(53)16	(38)5	(6)1	(56)1	0.00	0	
(4)(1100)	8.00	(23)46	(15)2	(6)2	0.00	0	
(5)(1100)	5.00	(38)26	(56)2	0.00	0	
(6)(1100)	4.00	(15)73	5.00	0	
(7)(1100)	2.00	(53)6	(46)17	0.00	0	
(8)(1100)	2.00	(6)183	2.00	0	
(9)(1100)	2.00	(22)50	0.00	0	
max retalho: 3
(0)(1100)	1.00	(46)11	(15)39	(6)1	3.00	0	
(1)(1100)	1.00	(53)14	(6)59	4.00	0	
(4)(1100)	1.00	(38)13	(22)17	(23)10	2.00	0	
max retalho: 3
(0)(1100)	1.00	(46)1	(30)22	(56)7	2.00	0	
max retalho: 3
(0)(1100)	1.00	(46)2	(38)1	(30)1	(22)3	(15)1	(6)73	0	421	
Sobra Total: 421.00
Perda Total: 35.00

Total Barras Cortadas:
Barra (1000) : 0
Barra (1100) : 76
Barra (120) : 0
Barra (355) : 0
Barra (107) : 0
Barra (342) : 0
Barra (95) : 0

Retalhos Gerados:
Retalho (421) : 1
