
Saida Arquivo/Entrada/Class7/D7d3.txt

Minimizar a Perda Total
max retalho: 3
(0)(1100)	29.00	(47)1	(9)1	(58)18	0.00	0	
(1)(1100)	21.00	(32)28	(17)12	0.00	0	
(2)(1100)	20.00	(39)28	8.00	0	
(3)(1100)	14.00	(47)4	(40)22	(32)1	0.00	0	
(4)(1100)	3.00	(47)22	(32)1	(17)2	0.00	0	
(5)(1100)	3.00	(55)20	0.00	0	
(6)(1100)	2.00	(16)65	(17)3	(9)1	0.00	0	
(7)(1100)	2.00	(9)122	2.00	0	
(8)(1100)	1.00	(47)4	(24)38	0.00	0	
(9)(1100)	1.00	(39)1	(24)1	(17)61	0.00	0	
(10)(1000)	3.00	(24)3	(58)16	0.00	0	
max retalho: 3
(1)(1100)	1.00	(40)19	(16)1	(17)9	(9)19	0.00	0	
(4)(1100)	1.00	(55)6	(47)16	(16)1	2.00	0	
max retalho: 3
(3)(1100)	1.00	(39)16	(32)8	(24)6	(16)1	(58)1	2.00	0	
max retalho: 3
(0)(1100)	1.00	(16)58	(9)9	91.00	0	
Sobra Total: 0.00
Perda Total: 259.00

Total Barras Cortadas:
Barra (1000) : 3
Barra (1100) : 100
Barra (124) : 0
Barra (344) : 0
Barra (111) : 0
Barra (346) : 0
Barra (98) : 0

Retalhos Gerados:
