
Saida Arquivo/Entrada/Class7/D7d18.txt

Minimizar a Perda Total
max retalho: 3
(0)(1100)	23.00	(42)26	8.00	0	
(1)(1100)	22.00	(49)21	(34)1	(17)1	(10)2	0.00	0	
(2)(1100)	20.00	(57)18	(34)1	(10)4	0.00	0	
(3)(1100)	11.00	(57)15	(49)5	0.00	0	
(4)(1100)	8.00	(52)21	8.00	0	
(5)(1100)	4.00	(41)26	(17)2	0.00	0	
(6)(1100)	3.00	(10)110	0.00	0	
(7)(1100)	3.00	(25)44	0.00	0	
(8)(1100)	1.00	(18)61	2.00	0	
(9)(1100)	1.00	(17)62	(18)2	(10)1	0.00	0	
(10)(1000)	19.00	(57)1	(41)23	0.00	0	
max retalho: 3
(0)(1100)	1.00	(17)38	(18)23	(10)4	0.00	0	
(2)(1100)	1.00	(57)2	(49)3	(41)1	(25)12	(10)3	(52)9	0.00	0	
max retalho: 3
(1)(1100)	1.00	(49)3	(42)6	(10)70	1.00	0	
max retalho: 3
(0)(1100)	1.00	(42)16	(18)19	86.00	0	
Sobra Total: 0.00
Perda Total: 337.00

Total Barras Cortadas:
Barra (1000) : 19
Barra (1100) : 100
Barra (114) : 0
Barra (348) : 0
Barra (102) : 0
Barra (335) : 0
Barra (103) : 0

Retalhos Gerados:
