
Saida Arquivo/Entrada/Class6/D6d3.txt

Minimizar a Perda Total
max retalho: 5
(0)(1100)	13.00	(107)1	(330)2	(332)1	1.00	0	
(1)(1100)	7.00	(284)1	(31)1	(196)3	(197)1	0.00	0	
(2)(1100)	6.00	(240)4	(9)1	(131)1	0.00	0	
(3)(1000)	7.00	(293)3	(121)1	0.00	0	
(4)(1100)	6.00	(272)4	12.00	0	
(5)(1100)	5.00	(262)4	52.00	0	
(6)(1100)	4.00	(219)5	5.00	0	
(7)(1100)	5.00	(305)1	(96)1	(230)3	(9)1	0.00	0	
(8)(1100)	4.00	(284)1	(163)5	1.00	0	
(9)(1100)	5.00	(261)4	56.00	0	
(10)(1100)	4.00	(175)6	50.00	0	
(11)(1100)	4.00	(305)3	(19)1	(165)1	1.00	0	
(12)(1100)	4.00	(295)3	(9)2	(197)1	0.00	0	
(13)(1100)	3.00	(74)1	(40)1	(197)5	1.00	0	
(14)(1100)	3.00	(228)4	(186)1	2.00	0	
(15)(1100)	3.00	(74)1	(31)1	(330)1	(332)2	1.00	0	
(16)(1100)	2.00	(305)1	(52)2	(230)3	1.00	0	
(17)(1100)	2.00	(295)3	(40)1	(175)1	0.00	0	
(18)(1000)	2.00	(305)3	(74)1	(9)1	2.00	0	
(19)(1100)	1.00	(261)4	(31)1	(8)2	(9)1	0.00	0	
(20)(1100)	1.00	(73)15	5.00	0	
(21)(1100)	1.00	(132)8	44.00	0	
(22)(1100)	1.00	(63)17	29.00	0	
(23)(1100)	1.00	(84)13	8.00	0	
(24)(1100)	1.00	(153)7	29.00	0	
(25)(1100)	1.00	(261)2	(262)1	(42)1	(142)1	(132)1	0.00	0	
(26)(1100)	1.00	(305)2	(74)1	(207)2	2.00	0	
(27)(1100)	1.00	(305)3	(52)2	(40)2	1.00	0	
(29)(1100)	1.00	(74)1	(262)2	(251)2	0.00	0	
(33)(1100)	1.00	(316)1	(196)4	0.00	0	
max retalho: 5
(0)(1100)	1.00	(73)2	(240)3	(31)1	(197)1	6.00	0	
(2)(1100)	1.00	(272)2	(31)14	(121)1	1.00	0	
(4)(1100)	1.00	(63)6	(40)1	(230)1	(165)2	(121)1	1.00	0	
(5)(1100)	1.00	(31)1	(8)2	(131)3	(132)5	0.00	0	
(7)(1100)	1.00	(316)1	(84)4	(74)4	(31)1	(121)1	0.00	0	
max retalho: 5
(1)(1100)	1.00	(261)1	(228)1	(9)2	(197)3	2.00	0	
(3)(1100)	1.00	(73)7	(284)1	(31)1	(153)1	(121)1	0.00	0	
max retalho: 5
(2)(1100)	1.00	(52)1	(228)1	(219)3	(163)1	0.00	0	
max retalho: 5
(0)(1000)	1.00	(107)1	(74)2	(63)1	(219)1	(186)1	(142)1	(121)1	14.00	0	
max retalho: 5
(2)(1000)	1.00	(295)1	(63)1	(175)1	0	467	
Sobra Total: 467.00
Perda Total: 1013.00

Total Barras Cortadas:
Barra (1000) : 11
Barra (1100) : 99
Barra (430) : 0
Barra (255) : 0
Barra (421) : 0

Retalhos Gerados:
Retalho (467) : 1
