
Saida Arquivo/Entrada/Class6/D6d13.txt

Minimizar a Perda Total
max retalho: 5
(0)(1100)	8.00	(316)1	(293)2	(195)1	3.00	0	
(1)(1100)	8.00	(304)3	(186)1	2.00	0	
(2)(1100)	7.00	(93)1	(251)4	3.00	0	
(3)(1100)	7.00	(325)2	(28)2	(195)2	4.00	0	
(4)(1000)	6.00	(84)1	(281)3	(72)1	1.00	0	
(5)(1100)	5.00	(93)1	(51)1	(239)4	0.00	0	
(6)(1100)	5.00	(170)3	(147)3	(149)1	0.00	0	
(7)(1100)	4.00	(283)3	(249)1	2.00	0	
(8)(1100)	4.00	(260)2	(207)1	(186)2	1.00	0	
(9)(1100)	3.00	(281)3	(249)1	(7)1	1.00	0	
(10)(1100)	4.00	(218)5	10.00	0	
(11)(1100)	4.00	(314)2	(316)1	(84)1	(72)1	0.00	0	
(12)(1100)	3.00	(228)4	(186)1	2.00	0	
(13)(1100)	4.00	(116)1	(105)1	(293)3	0.00	0	
(14)(1100)	3.00	(170)3	(19)2	(184)3	0.00	0	
(15)(1100)	3.00	(149)1	(115)5	(116)1	(260)1	0.00	0	
(16)(1100)	2.00	(272)3	(49)1	(17)1	(218)1	0.00	0	
(17)(1100)	2.00	(325)3	(82)1	(40)1	3.00	0	
(18)(1100)	2.00	(159)1	(19)1	(184)4	(186)1	0.00	0	
(19)(1100)	2.00	(147)2	(115)2	(72)8	0.00	0	
(20)(1100)	2.00	(126)1	(51)1	(184)5	3.00	0	
(21)(1100)	1.00	(115)1	(72)1	(49)1	(216)4	0.00	0	
(22)(1100)	1.00	(82)13	(17)2	0.00	0	
(23)(1100)	1.00	(137)8	4.00	0	
(24)(1100)	1.00	(147)1	(316)3	5.00	0	
(25)(1100)	1.00	(159)1	(72)1	(61)2	(249)3	0.00	0	
(26)(1100)	1.00	(116)1	(105)1	(51)1	(207)4	0.00	0	
(31)(1100)	1.00	(170)6	(49)1	(28)1	3.00	0	
(40)(1000)	4.00	(126)2	(249)3	1.00	0	
max retalho: 5
(0)(1100)	1.00	(105)2	(272)3	(28)2	(17)1	1.00	0	
(2)(1100)	1.00	(159)3	(116)1	(72)1	(216)2	3.00	0	
(3)(1100)	1.00	(316)1	(93)1	(82)1	(84)2	(49)9	0.00	0	
(4)(1100)	1.00	(82)4	(251)3	(19)1	0.00	0	
(6)(1100)	1.00	(170)1	(137)3	(281)1	(49)1	(184)1	5.00	0	
(9)(1100)	1.00	(281)1	(49)1	(28)1	(184)2	(186)2	2.00	0	
(11)(1100)	1.00	(126)1	(115)2	(93)1	(228)2	(195)1	0.00	0	
max retalho: 5
(1)(1100)	1.00	(116)1	(105)3	(82)1	(283)2	(17)1	4.00	0	
(8)(1100)	1.00	(105)3	(93)1	(304)1	(260)1	(40)2	(17)2	(7)2	0.00	0	
max retalho: 5
(2)(1100)	1.00	(325)1	(93)1	(72)1	(49)3	(51)1	(216)1	(195)1	1.00	0	
max retalho: 5
(5)(1000)	1.00	(147)1	(93)4	(72)1	(49)1	(249)1	(17)1	94.00	0	
Sobra Total: 0.00
Perda Total: 294.00

Total Barras Cortadas:
Barra (1000) : 11
Barra (1100) : 99
Barra (313) : 0
Barra (470) : 0
Barra (304) : 0

Retalhos Gerados:
