
Saida Arquivo/Entrada/Class6/D6d9.txt

Minimizar a Perda Total
max retalho: 5
(0)(1100)	14.00	(188)1	(311)2	(56)1	(234)1	0.00	0	
(1)(1100)	8.00	(123)1	(320)2	(322)1	(14)1	1.00	0	
(2)(1100)	7.00	(111)1	(322)3	(23)1	0.00	0	
(3)(1100)	8.00	(332)3	(90)1	(14)1	0.00	0	
(4)(1100)	6.00	(121)1	(88)1	(90)1	(267)3	0.00	0	
(5)(1100)	5.00	(90)1	(267)1	(58)1	(46)1	(213)3	0.00	0	
(6)(1100)	4.00	(176)4	(67)1	(58)2	(213)1	0.00	0	
(7)(1100)	3.00	(123)1	(246)3	(14)1	(224)1	1.00	0	
(8)(1100)	3.00	(79)1	(255)4	1.00	0	
(9)(1100)	3.00	(165)2	(154)5	0.00	0	
(10)(1000)	3.00	(58)1	(46)1	(224)4	0.00	0	
(11)(1100)	2.00	(332)3	(58)1	(23)2	0.00	0	
(12)(1100)	2.00	(176)1	(132)7	0.00	0	
(13)(1100)	2.00	(278)3	(223)1	(14)3	1.00	0	
(14)(1100)	2.00	(46)1	(257)4	(25)1	1.00	0	
(15)(1100)	2.00	(88)7	(58)1	(213)2	0.00	0	
(16)(1100)	2.00	(121)3	(35)1	(234)3	0.00	0	
(17)(1100)	2.00	(155)1	(278)3	(35)3	6.00	0	
(18)(1100)	1.00	(186)5	(123)1	(46)1	1.00	0	
(19)(1100)	1.00	(144)7	(46)2	0.00	0	
(20)(1100)	1.00	(299)1	(288)2	(224)1	1.00	0	
(21)(1100)	1.00	(121)9	11.00	0	
(22)(1100)	1.00	(144)2	(111)7	(35)1	0.00	0	
(23)(1100)	1.00	(155)1	(25)2	(223)4	3.00	0	
(24)(1100)	1.00	(100)11	0.00	0	
(25)(1100)	1.00	(188)5	(155)1	5.00	0	
(26)(1100)	1.00	(121)2	(290)2	(278)1	0.00	0	
(27)(1100)	1.00	(90)1	(202)5	0.00	0	
(28)(1100)	1.00	(154)1	(90)10	(46)1	0.00	0	
(29)(1100)	1.00	(299)2	(46)1	(224)2	8.00	0	
(30)(1100)	1.00	(278)3	(35)1	(223)1	8.00	0	
(32)(1100)	1.00	(154)6	(88)2	0.00	0	
(40)(1000)	8.00	(299)3	(67)1	(35)1	1.00	0	
max retalho: 5
(0)(1100)	1.00	(144)2	(123)6	(58)1	(14)1	2.00	0	
(1)(1100)	1.00	(186)3	(58)2	(213)2	0.00	0	
(3)(1100)	1.00	(176)1	(322)1	(288)1	(67)1	(246)1	1.00	0	
(4)(1100)	1.00	(186)1	(188)2	(144)1	(278)1	(58)2	0.00	0	
(6)(1100)	1.00	(132)5	(79)1	(67)5	(25)1	1.00	0	
(8)(1000)	1.00	(255)1	(46)5	(257)2	1.00	0	
(9)(1100)	1.00	(121)3	(35)8	(234)1	(223)1	0.00	0	
max retalho: 5
(1)(1100)	1.00	(165)1	(123)1	(311)2	(35)4	(25)2	0.00	0	
(3)(1100)	1.00	(144)3	(88)1	(299)1	(56)1	(224)1	1.00	0	
max retalho: 5
(1)(1100)	1.00	(121)1	(100)1	(299)1	(58)1	(46)6	(246)1	0.00	0	
max retalho: 5
(2)(1100)	1.00	(320)1	(111)1	(67)2	(267)2	1.00	0	
max retalho: 5
(7)(1000)	1.00	(111)1	(88)1	(67)2	(58)2	(255)1	(46)1	(23)2	(14)1	190.00	0	
Sobra Total: 0.00
Perda Total: 272.00

Total Barras Cortadas:
Barra (1000) : 13
Barra (1100) : 99
Barra (329) : 0
Barra (494) : 0
Barra (320) : 0

Retalhos Gerados:
