
Saida Arquivo/Entrada/Class6/D6d7.txt

Minimizar a Perda Total
max retalho: 5
(0)(1100)	8.00	(291)3	(226)1	1.00	0	
(1)(1100)	6.00	(335)3	(92)1	3.00	0	
(2)(1100)	5.00	(180)4	(82)1	(270)1	(28)1	0.00	0	
(3)(1100)	6.00	(189)2	(314)2	(92)1	2.00	0	
(4)(1100)	5.00	(191)1	(293)3	(28)1	2.00	0	
(5)(1100)	5.00	(126)1	(82)2	(270)3	0.00	0	
(6)(1100)	5.00	(158)1	(38)1	(226)4	0.00	0	
(7)(1100)	4.00	(103)1	(249)4	1.00	0	
(8)(1100)	4.00	(124)1	(237)4	(28)1	0.00	0	
(9)(1100)	3.00	(189)1	(158)1	(124)1	(314)2	1.00	0	
(10)(1100)	4.00	(124)1	(325)3	1.00	0	
(11)(1100)	3.00	(136)1	(26)2	(228)4	0.00	0	
(12)(1100)	2.00	(157)7	1.00	0	
(13)(1100)	2.00	(180)1	(281)3	(38)2	1.00	0	
(14)(1100)	2.00	(168)6	(92)1	0.00	0	
(15)(1100)	2.00	(191)5	(92)1	(26)2	1.00	0	
(16)(1100)	2.00	(258)4	(17)4	0.00	0	
(17)(1100)	2.00	(147)7	(70)1	1.00	0	
(18)(1100)	2.00	(59)1	(260)4	1.00	0	
(19)(1100)	1.00	(103)10	(70)1	0.00	0	
(20)(1100)	2.00	(189)1	(314)1	(61)2	(237)2	1.00	0	
(21)(1100)	1.00	(126)7	(92)2	(17)2	0.00	0	
(22)(1100)	1.00	(189)1	(302)3	5.00	0	
(23)(1000)	1.00	(314)3	(38)1	(17)1	3.00	0	
(24)(1100)	1.00	(189)2	(136)3	(314)1	0.00	0	
(25)(1100)	1.00	(180)2	(49)15	(5)1	0.00	0	
(26)(1100)	1.00	(70)15	(49)1	1.00	0	
(27)(1100)	1.00	(270)3	(49)4	(38)1	(28)2	0.00	0	
(28)(1100)	1.00	(59)18	(38)1	0.00	0	
(29)(1100)	1.00	(314)3	(26)6	2.00	0	
(30)(1100)	1.00	(114)2	(258)3	(49)2	0.00	0	
(33)(1100)	1.00	(180)1	(270)3	(61)1	(49)1	0.00	0	
(40)(1100)	5.00	(324)2	(325)1	(61)2	(5)1	0.00	0	
max retalho: 5
(1)(1100)	1.00	(124)3	(103)7	7.00	0	
(2)(1100)	1.00	(324)3	128.00	0	
(3)(1100)	1.00	(191)2	(180)2	(293)1	(26)2	(5)2	3.00	0	
(5)(1100)	1.00	(136)1	(93)4	(70)2	(226)2	0.00	0	
(7)(1100)	1.00	(335)1	(126)5	(82)1	(49)1	4.00	0	
(9)(1100)	1.00	(270)2	(258)2	(38)1	6.00	0	
(13)(1100)	1.00	(201)1	(168)2	(92)1	(59)1	(38)10	(28)1	4.00	0	
max retalho: 5
(1)(1100)	1.00	(92)5	(291)1	(49)2	(249)1	2.00	0	
(3)(1000)	1.00	(335)1	(302)2	(61)1	0.00	0	
max retalho: 5
(1)(1100)	1.00	(157)5	(314)1	1.00	0	
max retalho: 5
(2)(1100)	1.00	(201)1	(291)1	(281)2	46.00	0	
max retalho: 5
(0)(495)	1.00	(70)2	(17)5	270.00	0	
Sobra Total: 0.00
Perda Total: 553.00

Total Barras Cortadas:
Barra (1000) : 2
Barra (1100) : 100
Barra (174) : 0
Barra (340) : 0
Barra (495) : 1

Retalhos Gerados:
