
Saida Arquivo/Entrada/Class6/D6d6.txt

Minimizar a Perda Total
max retalho: 5
(0)(1100)	9.00	(296)2	(41)1	(229)2	(9)1	0.00	0	
(1)(1100)	8.00	(296)1	(20)1	(187)1	(298)2	1.00	0	
(2)(1100)	7.00	(164)1	(310)3	6.00	0	
(3)(1100)	6.00	(331)3	107.00	0	
(4)(1100)	6.00	(252)4	92.00	0	
(5)(1100)	5.00	(263)4	48.00	0	
(6)(1100)	5.00	(285)2	(198)1	(331)1	1.00	0	
(7)(1100)	4.00	(262)4	52.00	0	
(8)(1100)	5.00	(74)1	(31)2	(321)3	1.00	0	
(9)(1100)	4.00	(31)1	(231)3	(187)2	2.00	0	
(10)(1100)	3.00	(273)4	8.00	0	
(11)(1100)	3.00	(133)8	36.00	0	
(12)(1100)	3.00	(131)8	52.00	0	
(13)(1100)	2.00	(175)6	50.00	0	
(14)(1100)	2.00	(110)10	0.00	0	
(15)(1100)	3.00	(53)1	(31)2	(197)5	0.00	0	
(16)(1100)	2.00	(53)1	(231)4	(122)1	1.00	0	
(17)(1100)	1.00	(89)12	32.00	0	
(18)(1100)	1.00	(154)7	22.00	0	
(19)(1100)	1.00	(74)14	64.00	0	
(20)(1100)	1.00	(208)5	60.00	0	
(21)(1100)	1.00	(41)1	(122)1	(310)3	7.00	0	
(22)(1100)	1.00	(296)2	(64)1	(9)1	(166)2	(101)1	2.00	0	
(23)(1100)	1.00	(143)7	99.00	0	
(28)(1100)	1.00	(296)2	(31)2	(219)2	8.00	0	
(30)(1100)	1.00	(198)5	110.00	0	
(31)(1100)	1.00	(53)1	(30)11	(241)2	(231)1	4.00	0	
max retalho: 5
(0)(1100)	1.00	(30)1	(9)3	(331)1	(89)8	0.00	0	
(1)(1100)	1.00	(252)2	(298)2	0.00	0	
(2)(1100)	1.00	(62)4	(53)14	(110)1	0.00	0	
(4)(1100)	1.00	(74)8	(62)3	(9)1	(154)2	5.00	0	
(5)(1100)	1.00	(64)5	(131)3	(298)1	(89)1	0.00	0	
(6)(1100)	1.00	(263)3	(20)1	(175)1	(110)1	6.00	0	
(8)(1100)	1.00	(273)2	(9)2	(133)4	4.00	0	
(11)(1100)	1.00	(31)3	(122)3	(319)2	3.00	0	
(13)(1100)	1.00	(285)1	(187)1	(175)3	(101)1	2.00	0	
max retalho: 5
(1)(1100)	1.00	(62)2	(41)1	(208)2	(110)1	(99)1	(310)1	0.00	0	
(7)(1100)	1.00	(62)1	(20)1	(154)1	(331)2	(101)2	0.00	0	
max retalho: 5
(2)(1100)	1.00	(64)1	(262)2	(41)1	(9)1	(154)1	(122)1	(89)2	8.00	0	
max retalho: 5
(0)(1100)	1.00	(231)1	(9)5	(175)1	(110)5	99.00	0	
Sobra Total: 0.00
Perda Total: 2635.00

Total Barras Cortadas:
Barra (1000) : 0
Barra (1100) : 100
Barra (241) : 0
Barra (396) : 0
Barra (233) : 0

Retalhos Gerados:
