
Saida Arquivo/Entrada/Class6/D6d2.txt

Minimizar a Perda Total
max retalho: 5
(0)(1100)	10.00	(326)3	122.00	0	
(1)(1100)	8.00	(91)1	(236)3	(161)1	(140)1	0.00	0	
(2)(1100)	7.00	(301)2	(26)1	(15)1	(226)2	5.00	0	
(3)(1100)	7.00	(247)4	112.00	0	
(4)(1100)	7.00	(237)3	(193)2	3.00	0	
(5)(1000)	6.00	(279)3	(47)1	(38)3	2.00	0	
(6)(1100)	6.00	(323)3	131.00	0	
(7)(1100)	5.00	(258)4	68.00	0	
(8)(1100)	5.00	(302)3	(193)1	1.00	0	
(9)(1100)	4.00	(172)6	68.00	0	
(10)(1100)	3.00	(203)5	85.00	0	
(11)(1100)	3.00	(149)7	57.00	0	
(12)(1100)	3.00	(170)6	80.00	0	
(13)(1000)	3.00	(80)1	(291)3	(47)1	0.00	0	
(14)(1100)	2.00	(205)5	75.00	0	
(15)(1100)	2.00	(103)10	70.00	0	
(16)(1100)	2.00	(214)5	30.00	0	
(17)(1100)	2.00	(128)8	76.00	0	
(18)(1100)	2.00	(101)10	90.00	0	
(19)(1100)	2.00	(270)4	20.00	0	
(20)(1100)	2.00	(80)13	60.00	0	
(21)(1100)	2.00	(161)6	134.00	0	
(22)(1100)	1.00	(70)15	50.00	0	
(23)(1100)	1.00	(91)1	(268)2	(236)1	(237)1	0.00	0	
(24)(1100)	1.00	(182)6	8.00	0	
(25)(1100)	1.00	(69)15	65.00	0	
(26)(1000)	1.00	(323)1	(59)5	(26)1	(193)1	(161)1	2.00	0	
(27)(1100)	1.00	(226)4	(193)1	3.00	0	
(30)(1100)	1.00	(5)3	(161)5	(140)2	0.00	0	
(31)(1100)	1.00	(38)2	(236)2	(138)4	0.00	0	
(32)(1000)	1.00	(113)4	(312)1	(236)1	0.00	0	
max retalho: 5
(1)(1100)	1.00	(47)18	(36)2	(182)1	0.00	0	
(2)(1100)	1.00	(205)4	(140)2	0.00	0	
(4)(1100)	1.00	(103)1	(69)2	(70)9	(26)1	(203)1	0.00	0	
(5)(1100)	1.00	(323)2	(301)1	(47)1	(38)2	(15)2	0.00	0	
(14)(1000)	1.00	(302)1	(268)1	(161)1	(128)2	13.00	0	
(16)(1100)	1.00	(103)1	(91)2	(70)1	(247)1	(236)2	(26)1	0.00	0	
max retalho: 5
(1)(1100)	1.00	(258)2	(26)6	(214)2	0.00	0	
(2)(1100)	1.00	(103)6	(70)1	(26)3	(193)1	(140)1	1.00	0	
max retalho: 5
(1)(1100)	1.00	(36)17	(26)9	(237)1	(15)1	2.00	0	
max retalho: 5
(3)(1000)	1.00	(101)2	(279)1	(47)1	(26)1	(15)1	(226)1	(193)1	12.00	0	
max retalho: 5
(2)(1000)	1.00	(279)1	(15)1	(214)1	0	492	
Sobra Total: 492.00
Perda Total: 5407.00

Total Barras Cortadas:
Barra (1000) : 14
Barra (1100) : 99
Barra (426) : 0
Barra (261) : 0
Barra (427) : 0

Retalhos Gerados:
Retalho (492) : 1
