
Saida Arquivo/Entrada/Class6/D6d20.txt

Minimizar a Perda Total
max retalho: 5
(0)(1100)	8.00	(299)3	(13)1	(190)1	0.00	0	
(1)(1100)	7.00	(232)2	(234)2	(167)1	1.00	0	
(2)(1100)	6.00	(287)2	(23)1	(167)2	(169)1	0.00	0	
(3)(1100)	5.00	(44)1	(211)5	1.00	0	
(4)(1100)	6.00	(331)2	(23)1	(13)1	(201)2	0.00	0	
(5)(1100)	5.00	(111)1	(243)4	(13)1	4.00	0	
(6)(1100)	5.00	(265)2	(34)1	(178)3	2.00	0	
(7)(1100)	5.00	(67)3	(265)2	(266)1	(46)2	(11)1	0.00	0	
(8)(1100)	4.00	(142)1	(297)3	(67)1	0.00	0	
(9)(1100)	4.00	(331)1	(199)2	(201)1	(169)1	1.00	0	
(10)(1100)	4.00	(309)2	(234)2	(13)1	1.00	0	
(11)(1100)	4.00	(142)3	(111)1	(287)1	(276)1	0.00	0	
(12)(1100)	4.00	(143)7	(88)1	(11)1	0.00	0	
(13)(1100)	4.00	(320)3	(46)3	2.00	0	
(14)(1100)	4.00	(111)1	(77)1	(23)1	(222)4	1.00	0	
(15)(1100)	2.00	(11)2	(201)2	(169)4	0.00	0	
(16)(1100)	2.00	(109)10	10.00	0	
(17)(1100)	2.00	(330)3	(55)2	0.00	0	
(18)(1100)	2.00	(132)8	(44)1	0.00	0	
(19)(1000)	2.00	(287)3	(46)3	1.00	0	
(20)(1100)	2.00	(132)1	(88)11	0.00	0	
(21)(1100)	1.00	(265)2	(266)1	(23)5	(11)1	(178)1	0.00	0	
(22)(1100)	1.00	(121)8	(99)1	(11)3	0.00	0	
(23)(1100)	1.00	(299)2	(255)1	(234)1	(13)1	0.00	0	
(24)(1100)	1.00	(78)3	(266)3	(34)2	0.00	0	
(25)(1100)	1.00	(109)1	(55)1	(234)4	0.00	0	
(26)(1100)	1.00	(132)5	(13)1	(211)2	5.00	0	
(28)(1100)	1.00	(266)4	(34)1	2.00	0	
(29)(1100)	1.00	(265)4	(34)1	6.00	0	
max retalho: 5
(1)(1100)	1.00	(143)1	(121)5	(77)1	(55)5	0.00	0	
(2)(1100)	1.00	(142)2	(297)2	(222)1	0.00	0	
(4)(1100)	1.00	(132)2	(211)3	(201)1	2.00	0	
(5)(1100)	1.00	(265)2	(234)1	(167)1	(169)1	0.00	0	
(27)(1000)	1.00	(330)1	(331)1	(55)2	(23)1	(11)1	(190)1	5.00	0	
max retalho: 5
(2)(1100)	1.00	(109)3	(287)2	(55)1	(44)1	(23)1	(11)7	0.00	0	
max retalho: 5
(2)(1100)	1.00	(309)1	(99)2	(13)2	(199)1	(190)1	(178)1	0.00	0	
max retalho: 5
(4)(1100)	1.00	(109)2	(77)3	(67)1	(243)1	(169)2	3.00	0	
max retalho: 5
(0)(1000)	1.00	(23)1	0	977	
Sobra Total: 977.00
Perda Total: 107.00

Total Barras Cortadas:
Barra (1000) : 4
Barra (1100) : 100
Barra (303) : 0
Barra (458) : 0
Barra (294) : 0

Retalhos Gerados:
Retalho (977) : 1
