
Saida Arquivo/Entrada/Class6/D6d14.txt

Minimizar a Perda Total
max retalho: 5
(0)(1100)	9.00	(330)3	110.00	0	
(1)(1100)	8.00	(318)3	146.00	0	
(2)(1100)	5.00	(199)5	105.00	0	
(3)(1100)	5.00	(243)4	128.00	0	
(4)(1100)	6.00	(98)1	(308)3	(76)1	2.00	0	
(5)(1100)	4.00	(274)4	4.00	0	
(6)(1100)	4.00	(163)6	122.00	0	
(7)(1100)	4.00	(151)7	43.00	0	
(8)(1100)	4.00	(253)4	88.00	0	
(9)(1100)	4.00	(307)1	(308)1	(21)1	(232)2	0.00	0	
(10)(1100)	4.00	(142)1	(307)3	(32)1	5.00	0	
(11)(1100)	3.00	(153)7	29.00	0	
(12)(1100)	3.00	(211)5	45.00	0	
(13)(1000)	3.00	(297)3	(65)1	(44)1	0.00	0	
(14)(1100)	3.00	(120)9	20.00	0	
(15)(1100)	3.00	(242)4	132.00	0	
(16)(1100)	2.00	(220)5	0.00	0	
(17)(1100)	2.00	(264)4	44.00	0	
(18)(1100)	2.00	(163)1	(86)1	(276)3	(23)1	0.00	0	
(19)(1100)	2.00	(176)6	44.00	0	
(20)(1100)	2.00	(307)3	(178)1	1.00	0	
(21)(1100)	2.00	(65)1	(21)4	(11)1	(188)5	0.00	0	
(22)(1100)	1.00	(88)3	(276)3	8.00	0	
(23)(1100)	1.00	(109)10	10.00	0	
(24)(1100)	1.00	(119)9	29.00	0	
(25)(1100)	1.00	(308)3	(44)4	0.00	0	
(26)(1100)	1.00	(286)3	(242)1	0.00	0	
(27)(1100)	1.00	(76)14	36.00	0	
(28)(1100)	1.00	(142)7	106.00	0	
(29)(1100)	1.00	(65)16	60.00	0	
(30)(1100)	1.00	(86)1	(54)17	(23)4	4.00	0	
(31)(1000)	1.00	(55)3	(44)1	(32)1	(188)4	7.00	0	
(32)(1000)	1.00	(130)3	(44)1	(188)3	2.00	0	
(34)(1100)	1.00	(188)5	160.00	0	
max retalho: 5
(1)(1100)	1.00	(276)1	(23)1	(199)4	5.00	0	
(2)(1000)	1.00	(109)3	(88)1	(209)1	(188)2	0.00	0	
(3)(1100)	1.00	(142)1	(109)1	(98)1	(264)1	(243)2	1.00	0	
(5)(1100)	1.00	(153)6	(32)2	(23)5	3.00	0	
(6)(1100)	1.00	(119)1	(98)1	(220)4	3.00	0	
(8)(1100)	1.00	(297)1	(76)3	(65)1	(253)1	(23)2	(211)1	0.00	0	
max retalho: 5
(1)(1100)	1.00	(119)2	(330)1	(86)3	(44)1	(23)10	0.00	0	
max retalho: 5
(2)(1100)	1.00	(119)1	(109)1	(308)1	(274)1	(264)1	(23)1	3.00	0	
(6)(1100)	1.00	(163)1	(98)1	(286)1	(274)1	(276)1	3.00	0	
max retalho: 5
(0)(1100)	1.00	(163)2	(151)2	(88)1	(44)1	(23)3	(211)1	60.00	0	
Sobra Total: 0.00
Perda Total: 5739.00

Total Barras Cortadas:
Barra (1000) : 6
Barra (1100) : 100
Barra (309) : 0
Barra (465) : 0
Barra (300) : 0

Retalhos Gerados:
