
Saida Arquivo/Entrada/Class6/D6d15.txt

Minimizar a Perda Total
max retalho: 5
(0)(1100)	10.00	(301)3	(192)1	5.00	0	
(1)(1100)	10.00	(134)1	(246)3	(14)1	(213)1	1.00	0	
(2)(1100)	8.00	(290)3	(48)1	(182)1	0.00	0	
(3)(1100)	6.00	(311)3	(46)2	(37)2	1.00	0	
(4)(1100)	6.00	(144)2	(203)4	0.00	0	
(5)(1100)	5.00	(90)2	(15)1	(181)5	0.00	0	
(6)(1100)	4.00	(155)7	(15)1	0.00	0	
(7)(1100)	3.00	(123)6	(334)1	(25)1	3.00	0	
(8)(1100)	3.00	(134)1	(113)1	(213)4	1.00	0	
(9)(1100)	3.00	(46)1	(257)4	(25)1	1.00	0	
(10)(1100)	3.00	(102)1	(90)1	(48)1	(215)4	0.00	0	
(11)(1100)	3.00	(144)1	(123)1	(46)2	(247)3	0.00	0	
(12)(1100)	2.00	(182)6	8.00	0	
(13)(1100)	3.00	(334)3	(48)1	(25)2	0.00	0	
(14)(1100)	2.00	(144)3	(334)2	0.00	0	
(15)(1100)	2.00	(278)3	(37)1	(15)1	(213)1	1.00	0	
(16)(1100)	2.00	(79)2	(290)2	(181)2	0.00	0	
(17)(1100)	1.00	(322)2	(90)3	(15)1	(171)1	0.00	0	
(18)(1100)	1.00	(58)3	(25)1	(225)4	1.00	0	
(19)(1100)	1.00	(123)1	(311)1	(313)2	(37)1	3.00	0	
(20)(1100)	1.00	(278)1	(269)3	(15)1	0.00	0	
(22)(1100)	1.00	(123)1	(25)1	(236)4	8.00	0	
(24)(1100)	1.00	(81)1	(69)2	(25)1	(171)5	1.00	0	
(37)(1100)	1.00	(113)1	(311)3	(25)2	4.00	0	
max retalho: 5
(0)(1100)	1.00	(280)1	(37)1	(25)1	(15)2	(182)4	0.00	0	
(1)(1100)	1.00	(322)2	(25)1	(215)2	1.00	0	
(2)(1100)	1.00	(146)4	(111)2	(290)1	4.00	0	
(3)(1100)	1.00	(134)2	(123)1	(90)2	(37)3	(215)1	(203)1	0.00	0	
max retalho: 5
(0)(1100)	1.00	(144)2	(81)1	(280)2	(171)1	0.00	0	
(1)(1100)	1.00	(111)1	(25)5	(225)2	(15)2	(192)2	0.00	0	
max retalho: 5
(0)(1100)	1.00	(134)2	(123)1	(111)2	(113)1	(290)1	(58)1	(25)1	1.00	0	
max retalho: 5
(0)(1100)	1.00	(123)1	(113)1	(81)1	(278)1	(46)1	(37)3	(25)1	(171)1	152.00	0	
Sobra Total: 0.00
Perda Total: 274.00

Total Barras Cortadas:
Barra (1000) : 0
Barra (1100) : 90
Barra (305) : 0
Barra (459) : 0
Barra (296) : 0

Retalhos Gerados:
