
Saida Arquivo/Entrada/Class6/D6d1.txt

Minimizar a Perda Total
max retalho: 5
(0)(1100)	8.00	(141)1	(143)1	(87)1	(243)3	0.00	0	
(1)(1100)	8.00	(319)3	(66)1	(55)1	(22)1	0.00	0	
(2)(1100)	7.00	(164)1	(233)4	4.00	0	
(3)(1100)	7.00	(287)3	(11)1	(222)1	6.00	0	
(4)(1100)	6.00	(254)4	(45)1	(34)1	5.00	0	
(5)(1100)	6.00	(196)1	(296)1	(298)2	(11)1	1.00	0	
(6)(1100)	5.00	(275)4	0.00	0	
(7)(1100)	4.00	(152)1	(131)6	(76)1	(43)2	0.00	0	
(8)(1100)	5.00	(185)1	(308)2	(298)1	1.00	0	
(9)(1100)	4.00	(196)1	(141)4	(329)1	(11)1	0.00	0	
(10)(1100)	4.00	(208)1	(174)5	(22)1	0.00	0	
(11)(1100)	4.00	(208)4	(266)1	2.00	0	
(12)(1100)	4.00	(143)3	(329)1	(331)1	(11)1	0.00	0	
(13)(1100)	3.00	(308)2	(231)2	(22)1	0.00	0	
(14)(1100)	3.00	(298)1	(76)1	(264)1	(231)2	0.00	0	
(15)(1100)	2.00	(152)7	(34)1	2.00	0	
(16)(1100)	3.00	(175)6	(22)1	(13)2	2.00	0	
(17)(1100)	2.00	(208)1	(296)3	4.00	0	
(18)(1100)	1.00	(141)1	(87)11	2.00	0	
(19)(1100)	1.00	(120)4	(66)1	(266)2	(22)1	0.00	0	
(20)(1100)	1.00	(110)1	(99)10	0.00	0	
(22)(1100)	1.00	(76)6	(266)2	(45)2	(11)2	0.00	0	
(23)(1100)	1.00	(78)12	(66)1	(55)1	(43)1	0.00	0	
(40)(1000)	5.00	(298)1	(34)1	(222)3	2.00	0	
max retalho: 5
(0)(1100)	1.00	(152)2	(99)1	(287)2	(55)1	(34)2	0.00	0	
(1)(1100)	1.00	(185)4	(87)4	(11)1	1.00	0	
(3)(1100)	1.00	(329)1	(275)1	(66)3	(55)1	(243)1	0.00	0	
(4)(1100)	1.00	(143)2	(131)3	(34)3	(231)1	(22)4	0.00	0	
(11)(1100)	1.00	(208)1	(76)4	(43)8	(243)1	1.00	0	
(12)(1100)	1.00	(164)4	(76)1	(266)1	(34)3	0.00	0	
(14)(1000)	1.00	(141)2	(120)3	(108)3	(34)1	0.00	0	
(27)(1000)	1.00	(308)1	(99)5	(87)1	(76)1	(34)1	0.00	0	
max retalho: 5
(0)(1100)	1.00	(174)2	(131)2	(55)4	(34)1	(231)1	5.00	0	
(3)(1100)	1.00	(196)2	(87)5	(76)3	(45)1	0.00	0	
max retalho: 5
(0)(1100)	1.00	(152)2	(141)1	(76)1	(275)1	(66)2	(34)4	(11)3	3.00	0	
max retalho: 5
(1)(334)	1.00	(76)2	(34)1	148.00	0	
Sobra Total: 0.00
Perda Total: 307.00

Total Barras Cortadas:
Barra (1000) : 7
Barra (1100) : 99
Barra (179) : 0
Barra (334) : 1
Barra (169) : 0

Retalhos Gerados:
