
Saida Arquivo/Entrada/D4d1.txt

Minimizar a Perda Total
max retalho: 5

(0)(1100)	15.00	(323)3	131.00	0	
(1)(1100)	10.00	(324)3	128.00	0	
(2)(1100)	9.00	(290)3	230.00	0	
(3)(1100)	9.00	(280)3	260.00	0	
(4)(1100)	8.00	(257)4	72.00	0	
(5)(1100)	5.00	(301)3	197.00	0	
(6)(1100)	5.00	(259)4	64.00	0	
(7)(1100)	5.00	(292)3	224.00	0	
(8)(1100)	4.00	(313)3	161.00	0	
(9)(1100)	3.00	(125)8	100.00	0	
(10)(1100)	2.00	(102)10	80.00	0	
(11)(1100)	2.00	(71)15	35.00	0	
(12)(1100)	2.00	(69)15	65.00	0	
(13)(1100)	1.00	(269)4	24.00	0	
(14)(1100)	1.00	(48)22	44.00	0	
(15)(1100)	1.00	(113)9	83.00	0	
(16)(1100)	1.00	(104)10	60.00	0	
(17)(1100)	1.00	(60)18	20.00	0	
(18)(1100)	1.00	(313)1	(92)5	(81)4	3.00	0	max retalho: 5

(0)(1100)	1.00	(324)1	776.00	0	
(1)(1100)	1.00	(313)2	474.00	0	
(2)(1100)	1.00	(301)1	(290)1	(280)1	(113)1	(104)1	12.00	0	
(3)(1100)	1.00	(269)3	293.00	0	
(4)(1100)	1.00	(257)2	586.00	0	
(5)(1100)	1.00	(125)3	725.00	0	
(6)(1100)	1.00	(102)8	284.00	0	
(7)(1100)	1.00	(71)10	390.00	0	
(8)(1100)	1.00	(69)8	548.00	0	
(9)(1100)	1.00	(48)13	0	476	Sobra Total: 0.00
Perda Total: 0.00

Total Barras Cortadas:
Barra (1000) : 0
Barra (1100) : 95
Barra (380) : 0
Barra (215) : 0
Barra (372) : 0

Retalhos Gerados:
Retalho (476) : 1

Saida Arquivo/Entrada/D4d1.txt

Minimizar a Perda Total
max retalho: 5

(0)(1100)	15.00	(323)3	131.00	0	
(1)(1100)	10.00	(324)3	128.00	0	
(2)(1100)	9.00	(290)3	230.00	0	
(3)(1100)	9.00	(280)3	260.00	0	
(4)(1100)	8.00	(257)4	72.00	0	
(5)(1100)	5.00	(301)3	197.00	0	
(6)(1100)	5.00	(259)4	64.00	0	
(7)(1100)	5.00	(292)3	224.00	0	
(8)(1100)	4.00	(313)3	161.00	0	
(9)(1100)	3.00	(125)8	100.00	0	
(10)(1100)	2.00	(102)10	80.00	0	
(11)(1100)	2.00	(71)15	35.00	0	
(12)(1100)	2.00	(69)15	65.00	0	
(13)(1100)	1.00	(269)4	24.00	0	
(14)(1100)	1.00	(48)22	44.00	0	
(15)(1100)	1.00	(113)9	83.00	0	
(16)(1100)	1.00	(104)10	60.00	0	
(17)(1100)	1.00	(60)18	20.00	0	
(18)(1100)	1.00	(313)1	(92)5	(81)4	3.00	0	max retalho: 5

(0)(1100)	1.00	(324)1	776.00	0	
(1)(1100)	1.00	(313)2	474.00	0	
(2)(1100)	1.00	(301)1	(290)1	(280)1	(113)1	(104)1	12.00	0	
(3)(1100)	1.00	(269)3	293.00	0	
(4)(1100)	1.00	(257)2	586.00	0	
(5)(1100)	1.00	(125)3	725.00	0	
(6)(1100)	1.00	(102)8	284.00	0	
(7)(1100)	1.00	(71)10	390.00	0	
(8)(1100)	1.00	(69)8	548.00	0	
(9)(1100)	1.00	(48)13	0	476	Sobra Total: 0.00
Perda Total: 0.00

Total Barras Cortadas:
Barra (1000) : 0
Barra (1100) : 95
Barra (380) : 0
Barra (215) : 0
Barra (372) : 0

Retalhos Gerados:
Retalho (476) : 1
