
Saida Arquivo/Entrada/Class9/D9d7.txt

Minimizar a Perda Total
max retalho: 3
(0)(1100)	12.00	(19)2	(4)1	(46)23	0.00	0	
(1)(1100)	11.00	(39)28	8.00	0	
(2)(1100)	9.00	(36)28	(27)2	(19)2	0.00	0	
(3)(1100)	9.00	(19)1	(4)2	(37)29	0.00	0	
(4)(1100)	6.00	(19)4	(4)1	(30)34	0.00	0	
(5)(1100)	5.00	(27)36	(19)2	(30)3	0.00	0	
(6)(1100)	5.00	(21)52	8.00	0	
(7)(1100)	3.00	(43)25	(21)1	(4)1	0.00	0	
(8)(1100)	3.00	(44)25	0.00	0	
(9)(1100)	2.00	(22)50	0.00	0	
(10)(1100)	2.00	(51)20	(43)1	(37)1	0.00	0	
(11)(1100)	2.00	(19)56	(21)1	(15)1	0.00	0	
(12)(1100)	1.00	(14)78	8.00	0	
(13)(1100)	1.00	(19)2	(54)18	(30)3	0.00	0	
(15)(1100)	1.00	(12)46	(7)5	(57)9	0.00	0	
max retalho: 3
(0)(1100)	1.00	(27)26	(4)1	(14)26	(15)2	0.00	0	
(1)(1100)	1.00	(51)6	(44)5	(54)3	(37)4	(30)5	(57)2	0.00	0	
(2)(1100)	1.00	(46)20	(15)12	0.00	0	
(6)(1100)	1.00	(36)15	(21)26	(14)1	0.00	0	
(7)(1100)	1.00	(59)2	(21)1	(22)22	(7)68	1.00	0	
max retalho: 3
(0)(1100)	1.00	(51)1	(43)23	(46)1	(14)1	0.00	0	
(1)(1100)	1.00	(59)7	(14)3	(15)43	0.00	0	
(4)(1100)	1.00	(19)20	(4)4	(30)7	(14)35	4.00	0	
max retalho: 3
(0)(1100)	1.00	(44)3	(36)1	(21)2	(14)2	(15)8	0	742	
Sobra Total: 742.00
Perda Total: 141.00

Total Barras Cortadas:
Barra (1000) : 0
Barra (1100) : 81
Barra (120) : 0
Barra (341) : 0
Barra (107) : 0
Barra (342) : 0
Barra (94) : 0

Retalhos Gerados:
Retalho (742) : 1
