
Saida Arquivo/Entrada/Class9/D9d19.txt

Minimizar a Perda Total
max retalho: 3
(0)(1100)	16.00	(54)10	(40)14	0.00	0	
(1)(1100)	15.00	(53)6	(46)17	0.00	0	
(2)(1100)	10.00	(47)1	(49)21	(24)1	0.00	0	
(3)(1100)	6.00	(56)1	(58)18	0.00	0	
(4)(1100)	6.00	(29)36	(7)1	(49)1	0.00	0	
(5)(1100)	5.00	(31)34	(14)1	(32)1	0.00	0	
(6)(1100)	5.00	(29)1	(7)1	(56)19	0.00	0	
(7)(1100)	4.00	(6)2	(7)1	(47)23	0.00	0	
(8)(1100)	4.00	(38)28	(29)1	(7)1	0.00	0	
(9)(1100)	4.00	(53)20	(40)1	0.00	0	
(10)(1100)	3.00	(32)28	(17)12	0.00	0	
(11)(1100)	3.00	(25)44	0.00	0	
(12)(1100)	2.00	(54)2	(40)2	(24)38	0.00	0	
(13)(1100)	2.00	(14)78	8.00	0	
(14)(1100)	1.00	(22)50	0.00	0	
(15)(1100)	2.00	(6)1	(47)2	(40)25	0.00	0	
(16)(1100)	1.00	(7)157	1.00	0	
(17)(1100)	1.00	(6)183	2.00	0	
(18)(1100)	1.00	(6)2	(17)64	0.00	0	
(19)(1100)	1.00	(6)3	(9)30	(58)14	0.00	0	
(20)(1000)	11.00	(7)2	(58)17	0.00	0	
max retalho: 3
(1)(1100)	1.00	(46)5	(22)39	(6)2	0.00	0	
(3)(1100)	1.00	(38)1	(14)16	(47)5	(25)24	3.00	0	
(4)(1100)	1.00	(54)1	(29)3	(6)76	(49)7	(40)4	0.00	0	
(5)(1100)	1.00	(53)7	(32)16	(24)9	1.00	0	
(6)(1100)	1.00	(46)1	(38)12	(6)1	(56)10	(32)1	0.00	0	
max retalho: 3
(1)(1100)	1.00	(54)8	(46)4	(17)1	(58)8	3.00	0	
(4)(1100)	1.00	(31)11	(47)9	(32)10	(9)1	7.00	0	
max retalho: 3
(2)(1100)	1.00	(22)5	(6)2	(7)74	(49)3	(17)18	7.00	0	
max retalho: 3
(0)(1000)	1.00	(31)7	(58)7	0	377	
Sobra Total: 377.00
Perda Total: 40.00

Total Barras Cortadas:
Barra (1000) : 12
Barra (1100) : 100
Barra (123) : 0
Barra (358) : 0
Barra (111) : 0
Barra (346) : 0
Barra (112) : 0

Retalhos Gerados:
Retalho (377) : 1
