
Saida Arquivo/Entrada/Class9/D9d15.txt

Minimizar a Perda Total
max retalho: 3
(0)(1100)	12.00	(52)21	8.00	0	
(1)(1100)	11.00	(39)28	8.00	0	
(2)(1100)	8.00	(42)26	8.00	0	
(3)(1100)	7.00	(54)1	(49)21	(17)1	0.00	0	
(4)(1100)	7.00	(31)33	(34)1	(26)1	(17)1	0.00	0	
(5)(1100)	7.00	(38)16	(41)12	0.00	0	
(6)(1100)	7.00	(19)2	(59)18	0.00	0	
(7)(1100)	6.00	(54)18	(23)4	(17)1	(19)1	0.00	0	
(8)(1100)	5.00	(26)42	8.00	0	
(9)(1100)	4.00	(38)28	(17)1	(19)1	0.00	0	
(10)(1100)	4.00	(31)1	(57)18	(26)1	(17)1	0.00	0	
(11)(1100)	3.00	(46)12	(38)2	(59)8	0.00	0	
(12)(1100)	3.00	(15)73	5.00	0	
(13)(1100)	3.00	(57)1	(17)1	(19)54	0.00	0	
(14)(1100)	2.00	(8)137	4.00	0	
(15)(1100)	1.00	(11)100	0.00	0	
(16)(1100)	1.00	(34)30	(26)2	(17)1	(11)1	0.00	0	
(17)(1100)	1.00	(31)1	(23)44	(19)3	0.00	0	
(18)(1100)	1.00	(46)4	(16)13	(59)12	0.00	0	
(20)(1000)	1.00	(15)1	(41)1	(59)16	0.00	0	
max retalho: 3
(1)(1100)	1.00	(54)1	(8)29	(41)7	(17)31	0.00	0	
(2)(1100)	1.00	(31)21	(15)2	(34)12	(11)1	0.00	0	
(3)(1100)	1.00	(15)12	(26)16	(19)10	(52)6	2.00	0	
(5)(1100)	1.00	(46)4	(57)1	(11)62	(59)3	0.00	0	
(7)(1100)	1.00	(15)1	(8)1	(49)17	(42)3	(59)2	0.00	0	
max retalho: 3
(3)(1100)	1.00	(54)11	(38)11	(15)5	(11)1	2.00	0	
max retalho: 3
(5)(1000)	1.00	(38)4	(23)22	(15)2	(49)2	(34)3	(17)3	(59)1	2.00	0	
max retalho: 3
(3)(336)	1.00	(38)1	(23)1	(8)2	(11)19	50.00	0	
Sobra Total: 0.00
Perda Total: 367.00

Total Barras Cortadas:
Barra (1000) : 2
Barra (1100) : 99
Barra (114) : 0
Barra (348) : 0
Barra (101) : 0
Barra (336) : 1
Barra (89) : 0

Retalhos Gerados:
