
Saida Arquivo/Entrada/Class9/D9d11.txt

Minimizar a Perda Total
max retalho: 3
(0)(1100)	9.00	(54)19	(47)1	(27)1	0.00	0	
(1)(1100)	9.00	(50)22	0.00	0	
(2)(1100)	9.00	(31)35	(11)1	(4)1	0.00	0	
(3)(1100)	9.00	(42)26	8.00	0	
(4)(1100)	9.00	(56)19	(4)9	0.00	0	
(5)(1100)	8.00	(34)32	(4)3	0.00	0	
(6)(1100)	7.00	(32)28	(34)6	0.00	0	
(7)(1100)	6.00	(8)1	(9)1	(57)19	0.00	0	
(8)(1100)	6.00	(24)42	(27)2	(19)2	0.00	0	
(9)(1100)	6.00	(39)28	8.00	0	
(10)(1100)	4.00	(31)3	(19)53	0.00	0	
(11)(1100)	3.00	(47)1	(24)1	(49)21	0.00	0	
(12)(1100)	2.00	(11)100	0.00	0	
(13)(1100)	1.00	(47)22	(9)1	(19)3	0.00	0	
(14)(1100)	1.00	(26)42	8.00	0	
(15)(1100)	1.00	(47)1	(27)39	0.00	0	
(16)(1100)	1.00	(8)137	4.00	0	
(17)(1100)	1.00	(9)122	2.00	0	
(18)(1000)	1.00	(16)51	(4)46	0.00	0	
(20)(1000)	3.00	(56)17	(24)2	0.00	0	
max retalho: 3
(0)(1100)	1.00	(56)6	(47)16	(4)3	0.00	0	
(1)(1100)	1.00	(54)16	(56)3	(34)2	0.00	0	
(3)(1100)	1.00	(9)2	(49)12	(26)19	0.00	0	
(5)(1000)	1.00	(57)17	(19)1	(4)3	0.00	0	
(8)(1100)	1.00	(24)16	(50)3	(42)3	(11)40	0.00	0	
max retalho: 3
(1)(1100)	1.00	(9)26	(50)1	(34)24	0.00	0	
(3)(1100)	1.00	(56)1	(47)3	(39)1	(31)14	(24)3	(49)1	(26)10	(27)1	(19)1	3.00	0	
max retalho: 3
(1)(1100)	1.00	(24)20	(27)22	(4)6	2.00	0	
max retalho: 3
(4)(1000)	1.00	(56)5	(32)2	(8)37	(9)1	(50)7	1.00	0	
max retalho: 3
(2)(481)	1.00	(56)1	(8)2	(4)49	213.00	0	
Sobra Total: 0.00
Perda Total: 353.00

Total Barras Cortadas:
Barra (1000) : 6
Barra (1100) : 99
Barra (37) : 0
Barra (258) : 0
Barra (493) : 0
Barra (260) : 0
Barra (481) : 1

Retalhos Gerados:
