
Saida Arquivo/Entrada/Class9/D9d3.txt

Minimizar a Perda Total
max retalho: 3
(0)(1100)	13.00	(36)2	(54)17	(47)2	(16)1	0.00	0	
(1)(1100)	8.00	(13)1	(6)1	(47)23	0.00	0	
(2)(1100)	8.00	(6)2	(32)34	0.00	0	
(3)(1100)	8.00	(59)18	(31)1	(7)1	0.00	0	
(4)(1100)	7.00	(52)21	8.00	0	
(5)(1100)	7.00	(5)3	(31)35	0.00	0	
(6)(1100)	6.00	(36)30	(13)1	(7)1	0.00	0	
(7)(1100)	6.00	(29)37	(21)1	(6)1	0.00	0	
(8)(1100)	5.00	(44)25	0.00	0	
(9)(1100)	5.00	(55)20	0.00	0	
(10)(1100)	4.00	(28)1	(16)67	0.00	0	
(11)(1100)	3.00	(21)52	8.00	0	
(12)(1100)	2.00	(28)39	8.00	0	
(13)(1100)	1.00	(51)20	(29)2	(6)1	(16)1	0.00	0	
(14)(1100)	1.00	(39)28	8.00	0	
(15)(1100)	1.00	(6)183	2.00	0	
(16)(1100)	1.00	(7)157	1.00	0	
(17)(1100)	1.00	(5)95	(24)26	1.00	0	
max retalho: 3
(0)(1100)	1.00	(21)27	(6)1	(31)17	0.00	0	
(1)(1100)	1.00	(52)15	(36)8	(13)2	(6)1	0.00	0	
(2)(1100)	1.00	(59)2	(29)5	(55)2	(39)10	(32)6	(16)9	1.00	0	
(3)(1100)	1.00	(51)11	(44)6	(21)2	(47)1	(31)6	0.00	0	
max retalho: 3
(0)(1100)	1.00	(13)72	(5)23	(7)7	0.00	0	
(1)(1100)	1.00	(28)2	(21)4	(54)5	(47)14	(32)1	0.00	0	
max retalho: 3
(0)(1100)	1.00	(36)15	(28)7	(21)1	(5)7	(6)23	(54)2	(55)1	(7)1	0.00	0	
max retalho: 3
(0)(266)	1.00	(36)2	(28)3	110.00	0	
Sobra Total: 0.00
Perda Total: 219.00

Total Barras Cortadas:
Barra (1000) : 0
Barra (1100) : 94
Barra (44) : 0
Barra (279) : 0
Barra (46) : 0
Barra (266) : 1
Barra (33) : 0

Retalhos Gerados:
