
Saida Arquivo/Entrada/Class9/D9d16.txt

Minimizar a Perda Total
max retalho: 3
(0)(1100)	13.00	(50)22	0.00	0	
(1)(1100)	12.00	(40)25	(23)2	(18)3	0.00	0	
(2)(1100)	12.00	(15)1	(58)18	(41)1	0.00	0	
(3)(1100)	9.00	(38)26	(56)2	0.00	0	
(4)(1100)	8.00	(23)1	(41)26	(11)1	0.00	0	
(5)(1100)	6.00	(55)20	0.00	0	
(6)(1100)	5.00	(56)18	(41)2	(10)1	0.00	0	
(7)(1100)	5.00	(32)33	(33)1	(11)1	0.00	0	
(8)(1100)	5.00	(23)47	(8)1	(11)1	0.00	0	
(9)(1100)	4.00	(16)66	(33)1	(11)1	0.00	0	
(10)(1100)	3.00	(15)73	5.00	0	
(11)(1100)	2.00	(47)19	(23)9	0.00	0	
(12)(1100)	2.00	(11)100	0.00	0	
(13)(1100)	2.00	(26)42	8.00	0	
(14)(1100)	1.00	(33)33	(11)1	0.00	0	
(15)(1100)	1.00	(16)5	(34)30	0.00	0	
(20)(1000)	3.00	(16)1	(56)1	(58)16	0.00	0	
max retalho: 3
(0)(1100)	1.00	(15)2	(34)14	(11)54	0.00	0	
(1)(1100)	1.00	(38)16	(8)60	(11)1	1.00	0	
(2)(1100)	1.00	(40)1	(33)4	(18)1	(10)91	0.00	0	
(4)(1100)	1.00	(56)5	(41)20	0.00	0	
(9)(1100)	1.00	(40)1	(23)15	(16)14	(26)3	(59)7	0.00	0	
max retalho: 3
(1)(1100)	1.00	(55)14	(33)10	0.00	0	
(2)(1100)	1.00	(32)7	(8)22	(50)2	(34)2	(18)23	(10)3	(11)8	0.00	0	
(4)(1100)	1.00	(15)31	(16)12	(26)17	1.00	0	
(7)(1100)	1.00	(40)12	(56)11	4.00	0	
max retalho: 3
(2)(1000)	1.00	(47)12	(40)1	(15)15	(34)5	1.00	0	
max retalho: 3
(2)(1000)	1.00	(15)1	(33)15	(11)1	0	479	
Sobra Total: 479.00
Perda Total: 38.00

Total Barras Cortadas:
Barra (1000) : 5
Barra (1100) : 99
Barra (125) : 0
Barra (360) : 0
Barra (127) : 0
Barra (347) : 0
Barra (115) : 0

Retalhos Gerados:
Retalho (479) : 1
