
Saida Arquivo/Entrada/Class9/D9d2.txt

Minimizar a Perda Total
max retalho: 3
(0)(1100)	15.00	(7)1	(57)19	(10)1	0.00	0	
(1)(1100)	14.00	(53)20	(30)1	(10)1	0.00	0	
(2)(1100)	11.00	(55)20	0.00	0	
(3)(1100)	10.00	(38)26	(56)2	0.00	0	
(4)(1100)	7.00	(53)6	(46)17	0.00	0	
(5)(1100)	7.00	(30)4	(49)20	0.00	0	
(6)(1100)	6.00	(15)1	(33)3	(34)29	0.00	0	
(7)(1100)	4.00	(23)1	(41)26	(11)1	0.00	0	
(8)(1100)	3.00	(26)42	8.00	0	
(9)(1100)	3.00	(31)35	(7)1	(8)1	0.00	0	
(10)(1100)	2.00	(30)34	(23)3	(11)1	0.00	0	
(11)(1100)	1.00	(15)73	5.00	0	
(12)(1100)	1.00	(31)1	(23)44	(57)1	0.00	0	
(13)(1100)	1.00	(10)110	0.00	0	
(14)(1100)	1.00	(18)61	2.00	0	
(19)(1100)	4.00	(33)33	(11)1	0.00	0	
max retalho: 3
(0)(1100)	1.00	(15)57	(49)5	0.00	0	
(1)(1100)	1.00	(7)2	(8)113	(26)7	0.00	0	
(3)(1100)	1.00	(38)16	(31)13	(23)1	(33)2	0.00	0	
(7)(1100)	1.00	(46)6	(57)5	(34)12	(10)13	1.00	0	
max retalho: 3
(0)(1100)	1.00	(55)8	(26)25	(10)1	0.00	0	
(1)(1100)	1.00	(23)30	(33)10	(26)3	2.00	0	
(5)(1100)	1.00	(55)3	(30)1	(41)22	3.00	0	
max retalho: 3
(0)(1100)	1.00	(55)3	(31)9	(15)7	(7)3	(8)3	(56)2	(49)2	(26)1	(10)19	(11)1	69.00	0	
Sobra Total: 0.00
Perda Total: 106.00

Total Barras Cortadas:
Barra (1000) : 0
Barra (1100) : 98
Barra (49) : 0
Barra (269) : 0
Barra (37) : 0
Barra (257) : 0
Barra (492) : 0

Retalhos Gerados:
