
Saida Arquivo/Entrada/Class9/D9d8.txt

Minimizar a Perda Total
max retalho: 3
(0)(1100)	12.00	(51)21	(12)2	(5)1	0.00	0	
(1)(1100)	10.00	(36)1	(54)18	(23)4	0.00	0	
(2)(1100)	9.00	(12)1	(46)22	(38)2	0.00	0	
(3)(1100)	8.00	(36)30	(12)1	(8)1	0.00	0	
(4)(1100)	7.00	(35)27	(31)5	0.00	0	
(5)(1100)	6.00	(43)25	(12)1	(13)1	0.00	0	
(6)(1100)	5.00	(38)2	(16)1	(56)18	0.00	0	
(7)(1100)	5.00	(36)5	(23)40	0.00	0	
(8)(1100)	5.00	(31)35	(15)1	0.00	0	
(9)(1100)	5.00	(20)55	0.00	0	
(10)(1100)	4.00	(39)28	8.00	0	
(11)(1100)	4.00	(28)39	8.00	0	
(12)(1100)	4.00	(15)73	5.00	0	
(13)(1100)	3.00	(58)18	(43)1	(13)1	0.00	0	
(14)(1100)	1.00	(12)91	8.00	0	
(15)(1100)	1.00	(13)84	8.00	0	
(20)(1000)	12.00	(58)17	(13)1	1.00	0	
max retalho: 3
(0)(1100)	1.00	(35)17	(56)9	1.00	0	
(1)(1100)	1.00	(28)15	(5)1	(15)45	0.00	0	
(2)(1100)	1.00	(12)2	(13)12	(46)20	0.00	0	
(3)(1100)	1.00	(39)17	(23)19	0.00	0	
(6)(1100)	1.00	(36)8	(54)14	(56)1	0.00	0	
(8)(1100)	1.00	(58)7	(20)8	(12)42	(5)6	0.00	0	
(9)(1100)	1.00	(43)12	(5)7	(38)9	(31)1	(16)11	0.00	0	
max retalho: 3
(1)(1100)	1.00	(36)5	(12)37	(13)36	(8)1	0.00	0	
(3)(1100)	1.00	(51)5	(43)1	(35)6	(5)2	(39)4	(31)13	(15)1	(8)1	0.00	0	
max retalho: 3
(2)(1100)	1.00	(23)17	(8)53	(56)5	5.00	0	
max retalho: 3
(4)(1100)	1.00	(35)1	(36)9	(28)10	(12)1	(5)61	(8)18	0.00	0	
max retalho: 3
(0)(341)	1.00	(5)5	(8)18	172.00	0	
Sobra Total: 0.00
Perda Total: 290.00

Total Barras Cortadas:
Barra (1000) : 12
Barra (1100) : 100
Barra (119) : 0
Barra (354) : 0
Barra (121) : 0
Barra (341) : 1
Barra (108) : 0

Retalhos Gerados:
