
Saida Arquivo/Entrada/Class9/D9d1.txt

Minimizar a Perda Total
max retalho: 3
(0)(1100)	16.00	(38)1	(56)3	(9)1	(59)15	0.00	0	
(1)(1100)	11.00	(49)20	(40)3	0.00	0	
(2)(1100)	11.00	(46)21	(16)1	(59)2	0.00	0	
(3)(1100)	10.00	(54)19	(57)1	(17)1	0.00	0	
(4)(1100)	9.00	(39)28	8.00	0	
(5)(1100)	8.00	(7)1	(57)19	(10)1	0.00	0	
(6)(1100)	8.00	(38)2	(16)1	(56)18	0.00	0	
(7)(1100)	4.00	(25)44	0.00	0	
(8)(1100)	2.00	(22)50	0.00	0	
(9)(1100)	2.00	(38)28	(17)1	(9)1	(10)1	0.00	0	
(10)(1100)	2.00	(16)67	(9)2	(10)1	0.00	0	
(11)(1100)	2.00	(54)2	(16)2	(40)24	0.00	0	
(12)(1100)	2.00	(10)110	0.00	0	
(13)(1100)	1.00	(16)1	(32)33	(9)2	(10)1	0.00	0	
(14)(1100)	1.00	(16)5	(34)30	0.00	0	
(15)(1100)	1.00	(9)122	2.00	0	
(16)(1100)	1.00	(46)6	(31)25	(49)1	0.00	0	
(20)(1000)	2.00	(38)1	(56)17	(10)1	0.00	0	
max retalho: 3
(0)(1100)	1.00	(16)1	(25)43	(9)1	0.00	0	
(2)(1100)	1.00	(39)16	(17)28	0.00	0	
(4)(1100)	1.00	(22)16	(34)22	0.00	0	
(6)(1100)	1.00	(14)1	(57)8	(49)9	(9)21	0.00	0	
(10)(1100)	1.00	(46)4	(38)10	(16)5	(10)16	(59)5	1.00	0	
max retalho: 3
(1)(1100)	1.00	(54)5	(22)2	(14)47	(32)4	0.00	0	
(4)(1100)	1.00	(39)7	(22)7	(14)1	(7)20	(56)8	(17)3	(10)2	0.00	0	
max retalho: 3
(1)(1100)	1.00	(32)20	(9)51	1.00	0	
(2)(1000)	1.00	(22)14	(16)21	(40)8	(17)2	2.00	0	
max retalho: 3
(1)(1000)	1.00	(32)4	(17)20	0	532	
Sobra Total: 532.00
Perda Total: 78.00

Total Barras Cortadas:
Barra (1000) : 4
Barra (1100) : 99
Barra (123) : 0
Barra (358) : 0
Barra (125) : 0
Barra (346) : 0
Barra (112) : 0

Retalhos Gerados:
Retalho (532) : 1
