
Saida Arquivo/Entrada/Class9/D9d20.txt

Minimizar a Perda Total
max retalho: 3
(0)(1100)	13.00	(45)2	(30)1	(49)20	0.00	0	
(1)(1100)	10.00	(53)19	(38)1	(7)2	(41)1	0.00	0	
(2)(1100)	8.00	(30)29	(23)10	0.00	0	
(3)(1100)	8.00	(33)32	(26)1	(18)1	0.00	0	
(4)(1100)	7.00	(25)44	0.00	0	
(5)(1100)	6.00	(7)2	(41)24	(51)2	0.00	0	
(6)(1100)	5.00	(56)18	(41)1	(51)1	0.00	0	
(7)(1100)	5.00	(38)26	(30)1	(41)2	0.00	0	
(8)(1100)	5.00	(46)2	(48)21	0.00	0	
(9)(1100)	4.00	(26)42	8.00	0	
(10)(1100)	4.00	(22)50	0.00	0	
(11)(1100)	4.00	(15)1	(7)2	(51)21	0.00	0	
(12)(1100)	4.00	(53)6	(46)17	0.00	0	
(13)(1100)	3.00	(45)18	(30)2	(23)10	0.00	0	
(14)(1100)	2.00	(15)73	5.00	0	
(15)(1100)	1.00	(56)1	(41)1	(59)17	0.00	0	
(16)(1100)	1.00	(10)110	0.00	0	
(17)(1100)	1.00	(7)157	1.00	0	
(18)(1100)	1.00	(18)61	2.00	0	
(19)(1100)	1.00	(23)46	(15)1	(7)1	(10)2	0.00	0	
(20)(1000)	8.00	(46)4	(48)17	0.00	0	
max retalho: 3
(1)(1100)	1.00	(7)1	(49)9	(59)11	3.00	0	
(2)(1100)	1.00	(30)17	(15)2	(56)10	0.00	0	
(3)(1100)	1.00	(53)9	(15)35	(49)2	0.00	0	
(4)(1100)	1.00	(38)1	(41)10	(18)10	(10)47	2.00	0	
max retalho: 3
(2)(1100)	1.00	(22)5	(23)1	(7)1	(56)1	(49)2	(26)31	0.00	0	
max retalho: 3
(3)(1100)	1.00	(45)2	(38)7	(7)62	(51)6	4.00	0	
max retalho: 3
(4)(1100)	1.00	(45)14	(22)15	(15)5	(7)2	(25)2	1.00	0	
max retalho: 3
(0)(102)	1.00	(22)1	(33)1	47.00	0	
Sobra Total: 0.00
Perda Total: 102.00

Total Barras Cortadas:
Barra (1000) : 8
Barra (1100) : 100
Barra (113) : 0
Barra (347) : 0
Barra (101) : 0
Barra (335) : 0
Barra (102) : 1

Retalhos Gerados:
