
Saida Arquivo/Entrada/Class9/D9d6.txt

Minimizar a Perda Total
max retalho: 3
(0)(1100)	14.00	(50)22	0.00	0	
(1)(1100)	12.00	(42)26	8.00	0	
(2)(1100)	9.00	(58)18	(56)1	0.00	0	
(3)(1100)	7.00	(43)24	(45)1	(23)1	0.00	0	
(4)(1100)	6.00	(35)31	(4)2	(7)1	0.00	0	
(5)(1100)	6.00	(4)3	(46)22	(38)2	0.00	0	
(6)(1100)	6.00	(27)34	(30)3	(23)4	0.00	0	
(7)(1100)	6.00	(22)50	0.00	0	
(8)(1100)	5.00	(35)2	(19)54	(4)1	0.00	0	
(9)(1100)	5.00	(53)6	(46)17	0.00	0	
(10)(1100)	3.00	(30)29	(23)10	0.00	0	
(11)(1100)	3.00	(27)1	(45)22	(30)2	(23)1	0.00	0	
(12)(1100)	3.00	(4)9	(56)19	0.00	0	
(13)(1100)	2.00	(20)55	0.00	0	
(14)(1100)	2.00	(38)26	(56)2	0.00	0	
(15)(1100)	1.00	(12)91	8.00	0	
(16)(1100)	1.00	(7)157	1.00	0	
(17)(1100)	1.00	(58)5	(15)54	0.00	0	
(20)(1000)	1.00	(58)17	(7)2	0.00	0	
max retalho: 3
(1)(1100)	1.00	(20)41	(4)70	0.00	0	
(2)(1100)	1.00	(35)28	(4)1	(38)3	2.00	0	
(3)(1100)	1.00	(12)71	(45)5	(15)1	(7)1	1.00	0	
(5)(1100)	1.00	(50)9	(4)1	(46)2	(23)24	2.00	0	
(8)(1100)	1.00	(27)14	(19)6	(22)20	(56)3	0.00	0	
max retalho: 3
(1)(1100)	1.00	(27)1	(19)44	(4)3	(45)5	0.00	0	
(6)(1000)	1.00	(4)13	(46)11	(7)63	1.00	0	
max retalho: 3
(1)(1100)	1.00	(58)7	(4)2	(53)1	(30)21	3.00	0	
max retalho: 3
(2)(1000)	1.00	(43)4	(4)120	(15)13	153.00	0	
Sobra Total: 0.00
Perda Total: 267.00

Total Barras Cortadas:
Barra (1000) : 3
Barra (1100) : 99
Barra (119) : 0
Barra (354) : 0
Barra (106) : 0
Barra (342) : 0
Barra (94) : 0

Retalhos Gerados:
