
Saida Arquivo/Entrada/Class4/D4d7.txt

Minimizar a Perda Total
max retalho: 5
(0)(1100)	16.00	(162)2	(141)1	(317)2	1.00	0	
(1)(1100)	14.00	(141)1	(319)3	2.00	0	
(2)(1100)	10.00	(162)1	(319)1	(307)2	5.00	0	
(3)(1100)	10.00	(118)3	(119)3	(97)4	1.00	0	
(4)(1100)	8.00	(183)6	2.00	0	
(5)(1100)	7.00	(173)4	(150)2	(108)1	0.00	0	
(6)(1100)	6.00	(194)5	(129)1	1.00	0	
(7)(1100)	5.00	(329)3	(108)1	5.00	0	
(8)(1100)	5.00	(206)1	(296)3	6.00	0	
(9)(1100)	3.00	(173)4	(118)1	(108)1	(97)1	(85)1	0.00	0	
(10)(1000)	4.00	(206)4	(173)1	3.00	0	
(11)(1100)	3.00	(194)4	(162)2	0.00	0	
(12)(1100)	2.00	(141)3	(85)1	(296)2	0.00	0	
(13)(1100)	1.00	(118)6	(307)1	(85)1	0.00	0	
(14)(1100)	1.00	(150)1	(108)7	(97)2	0.00	0	
(15)(1100)	1.00	(152)2	(329)1	(85)2	(296)1	1.00	0	
(20)(1100)	2.00	(185)5	(173)1	2.00	0	
max retalho: 5
(0)(1100)	1.00	(185)1	(118)1	(317)1	(307)1	(85)2	3.00	0	
(1)(1100)	1.00	(183)1	(329)2	(85)3	4.00	0	
(3)(1100)	1.00	(194)2	(183)2	(173)2	0.00	0	
max retalho: 5
(1)(1100)	1.00	(162)1	(119)1	(317)1	(108)1	(307)1	(85)1	2.00	0	
max retalho: 5
(0)(1100)	1.00	(206)1	(183)1	(118)2	(108)2	(85)3	4.00	0	
max retalho: 5
(3)(1000)	1.00	(183)1	(141)1	(108)1	(85)1	0	483	
Sobra Total: 483.00
Perda Total: 211.00

Total Barras Cortadas:
Barra (1000) : 5
Barra (1100) : 99
Barra (407) : 0
Barra (252) : 0
Barra (399) : 0

Retalhos Gerados:
Retalho (483) : 1
