
Saida Arquivo/Entrada/Class4/D4d15.txt

Minimizar a Perda Total
max retalho: 5
(0)(1100)	15.00	(149)1	(316)3	3.00	0	
(1)(1100)	15.00	(193)1	(160)1	(139)1	(304)2	0.00	0	
(2)(1100)	13.00	(116)1	(327)3	3.00	0	
(3)(1100)	8.00	(193)4	(327)1	1.00	0	
(4)(1100)	8.00	(204)1	(128)7	0.00	0	
(5)(1100)	8.00	(204)3	(149)2	(95)2	0.00	0	
(6)(1100)	7.00	(203)1	(172)3	(149)1	(116)2	0.00	0	
(7)(1100)	6.00	(181)1	(306)3	1.00	0	
(8)(1100)	5.00	(137)8	4.00	0	
(9)(1100)	3.00	(203)2	(204)2	(170)1	(116)1	0.00	0	
(10)(1100)	3.00	(137)1	(107)9	0.00	0	
(11)(1000)	3.00	(170)1	(149)4	(116)2	2.00	0	
(12)(1100)	2.00	(181)1	(116)7	(107)1	0.00	0	
(13)(1100)	1.00	(181)1	(304)3	7.00	0	
(14)(1100)	1.00	(204)1	(170)2	(172)2	(116)1	(95)1	1.00	0	
(15)(1100)	1.00	(181)3	(105)2	(95)1	(84)3	0.00	0	
max retalho: 5
(1)(1100)	1.00	(128)1	(327)2	(316)1	2.00	0	
(2)(1100)	1.00	(203)1	(204)1	(193)2	(306)1	1.00	0	
(6)(1000)	1.00	(170)2	(116)3	(306)1	6.00	0	
max retalho: 5
(2)(1100)	1.00	(181)1	(172)1	(139)1	(304)2	0.00	0	
max retalho: 5
(2)(1000)	1.00	(149)1	(105)1	(107)6	104.00	0	
Sobra Total: 0.00
Perda Total: 245.00

Total Barras Cortadas:
Barra (1000) : 5
Barra (1100) : 99
Barra (243) : 0
Barra (404) : 0
Barra (234) : 0

Retalhos Gerados:
