
Saida Arquivo/Entrada/Class4/D4d11.txt

Minimizar a Perda Total
max retalho: 5
(0)(1100)	20.00	(209)1	(211)2	(134)1	(334)1	1.00	0	
(1)(1100)	9.00	(188)2	(311)2	(102)1	0.00	0	
(2)(1100)	8.00	(144)3	(334)2	0.00	0	
(3)(1100)	8.00	(209)3	(134)1	(113)3	0.00	0	
(4)(1100)	7.00	(144)1	(322)2	(312)1	0.00	0	
(5)(1100)	5.00	(176)3	(178)2	(113)1	(102)1	1.00	0	
(6)(1100)	4.00	(199)3	(167)1	(334)1	2.00	0	
(7)(1100)	4.00	(123)8	(113)1	3.00	0	
(8)(1100)	3.00	(167)1	(311)3	0.00	0	
(9)(1100)	2.00	(167)4	(144)3	0.00	0	
(10)(1100)	2.00	(209)1	(146)4	(102)3	1.00	0	
(11)(1100)	2.00	(155)1	(312)3	9.00	0	
(12)(1100)	1.00	(155)5	(123)1	(111)1	(90)1	1.00	0	
(13)(1100)	2.00	(144)7	(90)1	2.00	0	
(14)(1100)	1.00	(209)1	(178)5	1.00	0	
(15)(1100)	1.00	(102)9	(90)2	2.00	0	
max retalho: 5
(0)(1100)	1.00	(178)1	(155)2	(102)6	0.00	0	
(1)(1100)	1.00	(176)1	(178)2	(146)1	(111)1	(311)1	0.00	0	
(2)(1100)	1.00	(134)2	(111)2	(113)3	(90)3	1.00	0	
max retalho: 5
(0)(1100)	1.00	(199)1	(188)1	(155)1	(146)1	(322)1	(90)1	0.00	0	
max retalho: 5
(0)(1100)	1.00	(176)1	(167)2	(134)1	(334)1	(111)1	11.00	0	
max retalho: 5
(0)(1100)	1.00	(167)1	(155)1	(90)1	0	688	
Sobra Total: 688.00
Perda Total: 85.00

Total Barras Cortadas:
Barra (1000) : 0
Barra (1100) : 85
Barra (253) : 0
Barra (411) : 0
Barra (245) : 0

Retalhos Gerados:
Retalho (688) : 1
