
Saida Arquivo/Entrada/Class4/D4d6.txt

Minimizar a Perda Total
max retalho: 5
(0)(1100)	15.00	(315)3	(94)1	(60)1	1.00	0	
(1)(1100)	15.00	(159)1	(94)1	(282)3	1.00	0	
(2)(1100)	12.00	(158)1	(313)2	(315)1	1.00	0	
(3)(1100)	10.00	(94)1	(83)2	(280)3	0.00	0	
(4)(1100)	8.00	(159)1	(292)3	(60)1	5.00	0	
(5)(1100)	7.00	(148)1	(136)7	0.00	0	
(6)(1100)	5.00	(303)3	(94)2	3.00	0	
(7)(1100)	4.00	(115)9	(60)1	5.00	0	
(8)(1100)	4.00	(158)6	(92)1	(60)1	0.00	0	
(9)(1100)	3.00	(127)1	(324)3	1.00	0	
(10)(1100)	3.00	(127)1	(303)3	(60)1	4.00	0	
(11)(1100)	3.00	(125)5	(127)1	(92)3	(71)1	1.00	0	
(12)(1100)	3.00	(127)7	(115)1	(94)1	2.00	0	
(13)(1100)	2.00	(148)7	(60)1	4.00	0	
(14)(1100)	1.00	(159)6	(83)1	(60)1	3.00	0	
(15)(1100)	1.00	(104)5	(292)1	(280)1	8.00	0	
(20)(1000)	5.00	(158)1	(280)2	(282)1	0.00	0	
max retalho: 5
(2)(1100)	1.00	(127)1	(280)3	(71)1	(60)1	2.00	0	
(3)(1100)	1.00	(148)3	(125)1	(115)1	(83)1	(71)3	(60)2	0.00	0	
max retalho: 5
(1)(1000)	1.00	(136)6	(92)2	0.00	0	
(2)(1100)	1.00	(159)2	(148)1	(71)3	(60)7	1.00	0	
max retalho: 5
(0)(1100)	1.00	(159)2	(324)1	(315)1	(60)2	23.00	0	
Sobra Total: 0.00
Perda Total: 186.00

Total Barras Cortadas:
Barra (1000) : 6
Barra (1100) : 100
Barra (224) : 0
Barra (386) : 0
Barra (226) : 0

Retalhos Gerados:
