
Saida Arquivo/Entrada/Class4/D4d9.txt

Minimizar a Perda Total
max retalho: 5
(0)(1100)	8.00	(93)2	(304)3	2.00	0	
(1)(1100)	8.00	(191)1	(158)5	(116)1	3.00	0	
(2)(1100)	8.00	(191)4	(170)1	(158)1	8.00	0	
(3)(1100)	6.00	(202)3	(126)3	(114)1	2.00	0	
(4)(1100)	5.00	(149)2	(114)7	4.00	0	
(5)(1100)	4.00	(191)1	(158)1	(114)1	(316)2	5.00	0	
(6)(1100)	4.00	(147)3	(149)3	(105)2	2.00	0	
(7)(1100)	4.00	(180)3	(181)2	(116)1	(82)1	0.00	0	
(8)(1100)	3.00	(149)1	(314)3	9.00	0	
(9)(1100)	2.00	(149)3	(126)1	(105)5	2.00	0	
(10)(1100)	3.00	(202)1	(149)6	4.00	0	
(11)(1100)	2.00	(202)2	(170)3	(93)2	0.00	0	
(12)(1100)	2.00	(202)4	(105)1	(93)2	1.00	0	
(13)(1100)	2.00	(147)1	(114)1	(93)9	2.00	0	
(14)(1100)	1.00	(137)8	4.00	0	
(15)(1100)	1.00	(126)1	(325)2	(316)1	8.00	0	
(16)(1100)	1.00	(126)1	(93)1	(293)3	2.00	0	
max retalho: 5
(0)(1100)	1.00	(170)1	(149)1	(137)1	(316)1	(82)4	0.00	0	
(2)(1100)	1.00	(105)3	(93)1	(304)2	(82)1	2.00	0	
max retalho: 5
(0)(1100)	1.00	(202)1	(170)1	(149)1	(137)2	(105)2	(93)1	2.00	0	
max retalho: 5
(0)(1100)	1.00	(202)1	(180)1	(114)3	0	376	
Sobra Total: 376.00
Perda Total: 231.00

Total Barras Cortadas:
Barra (1000) : 0
Barra (1100) : 68
Barra (404) : 0
Barra (248) : 0
Barra (396) : 0

Retalhos Gerados:
Retalho (376) : 1
