
Saida Arquivo/Entrada/Class4/D4d14.txt

Minimizar a Perda Total
max retalho: 5
(0)(1100)	10.00	(200)1	(168)2	(335)1	(114)2	1.00	0	
(1)(1100)	10.00	(177)1	(145)1	(333)2	(112)1	0.00	0	
(2)(1100)	10.00	(147)1	(323)1	(312)2	6.00	0	
(3)(1100)	9.00	(200)1	(189)1	(177)3	(179)1	1.00	0	
(4)(1100)	9.00	(156)1	(312)3	8.00	0	
(5)(1100)	8.00	(179)1	(124)2	(335)2	3.00	0	
(6)(1100)	7.00	(189)1	(302)3	5.00	0	
(7)(1100)	6.00	(200)1	(300)3	0.00	0	
(8)(1100)	5.00	(156)7	8.00	0	
(9)(1100)	5.00	(168)1	(145)2	(333)1	(103)3	0.00	0	
(10)(1100)	5.00	(179)1	(333)2	(124)2	7.00	0	
(11)(1100)	3.00	(168)3	(147)4	8.00	0	
(12)(1100)	2.00	(333)3	(91)1	10.00	0	
(13)(1100)	1.00	(147)2	(135)1	(333)2	5.00	0	
(14)(1100)	1.00	(168)5	(135)1	(124)1	1.00	0	
(15)(1100)	1.00	(200)3	(145)1	(147)1	(103)2	2.00	0	
(19)(1100)	1.00	(189)4	(168)2	8.00	0	
max retalho: 5
(0)(1100)	1.00	(200)2	(177)2	(168)2	10.00	0	
(1)(1100)	1.00	(147)1	(124)1	(335)1	(312)1	(91)2	0.00	0	
max retalho: 5
(0)(1100)	1.00	(179)3	(135)1	(300)1	128.00	0	
Sobra Total: 0.00
Perda Total: 483.00

Total Barras Cortadas:
Barra (1000) : 0
Barra (1100) : 96
Barra (415) : 0
Barra (254) : 0
Barra (406) : 0

Retalhos Gerados:
