
Saida Arquivo/Entrada/Class4/D4d4.txt

Minimizar a Perda Total
max retalho: 5
(0)(1100)	13.00	(274)4	4.00	0	
(1)(1100)	12.00	(316)3	(86)1	(65)1	1.00	0	
(2)(1100)	10.00	(128)1	(306)3	(53)1	1.00	0	
(3)(1100)	11.00	(328)2	(295)1	(74)2	1.00	0	
(4)(1100)	9.00	(316)2	(318)1	(74)2	2.00	0	
(5)(1100)	9.00	(107)2	(295)3	1.00	0	
(6)(1100)	8.00	(130)4	(263)2	(53)1	1.00	0	
(7)(1100)	8.00	(107)2	(97)1	(263)3	0.00	0	
(8)(1000)	6.00	(118)4	(263)2	2.00	0	
(9)(1100)	6.00	(118)2	(295)1	(284)2	1.00	0	
(10)(1100)	5.00	(128)7	(130)1	(74)1	0.00	0	
(11)(1100)	4.00	(96)2	(284)1	(285)2	(53)1	1.00	0	
(12)(1100)	2.00	(328)3	(63)1	(53)1	0.00	0	
(13)(1000)	1.00	(107)1	(86)1	(65)1	(53)14	0.00	0	
(14)(1000)	1.00	(130)2	(107)6	(97)1	1.00	0	
(15)(1000)	1.00	(318)1	(97)1	(65)9	0.00	0	
(20)(1000)	2.00	(128)1	(130)1	(318)2	(53)2	0.00	0	
max retalho: 5
(0)(1100)	1.00	(274)4	4.00	0	
(1)(1000)	1.00	(128)4	(118)1	(316)1	(53)1	1.00	0	
(5)(1000)	1.00	(130)2	(284)1	(63)1	(65)2	(263)1	0.00	0	
max retalho: 5
(2)(1100)	1.00	(128)2	(118)3	(318)1	(86)2	0.00	0	
(3)(1000)	1.00	(107)2	(306)1	(86)2	(74)2	(53)3	1.00	0	
max retalho: 5
(2)(1000)	1.00	(96)1	(295)1	(53)3	0	450	
Sobra Total: 450.00
Perda Total: 149.00

Total Barras Cortadas:
Barra (1000) : 15
Barra (1100) : 99
Barra (224) : 0
Barra (372) : 0
Barra (215) : 0

Retalhos Gerados:
Retalho (450) : 1
