
Saida Arquivo/Entrada/Class4/D4d20.txt

Minimizar a Perda Total
max retalho: 5
(0)(1100)	17.00	(331)3	107.00	0	
(1)(1100)	16.00	(196)1	(165)1	(143)1	(298)2	0.00	0	
(2)(1100)	8.00	(186)5	(165)1	5.00	0	
(3)(1100)	7.00	(196)5	120.00	0	
(4)(1100)	7.00	(133)1	(321)3	4.00	0	
(5)(1100)	6.00	(164)6	116.00	0	
(6)(1100)	5.00	(208)5	60.00	0	
(7)(1100)	4.00	(100)11	0.00	0	
(8)(1100)	4.00	(143)7	99.00	0	
(9)(1100)	4.00	(165)1	(309)3	8.00	0	
(10)(1100)	4.00	(99)11	11.00	0	
(11)(1100)	3.00	(332)3	104.00	0	
(12)(1100)	3.00	(131)1	(321)3	6.00	0	
(13)(1100)	2.00	(175)6	50.00	0	
(14)(1100)	1.00	(110)10	0.00	0	
(15)(1100)	1.00	(198)5	110.00	0	
(16)(1000)	1.00	(198)1	(164)2	(143)1	(331)1	0.00	0	
(17)(1000)	1.00	(196)1	(198)1	(154)3	(143)1	1.00	0	
(18)(1100)	1.00	(121)9	11.00	0	
(19)(1100)	1.00	(131)8	52.00	0	
(20)(1000)	2.00	(100)1	(298)3	6.00	0	
max retalho: 5
(0)(1100)	1.00	(332)2	(110)3	(100)1	6.00	0	
(2)(1100)	1.00	(208)1	(198)1	(165)1	(331)1	(99)2	0.00	0	
(6)(1100)	1.00	(175)3	(143)4	3.00	0	
(9)(1100)	1.00	(198)2	(186)2	(110)3	2.00	0	
max retalho: 5
(1)(1000)	1.00	(208)1	(196)1	(198)1	(164)1	(99)1	(100)1	35.00	0	
max retalho: 5
(0)(1100)	1.00	(154)1	(110)1	(309)1	(100)2	(298)1	29.00	0	
max retalho: 5
(1)(1000)	1.00	(321)1	(100)4	279.00	0	
Sobra Total: 0.00
Perda Total: 5165.00

Total Barras Cortadas:
Barra (1000) : 6
Barra (1100) : 99
Barra (410) : 0
Barra (258) : 0
Barra (412) : 0

Retalhos Gerados:
