
Saida Arquivo/Entrada/Class4/D4d18.txt

Minimizar a Perda Total
max retalho: 5
(0)(1100)	19.00	(291)1	(269)2	(270)1	1.00	0	
(1)(1100)	10.00	(303)3	(71)2	(48)1	1.00	0	
(2)(1100)	8.00	(324)3	(69)1	(59)1	0.00	0	
(3)(1100)	7.00	(313)3	(48)1	(37)1	(38)2	0.00	0	
(4)(1100)	8.00	(92)1	(291)3	(48)2	(37)1	2.00	0	
(5)(1100)	6.00	(103)1	(301)2	(92)1	(303)1	0.00	0	
(6)(1100)	6.00	(37)2	(247)4	(38)1	0.00	0	
(7)(1100)	5.00	(102)9	(69)1	(37)1	(38)2	0.00	0	
(8)(1100)	4.00	(92)1	(303)3	(59)1	(38)1	2.00	0	
(9)(1100)	4.00	(81)11	(69)2	(71)1	0.00	0	
(10)(1100)	3.00	(92)10	(71)2	(38)1	0.00	0	
(11)(1100)	1.00	(69)14	(48)2	(38)1	0.00	0	
(12)(1100)	1.00	(103)1	(269)3	(38)5	0.00	0	
(13)(1000)	1.00	(69)2	(48)1	(259)3	(37)1	0.00	0	
(16)(1100)	1.00	(301)3	(69)2	(59)1	0.00	0	
(20)(1100)	12.00	(291)1	(280)2	(247)1	2.00	0	
max retalho: 5
(1)(1000)	1.00	(69)1	(247)3	(38)5	0.00	0	
(2)(1100)	1.00	(324)1	(92)8	(38)1	2.00	0	
(3)(1100)	1.00	(291)1	(280)1	(59)1	(48)2	(37)6	(38)4	0.00	0	
(15)(1100)	1.00	(313)1	(103)1	(269)1	(270)1	(48)3	1.00	0	
max retalho: 5
(1)(1100)	1.00	(324)1	(102)4	(269)1	(59)1	(38)1	2.00	0	
max retalho: 5
(1)(1000)	1.00	(102)2	(92)1	(69)7	(48)3	(38)2	1.00	0	
max retalho: 5
(3)(1000)	1.00	(102)2	(69)3	(59)3	(48)1	0	364	
Sobra Total: 364.00
Perda Total: 83.00

Total Barras Cortadas:
Barra (1000) : 4
Barra (1100) : 99
Barra (206) : 0
Barra (358) : 0
Barra (197) : 0

Retalhos Gerados:
Retalho (364) : 1
