
Saida Arquivo/Entrada/Class4/D4d10.txt

Minimizar a Perda Total
max retalho: 5
(0)(1000)	15.00	(109)1	(297)3	0.00	0	
(1)(1000)	13.00	(195)3	(329)1	(86)1	0.00	0	
(2)(1100)	13.00	(329)3	113.00	0	
(3)(1100)	13.00	(195)1	(185)4	(163)1	2.00	0	
(4)(1100)	9.00	(207)5	65.00	0	
(5)(1100)	7.00	(151)7	43.00	0	
(6)(1100)	7.00	(174)1	(308)3	2.00	0	
(7)(1100)	6.00	(174)6	56.00	0	
(8)(1100)	6.00	(174)1	(307)3	5.00	0	
(9)(1100)	6.00	(141)1	(318)3	5.00	0	
(10)(1100)	4.00	(119)9	29.00	0	
(11)(1100)	4.00	(97)11	33.00	0	
(12)(1100)	4.00	(120)9	20.00	0	
(13)(1100)	3.00	(153)7	29.00	0	
(14)(1100)	3.00	(184)5	(174)1	6.00	0	
(15)(1100)	3.00	(130)8	60.00	0	
(16)(1100)	2.00	(109)10	10.00	0	
(17)(1100)	2.00	(141)5	(308)1	(86)1	1.00	0	
(18)(1100)	2.00	(86)12	68.00	0	
(19)(1100)	1.00	(163)6	122.00	0	
(20)(1000)	6.00	(163)5	(97)1	(86)1	2.00	0	
max retalho: 5
(0)(1100)	1.00	(151)1	(329)2	(97)3	0.00	0	
(3)(1000)	1.00	(207)2	(195)3	1.00	0	
(4)(1100)	1.00	(184)2	(185)1	(109)5	2.00	0	
(5)(1100)	1.00	(153)5	(141)1	(97)2	0.00	0	
max retalho: 5
(1)(1100)	1.00	(174)2	(151)1	(297)2	7.00	0	
(2)(1000)	1.00	(151)2	(119)3	(120)1	(109)2	3.00	0	
max retalho: 5
(3)(1000)	1.00	(207)1	(151)2	(119)1	(109)1	(86)3	5.00	0	
max retalho: 5
(0)(1100)	1.00	(174)1	0	926	
Sobra Total: 926.00
Perda Total: 3714.00

Total Barras Cortadas:
Barra (1000) : 37
Barra (1100) : 100
Barra (408) : 0
Barra (253) : 0
Barra (400) : 0

Retalhos Gerados:
Retalho (926) : 1
