
Saida Arquivo/Entrada/Class4/D4d5.txt

Minimizar a Perda Total
max retalho: 5
(0)(1100)	13.00	(320)3	(79)1	(57)1	4.00	0	
(1)(1100)	12.00	(121)1	(88)1	(278)3	(57)1	0.00	0	
(2)(1100)	10.00	(123)1	(111)1	(288)1	(289)2	0.00	0	
(3)(1100)	9.00	(320)1	(322)2	(79)1	(57)1	0.00	0	
(4)(1100)	8.00	(79)1	(255)4	1.00	0	
(5)(1100)	7.00	(332)3	(100)1	4.00	0	
(6)(1100)	6.00	(121)2	(267)3	(57)1	0.00	0	
(7)(1100)	3.00	(299)1	(267)3	0.00	0	
(8)(1100)	3.00	(123)8	(57)2	2.00	0	
(9)(1100)	3.00	(100)2	(90)10	0.00	0	
(10)(1100)	2.00	(311)3	(88)1	(79)1	0.00	0	
(11)(1100)	2.00	(88)5	(67)9	(56)1	1.00	0	
(12)(1100)	1.00	(100)11	0.00	0	
(13)(1100)	1.00	(123)1	(299)3	(79)1	1.00	0	
(14)(1100)	1.00	(88)2	(289)3	(57)1	0.00	0	
(19)(1100)	1.00	(123)1	(288)2	(289)1	(56)2	0.00	0	
max retalho: 5
(0)(1100)	1.00	(299)1	(288)2	(79)2	(67)1	0.00	0	
(1)(1100)	1.00	(332)1	(311)2	(79)1	(67)1	0.00	0	
(2)(1100)	1.00	(100)7	(88)2	(56)4	0.00	0	
(3)(1100)	1.00	(123)1	(100)1	(299)1	(56)1	(267)1	(255)1	0.00	0	
max retalho: 5
(0)(1100)	1.00	(322)1	(100)1	(79)4	(67)2	(57)4	0.00	0	
max retalho: 5
(0)(1100)	1.00	(332)1	(67)1	(278)1	(56)2	(267)1	44.00	0	
max retalho: 5
(0)(380)	1.00	(56)1	(57)2	210.00	0	
Sobra Total: 0.00
Perda Total: 351.00

Total Barras Cortadas:
Barra (1000) : 0
Barra (1100) : 88
Barra (379) : 0
Barra (225) : 0
Barra (380) : 1

Retalhos Gerados:
