
Saida Arquivo/Entrada/Class4/D4d3.txt

Minimizar a Perda Total
max retalho: 5
(0)(1100)	21.00	(126)1	(323)1	(325)2	1.00	0	
(1)(1100)	11.00	(158)1	(314)3	0.00	0	
(2)(1100)	10.00	(124)1	(103)1	(291)3	0.00	0	
(3)(1100)	8.00	(103)1	(291)3	(59)2	6.00	0	
(4)(1100)	9.00	(91)1	(82)2	(281)3	2.00	0	
(5)(1100)	3.00	(147)6	(114)1	(103)1	1.00	0	
(6)(1100)	3.00	(103)1	(91)1	(302)3	0.00	0	
(7)(1100)	3.00	(114)1	(103)1	(293)3	4.00	0	
(8)(1100)	2.00	(335)3	(93)1	2.00	0	
(9)(1100)	2.00	(114)1	(70)2	(281)3	3.00	0	
(10)(1100)	2.00	(323)3	(70)1	(59)1	2.00	0	
(11)(1100)	1.00	(103)10	(70)1	0.00	0	
(12)(1100)	1.00	(91)2	(82)4	(59)10	0.00	0	
(13)(1100)	1.00	(126)8	(91)1	1.00	0	
(14)(1100)	1.00	(135)3	(91)2	(93)1	(70)6	0.00	0	
max retalho: 5
(0)(1100)	1.00	(114)1	(93)1	(82)10	(70)1	3.00	0	
(1)(1100)	1.00	(147)3	(114)3	(314)1	3.00	0	
(6)(1100)	1.00	(335)1	(114)1	(302)1	(93)3	(70)1	0.00	0	
max retalho: 5
(0)(1100)	1.00	(335)1	(103)5	(70)1	(59)3	3.00	0	
max retalho: 5
(0)(1100)	1.00	(158)1	(114)1	(103)2	(314)1	(291)1	17.00	0	
max retalho: 5
(0)(233)	1.00	(158)1	(70)1	5.00	0	
Sobra Total: 0.00
Perda Total: 148.00

Total Barras Cortadas:
Barra (1000) : 0
Barra (1100) : 83
Barra (231) : 0
Barra (388) : 0
Barra (233) : 1

Retalhos Gerados:
