
Saida Arquivo/Entrada/Class4/D4d16.txt

Minimizar a Perda Total
max retalho: 5
(0)(1100)	19.00	(197)1	(164)1	(320)2	(99)1	0.00	0	
(1)(1100)	9.00	(176)4	(99)1	(297)1	0.00	0	
(2)(1100)	9.00	(164)2	(330)1	(331)1	(111)1	0.00	0	
(3)(1100)	8.00	(174)1	(308)3	2.00	0	
(4)(1100)	6.00	(153)5	(331)1	4.00	0	
(5)(1100)	6.00	(143)7	(99)1	0.00	0	
(6)(1100)	6.00	(197)4	(164)1	(143)1	5.00	0	
(7)(1100)	4.00	(208)4	(153)1	(111)1	4.00	0	
(8)(1100)	4.00	(208)4	(132)2	4.00	0	
(9)(1100)	4.00	(208)1	(120)1	(331)2	(109)1	1.00	0	
(10)(1100)	3.00	(330)3	(109)1	1.00	0	
(11)(1100)	2.00	(207)1	(297)3	2.00	0	
(12)(1100)	1.00	(142)7	(99)1	7.00	0	
(13)(1100)	2.00	(197)1	(142)1	(331)2	(99)1	0.00	0	
(14)(1100)	1.00	(99)11	11.00	0	
(19)(1100)	2.00	(208)1	(297)3	1.00	0	
max retalho: 5
(0)(1100)	1.00	(208)4	(164)1	(99)1	5.00	0	
(1)(1100)	1.00	(176)3	(142)4	4.00	0	
(2)(1100)	1.00	(197)1	(186)2	(153)2	(109)2	7.00	0	
max retalho: 5
(0)(1100)	1.00	(164)1	(142)1	(132)1	(99)1	0	563	
Sobra Total: 563.00
Perda Total: 149.00

Total Barras Cortadas:
Barra (1000) : 0
Barra (1100) : 90
Barra (410) : 0
Barra (259) : 0
Barra (412) : 0

Retalhos Gerados:
Retalho (563) : 1
