
Saida Arquivo/Entrada/Class4/D4d12.txt

Minimizar a Perda Total
max retalho: 5
(0)(1100)	17.00	(192)1	(159)3	(115)1	(315)1	1.00	0	
(1)(1000)	13.00	(117)1	(294)3	1.00	0	
(2)(1000)	11.00	(303)3	(83)1	8.00	0	
(3)(1000)	8.00	(305)3	(83)1	2.00	0	
(4)(1100)	8.00	(182)6	8.00	0	
(5)(1100)	7.00	(148)7	64.00	0	
(6)(1100)	7.00	(138)7	(127)1	7.00	0	
(7)(1100)	5.00	(181)6	14.00	0	
(8)(1100)	6.00	(326)3	122.00	0	
(9)(1100)	5.00	(326)3	(117)1	5.00	0	
(10)(1100)	4.00	(94)11	66.00	0	
(11)(1100)	4.00	(106)10	40.00	0	
(12)(1100)	3.00	(171)6	74.00	0	
(13)(1100)	3.00	(127)1	(83)1	(294)3	8.00	0	
(14)(1100)	3.00	(115)9	65.00	0	
(15)(1100)	3.00	(127)8	84.00	0	
(16)(1100)	2.00	(150)7	50.00	0	
(17)(1000)	2.00	(127)2	(326)2	(94)1	0.00	0	
(18)(1100)	1.00	(192)4	(326)1	6.00	0	
(19)(1000)	1.00	(203)3	(94)1	(294)1	3.00	0	
(20)(1100)	16.00	(192)2	(315)2	(83)1	3.00	0	
max retalho: 5
(1)(1100)	1.00	(181)4	(94)4	0.00	0	
(2)(1100)	1.00	(171)2	(150)1	(115)2	(106)2	(83)2	0.00	0	
(3)(1100)	1.00	(192)2	(159)1	(150)2	(127)2	3.00	0	
(5)(1100)	1.00	(171)1	(148)5	(94)2	1.00	0	
(16)(1000)	1.00	(182)1	(115)2	(294)2	0.00	0	
max retalho: 5
(1)(1100)	1.00	(192)1	(182)2	(171)2	(94)2	14.00	0	
max retalho: 5
(1)(1100)	1.00	(115)1	(315)1	(305)2	60.00	0	
max retalho: 5
(0)(1000)	1.00	(303)1	0	697	
Sobra Total: 697.00
Perda Total: 2874.00

Total Barras Cortadas:
Barra (1000) : 37
Barra (1100) : 100
Barra (405) : 0
Barra (248) : 0
Barra (396) : 0

Retalhos Gerados:
Retalho (697) : 1
