
Saida Arquivo/Entrada/Class4/D4d17.txt

Minimizar a Perda Total
max retalho: 5
(0)(1100)	23.00	(199)2	(201)1	(167)1	(334)1	0.00	0	
(1)(1100)	21.00	(234)3	(13)1	(190)2	5.00	0	
(2)(1100)	9.00	(157)7	1.00	0	
(3)(1100)	5.00	(178)2	(167)1	(169)1	(136)3	0.00	0	
(4)(1100)	4.00	(34)3	(23)2	(136)7	0.00	0	
(5)(1100)	4.00	(34)1	(11)1	(211)5	0.00	0	
(6)(1100)	3.00	(23)6	(11)1	(190)5	1.00	0	
(7)(1100)	3.00	(243)4	(23)5	(13)1	0.00	0	
(8)(1100)	3.00	(243)3	(11)3	(169)2	0.00	0	
(9)(1100)	2.00	(23)3	(13)2	(201)5	0.00	0	
(10)(1100)	1.00	(232)4	(169)1	3.00	0	
(11)(1100)	2.00	(23)6	(146)1	(136)6	0.00	0	
(12)(1100)	1.00	(11)1	(199)4	(157)1	(136)1	0.00	0	
(13)(1100)	1.00	(199)3	(167)2	(169)1	0.00	0	
(14)(1100)	1.00	(23)3	(190)4	(134)2	3.00	0	
(19)(1100)	8.00	(243)2	(222)2	(169)1	1.00	0	
max retalho: 5
(0)(1100)	1.00	(23)2	(13)3	(199)1	(136)6	0.00	0	
(1)(1100)	1.00	(243)2	(234)1	(190)2	0.00	0	
(2)(1100)	1.00	(34)1	(232)2	(211)1	(201)1	(190)1	0.00	0	
max retalho: 5
(0)(1100)	1.00	(34)1	(232)1	(23)2	(11)2	(13)3	(199)2	(169)1	(157)1	3.00	0	
max retalho: 5
(0)(1100)	1.00	(234)1	(13)3	(201)2	(157)1	268.00	0	
Sobra Total: 0.00
Perda Total: 402.00

Total Barras Cortadas:
Barra (1000) : 0
Barra (1100) : 96
Barra (430) : 0
Barra (261) : 0
Barra (431) : 0

Retalhos Gerados:
