
Saida Arquivo/Entrada/Class7/D7d12.txt

Minimizar a Perda Total
max retalho: 3
(0)(1100)	25.00	(50)22	0.00	0	
(1)(1100)	22.00	(42)26	8.00	0	
(2)(1100)	15.00	(59)18	(19)2	0.00	0	
(3)(1100)	10.00	(44)25	0.00	0	
(4)(1100)	8.00	(35)2	(19)54	(4)1	0.00	0	
(5)(1100)	5.00	(20)55	0.00	0	
(6)(1100)	5.00	(12)91	8.00	0	
(7)(1100)	4.00	(42)1	(35)30	(4)2	0.00	0	
(8)(1000)	1.00	(59)16	(12)4	(4)2	0.00	0	
(9)(1100)	1.00	(4)275	0.00	0	
(10)(1000)	18.00	(27)36	(12)2	(4)1	0.00	0	
max retalho: 3
(0)(1100)	1.00	(50)15	(19)2	(20)15	(12)1	0.00	0	
(3)(1100)	1.00	(35)27	(27)1	(4)32	0.00	0	
(5)(1000)	1.00	(59)8	(44)4	(27)13	1.00	0	
max retalho: 3
(1)(1100)	1.00	(20)10	(12)75	0.00	0	
max retalho: 3
(1)(1100)	1.00	(42)12	(20)20	(12)2	(4)42	4.00	0	
max retalho: 3
(0)(1100)	1.00	(42)2	(27)2	(19)47	(20)1	49.00	0	
Sobra Total: 0.00
Perda Total: 270.00

Total Barras Cortadas:
Barra (1000) : 20
Barra (1100) : 100
Barra (37) : 0
Barra (273) : 0
Barra (493) : 0
Barra (260) : 0
Barra (495) : 0

Retalhos Gerados:
