
Saida Arquivo/Entrada/Class7/D7d1.txt

Minimizar a Perda Total
max retalho: 3
(0)(1100)	33.00	(57)18	(26)2	(11)2	0.00	0	
(1)(1100)	22.00	(42)26	8.00	0	
(2)(1100)	14.00	(26)42	8.00	0	
(3)(1100)	7.00	(27)40	(4)5	0.00	0	
(4)(1100)	5.00	(50)22	0.00	0	
(5)(1100)	4.00	(19)56	(4)9	0.00	0	
(6)(1100)	4.00	(34)32	(4)3	0.00	0	
(7)(1100)	3.00	(11)100	0.00	0	
(8)(1100)	3.00	(49)21	(27)1	(4)11	0.00	0	
(10)(1000)	29.00	(49)16	(27)8	0.00	0	
max retalho: 3
(1)(1100)	1.00	(57)6	(50)9	(11)28	0.00	0	
(2)(1100)	1.00	(50)6	(26)10	(27)20	0.00	0	
(7)(1000)	1.00	(50)3	(34)25	0.00	0	
max retalho: 3
(0)(1100)	1.00	(19)53	(11)3	(4)15	0.00	0	
max retalho: 3
(0)(1100)	1.00	(49)7	(42)10	(26)8	(11)11	(4)2	0.00	0	
max retalho: 3
(2)(480)	1.00	(49)3	(34)4	(11)5	142.00	0	
Sobra Total: 0.00
Perda Total: 430.00

Total Barras Cortadas:
Barra (1000) : 30
Barra (1100) : 99
Barra (37) : 0
Barra (257) : 0
Barra (493) : 0
Barra (245) : 0
Barra (480) : 1

Retalhos Gerados:
