
Saida Arquivo/Entrada/Class7/D7d15.txt

Minimizar a Perda Total
max retalho: 3
(0)(1100)	20.00	(46)22	(23)1	(8)1	(57)1	0.00	0	
(1)(1100)	17.00	(38)26	(23)1	(16)2	(57)1	0.00	0	
(2)(1100)	13.00	(39)28	8.00	0	
(3)(1100)	13.00	(31)4	(16)4	(57)16	0.00	0	
(4)(1100)	5.00	(39)4	(16)59	0.00	0	
(5)(1100)	5.00	(54)11	(23)22	0.00	0	
(6)(1100)	4.00	(31)35	(15)1	0.00	0	
(7)(1100)	4.00	(8)137	4.00	0	
(8)(1100)	1.00	(54)18	(31)1	(16)2	(8)1	(57)1	0.00	0	
max retalho: 3
(0)(1100)	1.00	(31)13	(16)43	(8)1	1.00	0	
(1)(1100)	1.00	(54)9	(46)12	(31)2	0.00	0	
(2)(1100)	1.00	(38)7	(23)12	(8)48	(57)3	3.00	0	
max retalho: 3
(0)(1100)	1.00	(39)10	(31)9	(15)25	(16)2	(8)3	0.00	0	
max retalho: 3
(0)(343)	1.00	(39)1	(15)4	244.00	0	
Sobra Total: 0.00
Perda Total: 368.00

Total Barras Cortadas:
Barra (1000) : 0
Barra (1100) : 86
Barra (121) : 0
Barra (341) : 0
Barra (108) : 0
Barra (343) : 1
Barra (96) : 0

Retalhos Gerados:
