
Saida Arquivo/Entrada/Class7/D7d5.txt

Minimizar a Perda Total
max retalho: 3
(0)(1000)	37.00	(58)16	(59)1	(13)1	0.00	0	
(1)(1100)	26.00	(51)20	(43)1	(11)1	(13)2	0.00	0	
(2)(1100)	21.00	(43)24	(36)1	(19)1	(13)1	0.00	0	
(3)(1100)	18.00	(35)1	(36)28	(19)3	0.00	0	
(4)(1100)	16.00	(35)30	(11)1	(13)3	0.00	0	
(5)(1100)	9.00	(28)39	8.00	0	
(6)(1100)	5.00	(59)18	(19)2	0.00	0	
(7)(1100)	2.00	(35)7	(19)45	0.00	0	
(10)(1000)	24.00	(59)16	(43)1	(13)1	0.00	0	
max retalho: 3
(1)(1100)	1.00	(59)7	(28)19	(11)7	(13)6	0.00	0	
(2)(1000)	1.00	(36)4	(11)73	(13)4	1.00	0	
max retalho: 3
(1)(1100)	1.00	(58)10	(51)2	(43)2	(35)3	(19)9	(11)5	1.00	0	
max retalho: 3
(2)(1100)	1.00	(43)13	(13)41	8.00	0	
max retalho: 3
(0)(494)	1.00	(11)1	(13)14	0	301	
Sobra Total: 301.00
Perda Total: 82.00

Total Barras Cortadas:
Barra (1000) : 62
Barra (1100) : 100
Barra (54) : 0
Barra (274) : 0
Barra (42) : 0
Barra (275) : 0
Barra (494) : 1

Retalhos Gerados:
Retalho (301) : 1
