
Saida Arquivo/Entrada/Class7/D7d20.txt

Minimizar a Perda Total
max retalho: 3
(0)(1100)	23.00	(57)18	(32)1	(33)1	(9)1	0.00	0	
(1)(1100)	15.00	(48)22	(17)1	(9)3	0.00	0	
(2)(1100)	6.00	(40)27	(10)2	0.00	0	
(3)(1100)	6.00	(25)44	0.00	0	
(4)(1100)	4.00	(32)28	(17)12	0.00	0	
(5)(1100)	2.00	(33)5	(17)55	0.00	0	
(6)(1100)	2.00	(55)20	0.00	0	
(7)(1100)	1.00	(9)122	2.00	0	
(8)(1100)	1.00	(33)33	11.00	0	
max retalho: 3
(0)(1100)	1.00	(48)19	(32)5	(9)2	(10)1	0.00	0	
(2)(1100)	1.00	(40)1	(32)14	(17)36	0.00	0	
max retalho: 3
(0)(1100)	1.00	(57)10	(9)11	(10)43	1.00	0	
max retalho: 3
(0)(1100)	1.00	(55)6	(57)2	(40)4	(32)2	(33)6	(25)3	(17)3	(9)12	0.00	0	
max retalho: 3
(0)(490)	1.00	(55)1	(33)1	(25)1	(9)1	0	368	
Sobra Total: 368.00
Perda Total: 14.00

Total Barras Cortadas:
Barra (1000) : 0
Barra (1100) : 64
Barra (48) : 0
Barra (268) : 0
Barra (35) : 0
Barra (255) : 0
Barra (490) : 1

Retalhos Gerados:
Retalho (368) : 1
