
Saida Arquivo/Entrada/Class7/D7d6.txt

Minimizar a Perda Total
max retalho: 3
(0)(1100)	26.00	(46)22	(16)2	(56)1	0.00	0	
(1)(1100)	19.00	(39)28	8.00	0	
(2)(1100)	13.00	(22)50	0.00	0	
(3)(1100)	9.00	(38)26	(56)2	0.00	0	
(4)(1100)	8.00	(31)34	(14)1	(16)2	0.00	0	
(5)(1100)	8.00	(22)1	(14)1	(56)19	0.00	0	
(6)(1100)	3.00	(14)78	8.00	0	
(7)(1100)	1.00	(54)19	(14)3	(16)2	0.00	0	
(8)(1100)	1.00	(7)157	1.00	0	
max retalho: 3
(0)(1100)	1.00	(54)15	(38)7	(16)1	(7)1	1.00	0	
(3)(1100)	1.00	(39)14	(14)38	(7)3	1.00	0	
max retalho: 3
(0)(1100)	1.00	(31)31	(22)1	(16)6	(7)3	0.00	0	
max retalho: 3
(0)(1100)	1.00	(46)3	(38)10	(39)3	(22)3	(16)1	(7)54	5.00	0	
max retalho: 3
(0)(1100)	1.00	(38)6	(56)5	0	592	
Sobra Total: 592.00
Perda Total: 184.00

Total Barras Cortadas:
Barra (1000) : 0
Barra (1100) : 93
Barra (119) : 0
Barra (353) : 0
Barra (120) : 0
Barra (341) : 0
Barra (108) : 0

Retalhos Gerados:
Retalho (592) : 1
