
Saida Arquivo/Entrada/Class7/D7d13.txt

Minimizar a Perda Total
max retalho: 3
(0)(1100)	23.00	(53)18	(38)2	(7)2	(56)1	0.00	0	
(1)(1100)	14.00	(45)21	(47)2	(23)2	(15)1	0.00	0	
(2)(1100)	12.00	(38)28	(15)1	(7)3	0.00	0	
(3)(1100)	8.00	(47)19	(23)9	0.00	0	
(4)(1100)	6.00	(38)26	(56)2	0.00	0	
(5)(1100)	4.00	(47)2	(30)32	(23)2	0.00	0	
(6)(1100)	3.00	(22)50	0.00	0	
(7)(1100)	2.00	(23)46	(7)6	0.00	0	
(8)(1100)	1.00	(15)73	5.00	0	
max retalho: 3
(0)(1100)	1.00	(23)8	(15)20	(7)88	0.00	0	
(1)(1100)	1.00	(53)3	(45)19	(15)2	(56)1	0.00	0	
max retalho: 3
(0)(1100)	1.00	(53)10	(38)15	0.00	0	
(1)(1100)	1.00	(47)12	(30)2	(22)4	(15)22	(56)1	2.00	0	
max retalho: 3
(0)(1100)	1.00	(53)1	(38)1	(30)1	(23)21	0	496	
Sobra Total: 496.00
Perda Total: 7.00

Total Barras Cortadas:
Barra (1000) : 0
Barra (1100) : 78
Barra (121) : 0
Barra (355) : 0
Barra (108) : 0
Barra (343) : 0
Barra (96) : 0

Retalhos Gerados:
Retalho (496) : 1
