
Saida Arquivo/Entrada/Class7/D7d19.txt

Minimizar a Perda Total
max retalho: 3
(0)(1100)	28.00	(52)21	8.00	0	
(1)(1100)	19.00	(54)5	(45)18	(14)1	(6)1	0.00	0	
(2)(1100)	12.00	(37)7	(29)29	0.00	0	
(3)(1100)	11.00	(54)20	(6)1	(7)2	0.00	0	
(4)(1100)	10.00	(22)50	0.00	0	
(5)(1100)	8.00	(37)28	(30)1	(14)2	(6)1	0.00	0	
(6)(1100)	6.00	(14)78	8.00	0	
(7)(1100)	3.00	(54)4	(30)29	(14)1	0.00	0	
(10)(1000)	2.00	(37)9	(29)23	0.00	0	
max retalho: 3
(1)(1100)	1.00	(52)10	(54)1	(45)3	(29)9	(22)4	(6)7	0.00	0	
(4)(1100)	1.00	(37)16	(6)84	4.00	0	
max retalho: 3
(1)(1000)	1.00	(52)10	(29)1	(30)6	(6)38	(7)6	1.00	0	
max retalho: 3
(1)(1000)	1.00	(30)14	(14)35	90.00	0	
Sobra Total: 0.00
Perda Total: 367.00

Total Barras Cortadas:
Barra (1000) : 4
Barra (1100) : 99
Barra (40) : 0
Barra (262) : 0
Barra (499) : 0
Barra (264) : 0
Barra (485) : 0

Retalhos Gerados:
