
Saida Arquivo/Entrada/Class7/D7d14.txt

Minimizar a Perda Total
max retalho: 3
(0)(1100)	26.00	(59)18	(28)1	(5)2	0.00	0	
(1)(1100)	21.00	(36)30	(20)1	0.00	0	
(2)(1100)	10.00	(20)55	0.00	0	
(3)(1100)	9.00	(44)25	0.00	0	
(4)(1100)	8.00	(51)18	(43)4	(5)2	0.00	0	
(5)(1100)	7.00	(13)84	8.00	0	
(6)(1100)	6.00	(28)39	8.00	0	
(7)(1100)	6.00	(21)52	8.00	0	
(8)(1100)	1.00	(5)220	0.00	0	
(9)(1100)	1.00	(43)25	(20)1	(5)1	0.00	0	
(10)(1000)	8.00	(59)16	(43)1	(13)1	0.00	0	
max retalho: 3
(0)(1100)	1.00	(44)1	(36)27	(28)3	0.00	0	
(2)(1100)	1.00	(59)12	(20)7	(21)12	0.00	0	
(8)(1100)	1.00	(43)1	(44)19	(20)11	1.00	0	
max retalho: 3
(3)(1100)	1.00	(44)2	(20)19	(21)3	(5)113	4.00	0	
max retalho: 3
(2)(1000)	1.00	(28)31	(13)5	(5)9	22.00	0	
Sobra Total: 0.00
Perda Total: 179.00

Total Barras Cortadas:
Barra (1000) : 9
Barra (1100) : 99
Barra (39) : 0
Barra (274) : 0
Barra (494) : 0
Barra (262) : 0
Barra (497) : 0

Retalhos Gerados:
