
Saida Arquivo/Entrada/Class7/D7d9.txt

Minimizar a Perda Total
max retalho: 3
(0)(1100)	23.00	(43)25	(21)1	(4)1	0.00	0	
(1)(1100)	20.00	(36)30	(12)1	(4)2	0.00	0	
(2)(1100)	15.00	(27)40	(12)1	(4)2	0.00	0	
(3)(1100)	14.00	(44)25	0.00	0	
(4)(1100)	11.00	(59)18	(19)2	0.00	0	
(5)(1100)	8.00	(59)10	(51)10	0.00	0	
(6)(1000)	3.00	(59)16	(36)1	(12)1	(4)2	0.00	0	
(7)(1100)	2.00	(21)52	8.00	0	
(8)(1100)	1.00	(12)91	8.00	0	
(9)(1100)	1.00	(4)275	0.00	0	
(10)(1000)	27.00	(51)17	(43)3	(4)1	0.00	0	
max retalho: 3
(0)(1100)	1.00	(44)7	(27)27	(21)3	0.00	0	
(2)(1100)	1.00	(51)14	(21)18	(4)2	0.00	0	
(5)(1100)	1.00	(36)19	(19)1	(12)33	1.00	0	
max retalho: 3
(1)(1100)	1.00	(59)1	(51)1	(44)10	(21)14	(12)21	(4)1	0.00	0	
max retalho: 3
(1)(1000)	1.00	(43)16	(4)78	0.00	0	
max retalho: 3
(3)(1000)	1.00	(59)5	(43)9	(21)2	(4)21	192.00	0	
Sobra Total: 0.00
Perda Total: 217.00

Total Barras Cortadas:
Barra (1000) : 32
Barra (1100) : 99
Barra (38) : 0
Barra (273) : 0
Barra (494) : 0
Barra (260) : 0
Barra (496) : 0

Retalhos Gerados:
