
4 Soluções

Saida Arquivo/Entrada/Class3/D3d15.txt

Minimizar a Perda Total
max retalho: 5

(0)(1000)	16.00	(66)11	(59)4	(38)1	0.00	0	

(1)(1100)	12.00	(24)1	(70)15	(26)1	0.00	0	

(2)(1100)	11.00	(78)13	86.00	0	

(3)(1100)	9.00	(24)2	(82)1	(59)16	(26)1	0.00	0	

(4)(1100)	9.00	(57)16	(34)4	(26)2	0.00	0	

(5)(1100)	9.00	(38)1	(26)1	(74)14	0.00	0	

(6)(1100)	8.00	(57)1	(82)12	(59)1	0.00	0	

(7)(1000)	7.00	(57)2	(34)2	(35)23	(13)1	0.00	0	

(8)(1100)	4.00	(78)2	(34)27	(26)1	0.00	0	

(9)(126)	5.00	(45)1	(5)16	1.00	0	

(10)(1100)	3.00	(57)1	(35)1	(24)42	0.00	0	

(11)(114)	4.00	(38)3	0.00	0	

(12)(1100)	3.00	(26)42	8.00	0	

(13)(1100)	1.00	(13)83	21.00	0	

(14)(354)	1.00	(61)5	(28)1	(5)4	1.00	0	

(15)(1000)	1.00	(45)11	(17)27	(5)9	1.00	0	

(17)(1000)	1.00	(68)5	(49)10	(5)34	0.00	0	
max retalho: 5

(0)(114)	3.00	(78)1	(5)7	1.00	0	

(1)(1100)	1.00	(59)12	392.00	0	

(2)(1100)	1.00	(24)41	116.00	0	

(3)(1100)	1.00	(82)8	444.00	0	

(4)(1100)	1.00	(26)29	346.00	0	

(5)(1100)	1.00	(13)57	359.00	0	

(6)(1100)	1.00	(57)11	473.00	0	

(11)(114)	1.00	(35)1	(70)1	(5)1	4.00	0	

(16)(126)	1.00	(5)25	1.00	0	
max retalho: 5

(0)(354)	1.00	(34)9	(35)1	13.00	0	

(2)(354)	1.00	(66)2	(28)7	26.00	0	

(3)(354)	1.00	(45)2	(35)2	(70)2	(38)1	16.00	0	
max retalho: 5

(0)(1100)	1.00	(78)1	(66)1	(68)8	(34)1	(35)9	(28)1	35.00	0	
Sobra Total: 0.00
Perda Total: 3226.00

Total Barras Cortadas:
Barra (1000) : 25
Barra (1100) : 76
Barra (126) : 6
Barra (354) : 4
Barra (114) : 8

Retalhos Gerados:

7 Soluções

Saida Arquivo/Entrada/Class3/D3d15.txt

Minimizar a Perda Total
max retalho: 5

10 Soluções

Saida Arquivo/Entrada/Class3/D3d15.txt

Minimizar a Perda Total
max retalho: 5

(0)(1100)	22.00	(66)8	(82)1	(70)7	0.00	0	

(1)(1100)	13.00	(35)1	(24)1	(59)17	(38)1	0.00	0	

(2)(1100)	11.00	(78)13	(82)1	4.00	0	

(3)(1100)	9.00	(57)18	(24)2	(13)2	0.00	0	

(4)(1100)	8.00	(38)1	(26)1	(74)14	0.00	0	

(5)(1100)	6.00	(34)26	(35)1	(24)7	(13)1	0.00	0	

(6)(1000)	5.00	(35)13	(24)20	(13)5	0.00	0	

(7)(354)	5.00	(82)3	108.00	0	

(8)(126)	5.00	(49)2	(17)1	(5)2	1.00	0	

(9)(1100)	5.00	(24)1	(82)12	(46)2	0.00	92	

(10)(1100)	4.00	(24)1	(26)41	10.00	0	

(11)(1100)	3.00	(35)24	(13)2	(26)9	0.00	0	

(12)(1100)	1.00	(24)1	(70)15	(26)1	0.00	0	

(13)(1000)	1.00	(57)7	(34)1	(35)1	(38)14	0.00	0	

(14)(1100)	1.00	(13)80	(26)2	8.00	0	

(15)(1100)	1.00	(34)1	(28)9	(74)11	0.00	0	

(16)(126)	1.00	(82)1	44.00	0	

(19)(1100)	1.00	(68)5	(61)5	(5)91	0.00	0	
max retalho: 5

(0)(114)	3.00	(24)3	(17)1	(5)5	0.00	0	

(1)(114)	3.00	(57)2	0.00	0	

(2)(114)	3.00	(45)2	(24)1	0.00	0	

(3)(1100)	1.00	(45)5	(35)19	(70)3	0.00	0	

(4)(1100)	1.00	(78)4	(70)11	(17)1	1.00	0	

(16)(1100)	1.00	(66)3	(34)1	(13)12	(82)3	(38)3	(26)5	(74)3	0.00	0	
max retalho: 5

(0)(1100)	1.00	(68)8	556.00	0	

(1)(1100)	1.00	(78)8	476.00	0	

(2)(1100)	1.00	(59)7	687.00	0	

(3)(1100)	1.00	(57)5	(45)1	(34)1	(35)1	(24)2	(82)1	(17)18	(5)53	0.00	0	
max retalho: 5

(0)(1000)	1.00	(45)6	(34)8	(5)5	0	433	
Sobra Total: 893.00
Perda Total: 2401.00

Total Barras Cortadas:
Barra (1000) : 7
Barra (1100) : 92
Barra (126) : 6
Barra (354) : 5
Barra (114) : 9

Retalhos Gerados:
Retalho (46) : 10
Retalho (433) : 1
