
4 Soluções

Saida Arquivo/Entrada/Class3/D3d18.txt

Minimizar a Perda Total
max retalho: 5

(0)(1100)	13.00	(65)16	(23)2	(14)1	0.00	0	

(1)(1100)	10.00	(44)1	(32)1	(14)2	(83)12	0.00	0	

(2)(1100)	10.00	(23)4	(46)21	(14)3	0.00	0	

(3)(1000)	9.00	(76)1	(53)17	(23)1	0.00	0	

(4)(1100)	8.00	(55)12	(44)10	0.00	0	

(5)(1100)	7.00	(80)13	(14)1	(46)1	0.00	46	

(6)(137)	7.00	(80)1	(48)1	9.00	0	

(7)(1100)	7.00	(76)1	(58)16	(48)2	0.00	0	

(8)(1100)	6.00	(32)13	(36)19	0.00	0	

(9)(135)	6.00	(65)1	(69)1	1.00	0	

(10)(1100)	5.00	(76)13	(32)1	(80)1	0.00	0	

(11)(363)	5.00	(65)1	(80)3	(58)1	0.00	0	

(12)(1100)	3.00	(65)1	(69)15	0.00	0	

(13)(1100)	3.00	(79)12	(69)2	(14)1	0.00	0	

(14)(1100)	2.00	(55)4	(44)20	0.00	0	

(15)(1100)	2.00	(23)2	(48)21	(46)1	0.00	46	

(16)(1100)	2.00	(44)1	(32)6	(36)24	0.00	0	

(17)(137)	2.00	(32)1	(23)3	(36)1	0.00	0	

(18)(1100)	1.00	(80)13	(46)1	(14)1	0.00	0	

(19)(1100)	1.00	(11)5	(79)8	(69)2	(36)1	(14)1	(15)15	0.00	0	

(21)(1100)	1.00	(53)1	(21)18	(80)1	(25)23	(14)1	0.00	0	
max retalho: 5

(0)(1100)	1.00	(83)10	270.00	0	

(1)(1100)	1.00	(69)8	548.00	0	

(2)(1100)	1.00	(44)15	440.00	0	

(3)(1100)	1.00	(80)11	220.00	0	

(4)(1100)	1.00	(36)14	596.00	0	

(5)(1100)	1.00	(53)13	411.00	0	

(9)(1100)	1.00	(48)6	812.00	0	
max retalho: 5

(0)(1100)	1.00	(76)2	(65)2	(55)2	(23)1	(58)2	(14)7	(46)10	11.00	460	
max retalho: 4
max retalho: 4

(0)(1000)	1.00	(55)1	(32)8	(46)4	(46)10	45.00	460	
max retalho: 3

(0)(1000)	1.00	(46)6	0	724	
Sobra Total: 2058.00
Perda Total: 3422.00

Total Barras Cortadas:
Barra (1000) : 11
Barra (1100) : 89
Barra (135) : 6
Barra (363) : 5
Barra (137) : 9

Retalhos Gerados:
Retalho (46) : 7
Retalho (46) : 2
Retalho (46) : 10
Retalho (46) : 10
Retalho (724) : 1

7 Soluções

Saida Arquivo/Entrada/Class3/D3d18.txt

Minimizar a Perda Total
max retalho: 5

(4)(1100)	8.00	(53)20	40.00	0	

(5)(1100)	6.00	(58)18	56.00	0	

(6)(1100)	5.00	(36)30	20.00	0	

(7)(1100)	5.00	(76)14	36.00	0	

(8)(1100)	5.00	(44)25	0.00	0	

(9)(1100)	5.00	(55)20	0.00	0	

(10)(1100)	4.00	(69)15	65.00	0	

(11)(1100)	3.00	(79)13	73.00	0	

(12)(1100)	3.00	(32)34	12.00	0	

(13)(1100)	3.00	(48)22	44.00	0	

(14)(1100)	1.00	(23)47	19.00	0	

(15)(1100)	1.00	(14)78	8.00	0	

(16)(1000)	1.00	(21)18	(11)5	(25)13	(14)1	(15)15	3.00	0	
max retalho: 5

(0)(1000)	22.00	(65)8	(80)6	0.00	0	

(1)(1100)	9.00	(83)13	21.00	0	

(2)(137)	6.00	(76)1	(58)1	3.00	0	

(3)(1100)	3.00	(65)16	(14)1	(46)1	0.00	46	

(4)(1100)	1.00	(80)7	(36)15	0.00	0	

(5)(1000)	1.00	(44)17	(83)3	3.00	0	

(6)(1100)	1.00	(76)1	(44)1	(23)39	(83)1	0.00	0	

(7)(363)	1.00	(76)1	(80)1	(69)3	0.00	0	

(8)(135)	1.00	(25)5	10.00	0	

(12)(1100)	1.00	(55)7	(32)13	(69)3	(46)2	0.00	0	

(16)(1100)	1.00	(53)6	(46)17	0.00	782	
max retalho: 4

(0)(1100)	6.00	(46)22	(36)1	(46)1	6.00	46	

(1)(1100)	3.00	(46)20	(83)2	14.00	0	

(2)(137)	3.00	(46)2	(36)1	9.00	0	

(3)(135)	2.00	(79)1	(46)1	10.00	0	

(4)(135)	1.00	(44)2	(46)1	1.00	0	

(5)(135)	2.00	(46)1	(36)1	(46)1	7.00	46	

(6)(1100)	1.00	(76)5	(80)3	(69)1	(46)5	(14)1	(83)2	1.00	0	

(10)(363)	1.00	(53)1	(58)4	(25)1	(46)1	7.00	46	
max retalho: 4

(0)(1100)	1.00	(44)2	(79)3	(58)1	(46)5	(48)3	(36)3	(25)4	(83)1	0	52	
Sobra Total: 1386.00
Perda Total: 1981.00

Total Barras Cortadas:
Barra (1000) : 24
Barra (1100) : 76
Barra (135) : 6
Barra (363) : 2
Barra (137) : 9

Retalhos Gerados:
Retalho (46) : 3
Retalho (46) : 17
Retalho (46) : 6
Retalho (46) : 2
Retalho (46) : 1
Retalho (52) : 1

10 Soluções

Saida Arquivo/Entrada/Class3/D3d18.txt

Minimizar a Perda Total
max retalho: 5

(0)(1100)	13.00	(65)16	60.00	0	

(1)(1100)	11.00	(80)13	60.00	0	

(2)(1100)	10.00	(83)13	21.00	0	

(3)(1100)	9.00	(46)23	42.00	0	

(4)(1100)	8.00	(53)20	40.00	0	

(5)(1100)	6.00	(58)18	56.00	0	

(6)(1100)	5.00	(36)30	20.00	0	

(7)(1100)	5.00	(76)14	36.00	0	

(8)(1100)	5.00	(44)25	0.00	0	

(9)(1100)	5.00	(55)20	0.00	0	

(10)(1100)	4.00	(69)15	65.00	0	

(11)(1100)	3.00	(79)13	73.00	0	

(12)(1100)	3.00	(32)34	12.00	0	

(13)(1100)	3.00	(48)22	44.00	0	

(14)(1100)	1.00	(23)47	19.00	0	

(15)(1100)	1.00	(14)78	8.00	0	

(16)(1000)	1.00	(21)18	(11)5	(25)13	(14)1	(15)15	3.00	0	
max retalho: 5

(0)(135)	4.00	(65)2	5.00	0	

(1)(137)	4.00	(44)1	(46)2	1.00	0	

(2)(363)	2.00	(76)1	(44)1	(23)1	(36)1	(46)4	0.00	184	

(3)(137)	2.00	(44)3	5.00	0	

(4)(137)	2.00	(53)1	(48)1	(36)1	0.00	0	

(5)(135)	1.00	(44)3	3.00	0	

(6)(363)	1.00	(65)1	(48)1	(25)10	0.00	0	

(7)(1100)	1.00	(76)1	(55)7	(32)13	(23)5	(36)3	0.00	0	

(8)(1100)	1.00	(76)3	(65)4	(36)17	0.00	0	

(9)(1100)	1.00	(44)2	(23)10	(58)11	(36)4	0.00	0	

(14)(363)	1.00	(23)2	(79)4	1.00	0	

(15)(135)	1.00	(79)1	(14)4	0.00	0	
max retalho: 4

(0)(1100)	1.00	(76)7	(46)8	200.00	368	

(1)(363)	1.00	(69)5	18.00	0	

(8)(1100)	1.00	(65)3	(53)5	(44)5	(23)12	(46)2	(36)1	16.00	0	
max retalho: 3

(0)(137)	1.00	(23)1	(46)2	22.00	0	

(2)(1000)	1.00	(69)2	(46)2	(254)3	8.00	854	
max retalho: 2

(0)(1000)	1.00	(23)7	(46)4	0	655	
Sobra Total: 2245.00
Perda Total: 3943.00

Total Barras Cortadas:
Barra (1000) : 3
Barra (1100) : 97
Barra (135) : 6
Barra (363) : 5
Barra (137) : 9

Retalhos Gerados:
Retalho (46) : 8
Retalho (46) : 8
Retalho (46) : 2
Retalho (254) : 3
Retalho (655) : 1
