
4 Soluções

Saida Arquivo/Entrada/Class3/D3d16.txt

Minimizar a Perda Total
max retalho: 5

(0)(1000)	15.00	(71)12	148.00	0	

(1)(1100)	12.00	(32)1	(56)14	(71)4	0.00	0	

(2)(1100)	11.00	(32)1	(46)3	(62)15	0.00	0	

(3)(1100)	9.00	(50)21	(44)1	6.00	44	

(4)(1100)	8.00	(83)7	(60)1	(27)17	0.00	0	

(5)(1100)	7.00	(25)1	(50)2	(39)25	0.00	0	

(6)(1000)	5.00	(56)3	(46)15	(71)2	0.00	0	

(7)(1100)	4.00	(21)1	(35)29	(25)1	(39)1	0.00	0	

(8)(1100)	2.00	(32)3	(57)17	(35)1	0.00	0	

(9)(1100)	2.00	(57)5	(35)1	(60)13	0.00	0	

(10)(1000)	2.00	(25)36	(50)2	0.00	0	

(11)(1100)	2.00	(67)14	(27)6	0.00	0	

(12)(1100)	1.00	(30)3	(79)12	(62)1	0.00	0	

(13)(1100)	1.00	(32)29	(21)7	(25)1	0.00	0	

(14)(1100)	1.00	(21)51	29.00	0	

(15)(1100)	1.00	(32)11	(21)1	(9)78	(25)1	0.00	0	

(16)(1100)	1.00	(30)1	(79)1	(46)1	(23)40	(25)1	0.00	0	

(17)(1100)	1.00	(13)5	(50)20	35.00	0	

(19)(303)	1.00	(60)1	(27)9	0.00	0	
max retalho: 5

(0)(74)	6.00	(67)1	7.00	0	

(1)(303)	1.00	(60)5	3.00	0	

(2)(303)	1.00	(32)1	(21)1	(83)3	1.00	0	

(3)(1000)	1.00	(32)1	(21)4	(57)2	(25)21	(50)1	(39)5	0.00	0	

(4)(1100)	1.00	(32)1	(21)21	(57)11	0.00	0	

(5)(1100)	1.00	(30)13	(32)2	(79)5	(62)1	(27)7	0.00	0	

(7)(1100)	1.00	(30)18	(62)9	2.00	0	

(13)(1100)	1.00	(21)2	(35)19	(39)10	3.00	0	
max retalho: 5

(0)(75)	3.00	(32)1	43.00	0	

(1)(75)	1.00	(21)3	12.00	0	

(2)(75)	1.00	(21)1	(39)1	15.00	0	

(4)(1000)	1.00	(32)16	(56)5	(83)1	(62)2	1.00	0	

(9)(303)	1.00	(79)2	(62)2	21.00	0	
max retalho: 5

(0)(1000)	1.00	(32)1	(21)2	(79)3	(67)1	(60)2	(39)1	0	463	
Sobra Total: 859.00
Perda Total: 2567.00

Total Barras Cortadas:
Barra (1000) : 25
Barra (1100) : 67
Barra (74) : 6
Barra (303) : 4
Barra (75) : 5

Retalhos Gerados:
Retalho (44) : 9
Retalho (463) : 1

7 Soluções

Saida Arquivo/Entrada/Class3/D3d16.txt

Minimizar a Perda Total
max retalho: 5

(0)(1100)	12.00	(32)1	(56)14	(71)4	0.00	0	

(1)(1100)	12.00	(32)1	(46)3	(62)15	0.00	0	

(2)(1100)	10.00	(32)1	(71)14	(27)1	(44)1	3.00	44	

(3)(1000)	8.00	(21)2	(50)2	(39)22	0.00	0	

(4)(1100)	8.00	(50)22	0.00	0	

(5)(1100)	6.00	(83)10	(27)10	0.00	0	

(6)(75)	6.00	(71)1	4.00	0	

(7)(303)	5.00	(60)1	(27)9	0.00	0	

(8)(1000)	4.00	(56)3	(46)15	(71)2	0.00	0	

(9)(1000)	4.00	(32)12	(21)1	(35)17	0.00	0	

(10)(1000)	3.00	(25)28	(50)6	0.00	0	

(11)(1000)	3.00	(32)1	(57)12	(35)7	(39)1	0.00	0	

(12)(1100)	2.00	(57)5	(35)1	(60)13	0.00	0	

(13)(1100)	2.00	(67)14	(27)6	0.00	0	

(14)(1000)	2.00	(21)1	(56)1	(71)13	0.00	0	

(15)(1100)	1.00	(21)50	(25)2	0.00	0	

(16)(1100)	1.00	(21)1	(35)29	(25)1	(39)1	0.00	0	

(17)(1000)	1.00	(32)1	(50)1	(27)34	0.00	0	

(18)(1100)	1.00	(30)1	(79)1	(46)1	(23)40	(25)1	0.00	0	

(19)(1100)	1.00	(9)78	(79)4	(57)1	(25)1	0.00	0	

(21)(74)	6.00	(71)1	3.00	0	

(23)(1000)	1.00	(30)7	(79)10	0.00	0	
max retalho: 5

(0)(1100)	1.00	(30)2	(35)16	(60)8	0.00	0	

(1)(1000)	1.00	(30)1	(57)10	(46)7	(39)2	0.00	0	

(2)(1100)	1.00	(30)20	(50)10	0.00	0	

(4)(1100)	1.00	(30)1	(56)6	(46)3	(25)18	(13)5	(27)3	0.00	0	
max retalho: 5

(0)(1100)	1.00	(79)8	468.00	0	

(3)(1100)	1.00	(39)14	554.00	0	

(5)(1100)	1.00	(32)8	(21)10	(71)4	(50)7	0.00	0	

(7)(1100)	1.00	(67)7	631.00	0	
max retalho: 5

(0)(1000)	1.00	(30)3	(21)14	(46)2	(35)3	(60)3	0	239	
Sobra Total: 679.00
Perda Total: 1725.00

Total Barras Cortadas:
Barra (1000) : 28
Barra (1100) : 63
Barra (74) : 6
Barra (303) : 5
Barra (75) : 6

Retalhos Gerados:
Retalho (44) : 10
Retalho (239) : 1

10 Soluções

Saida Arquivo/Entrada/Class3/D3d16.txt

Minimizar a Perda Total
max retalho: 5

(0)(1000)	14.00	(21)1	(56)1	(71)13	0.00	0	

(1)(1100)	12.00	(32)1	(56)14	(71)4	0.00	0	

(2)(1100)	9.00	(32)1	(46)3	(62)15	0.00	0	

(3)(1100)	9.00	(32)1	(50)21	18.00	0	

(4)(1100)	7.00	(25)3	(50)1	(39)25	0.00	0	

(5)(74)	6.00	(27)1	(44)1	3.00	44	

(6)(1100)	5.00	(83)10	(27)10	0.00	0	

(7)(1000)	5.00	(46)15	(62)5	0.00	0	

(8)(303)	5.00	(27)11	6.00	0	

(9)(1000)	5.00	(32)1	(57)9	(35)13	0.00	0	

(10)(1000)	4.00	(32)12	(21)1	(35)17	0.00	0	

(11)(1000)	3.00	(25)22	(50)9	0.00	0	

(12)(1000)	3.00	(67)11	(83)1	(60)3	0.00	0	

(13)(75)	3.00	(27)1	(44)1	4.00	44	

(14)(1100)	2.00	(57)5	(35)1	(60)13	0.00	0	

(15)(1100)	1.00	(21)50	(50)1	0.00	0	

(16)(1000)	1.00	(30)17	(56)1	(62)7	0.00	0	

(17)(1100)	1.00	(30)1	(27)38	(44)1	0.00	44	

(18)(1100)	1.00	(30)1	(79)1	(46)1	(23)40	(25)1	0.00	0	

(19)(1100)	1.00	(79)12	(25)1	(13)5	(62)1	0.00	0	

(20)(1100)	1.00	(30)3	(9)78	(79)3	(71)1	0.00	0	
max retalho: 5

(0)(75)	1.00	(50)1	25.00	0	

(1)(1100)	1.00	(79)7	547.00	0	

(2)(1100)	1.00	(83)7	519.00	0	

(3)(1100)	1.00	(62)12	356.00	0	

(4)(1100)	1.00	(39)21	281.00	0	

(5)(1100)	1.00	(21)29	491.00	0	

(6)(1100)	1.00	(71)7	603.00	0	

(7)(1100)	1.00	(25)18	650.00	0	

(8)(1100)	1.00	(60)7	680.00	0	

(9)(1100)	1.00	(30)13	710.00	0	

(13)(75)	1.00	(46)1	(27)1	2.00	0	

(17)(75)	1.00	(57)1	18.00	0	
max retalho: 5

(0)(1100)	1.00	(32)4	(67)2	(56)5	(57)1	(46)4	(35)4	(50)3	(27)1	0.00	0	
max retalho: 5

(0)(1000)	1.00	(32)7	(46)1	(27)10	0	460	
Sobra Total: 900.00
Perda Total: 5104.00

Total Barras Cortadas:
Barra (1000) : 36
Barra (1100) : 59
Barra (74) : 6
Barra (303) : 5
Barra (75) : 6

Retalhos Gerados:
Retalho (44) : 6
Retalho (44) : 3
Retalho (44) : 1
Retalho (460) : 1
