
4 Soluções

Saida Arquivo/Entrada/Class3/D3d10.txt

Minimizar a Perda Total
max retalho: 5

(0)(1100)	25.00	(76)8	(82)6	0.00	0	

(1)(1100)	13.00	(64)13	(32)6	(11)1	(13)5	0.00	0	

(2)(1100)	12.00	(20)3	(80)13	0.00	0	

(3)(1100)	9.00	(55)19	(46)1	9.00	46	

(4)(1100)	9.00	(20)1	(11)6	(78)13	0.00	0	

(5)(1100)	5.00	(53)19	(11)1	(82)1	0.00	0	

(6)(1000)	4.00	(20)6	(22)37	(11)6	0.00	0	

(7)(1100)	3.00	(20)1	(24)4	(82)12	0.00	0	

(8)(1100)	2.00	(20)1	(11)1	(78)1	(68)14	(13)3	0.00	0	

(9)(1100)	2.00	(32)3	(11)2	(57)17	(13)1	0.00	0	

(10)(1100)	1.00	(20)1	(24)45	0.00	0	

(11)(1100)	1.00	(20)3	(78)3	(13)62	0.00	0	

(12)(1100)	1.00	(43)24	(20)1	(24)2	0.00	0	

(13)(1100)	1.00	(55)2	(20)44	(11)10	0.00	0	

(14)(1100)	1.00	(20)1	(45)24	0.00	0	

(21)(134)	6.00	(76)1	(32)1	(13)2	0.00	0	
max retalho: 5

(0)(1100)	1.00	(55)20	0.00	0	

(1)(1100)	1.00	(80)13	60.00	0	

(2)(1100)	1.00	(76)14	36.00	0	

(3)(1100)	1.00	(24)45	20.00	0	

(4)(362)	1.00	(32)2	(22)2	(11)19	(15)3	0.00	0	

(5)(1100)	1.00	(78)14	8.00	0	

(6)(1100)	1.00	(53)19	93.00	0	

(7)(1100)	1.00	(68)11	352.00	0	

(8)(1100)	1.00	(64)9	524.00	0	

(9)(1100)	1.00	(43)16	412.00	0	

(10)(1100)	1.00	(13)60	320.00	0	

(11)(1100)	1.00	(20)36	380.00	0	

(12)(136)	1.00	(22)1	(57)2	0.00	0	
max retalho: 5

(0)(136)	2.00	(32)2	(22)3	6.00	0	

(1)(362)	1.00	(22)5	(47)5	(15)1	2.00	0	

(2)(362)	1.00	(76)2	(45)4	(24)1	6.00	0	

(3)(1000)	1.00	(55)12	(82)4	12.00	0	

(6)(136)	1.00	(22)1	(57)2	0.00	0	
max retalho: 5

(0)(136)	2.00	(32)2	(36)2	0.00	0	

(3)(136)	1.00	(32)1	(57)1	(47)1	0.00	0	

(4)(362)	1.00	(55)3	(22)6	(36)1	(15)1	14.00	0	

(6)(136)	1.00	(45)2	(36)1	10.00	0	

(7)(1100)	1.00	(80)5	700.00	0	
max retalho: 5

(0)(136)	1.00	(15)9	1.00	0	

(1)(1100)	1.00	(15)3	(82)1	(46)10	(254)2	5.00	968	

(4)(362)	1.00	(32)2	(46)6	22.00	276	
max retalho: 3

(0)(1000)	1.00	(15)9	0	865	
Sobra Total: 2523.00
Perda Total: 3070.00

Total Barras Cortadas:
Barra (1000) : 6
Barra (1100) : 98
Barra (134) : 6
Barra (362) : 5
Barra (136) : 9

Retalhos Gerados:
Retalho (46) : 9
Retalho (46) : 10
Retalho (254) : 2
Retalho (46) : 6
Retalho (865) : 1

7 Soluções

Saida Arquivo/Entrada/Class3/D3d10.txt

Minimizar a Perda Total
max retalho: 5

(0)(1100)	26.00	(76)8	(82)6	0.00	0	

(1)(1000)	14.00	(64)11	(32)5	(68)2	0.00	0	

(2)(1100)	12.00	(20)3	(80)13	0.00	0	

(3)(1100)	11.00	(20)3	(78)12	(13)8	0.00	0	

(4)(1100)	10.00	(55)20	0.00	0	

(5)(134)	6.00	(76)1	(32)1	(13)2	0.00	0	

(6)(1100)	5.00	(53)19	(11)1	(82)1	0.00	0	

(7)(362)	5.00	(64)4	(32)2	(20)1	(11)2	0.00	0	

(8)(1000)	4.00	(20)6	(22)34	(11)12	0.00	0	

(9)(1100)	2.00	(45)2	(13)2	(82)12	0.00	0	

(10)(1100)	2.00	(11)1	(57)1	(24)43	0.00	0	

(11)(1100)	2.00	(22)1	(57)18	(13)4	0.00	0	

(12)(1100)	1.00	(43)24	(20)1	(24)2	0.00	0	

(13)(1100)	1.00	(11)4	(68)1	(13)76	0.00	0	

(14)(1100)	1.00	(20)1	(22)1	(68)1	(45)22	0.00	0	

(15)(1000)	1.00	(53)8	(43)1	(11)1	(47)6	(36)6	(24)1	0.00	0	

(16)(1000)	1.00	(11)1	(80)7	(13)3	(15)26	0.00	0	

(17)(1000)	1.00	(55)1	(20)17	(11)55	0.00	0	
max retalho: 5

(0)(136)	4.00	(22)3	(68)1	2.00	0	

(1)(136)	2.00	(53)1	(20)4	3.00	0	

(2)(136)	2.00	(64)1	(32)2	8.00	0	

(3)(1100)	1.00	(43)10	(20)13	(82)5	0.00	0	

(4)(1000)	1.00	(53)1	(55)7	(20)1	(22)1	(68)2	(24)16	0.00	0	

(8)(136)	1.00	(22)6	4.00	0	

(11)(1100)	1.00	(76)8	(22)2	(78)4	(68)2	0.00	0	

(16)(1100)	1.00	(43)3	(80)11	(82)1	9.00	0	
max retalho: 5

(0)(1100)	1.00	(64)2	(53)1	(32)4	(20)10	(11)5	(13)16	(82)4	0.00	0	
max retalho: 5

(0)(1100)	1.00	(53)2	(43)2	(32)6	(20)11	(22)7	(68)1	(57)1	(45)3	(82)1	0.00	0	
max retalho: 5

(0)(1000)	1.00	(53)5	(32)3	(22)2	(45)1	0	550	
Sobra Total: 550.00
Perda Total: 43.00

Total Barras Cortadas:
Barra (1000) : 23
Barra (1100) : 78
Barra (134) : 6
Barra (362) : 5
Barra (136) : 9

Retalhos Gerados:
Retalho (550) : 1

10 Soluções

Saida Arquivo/Entrada/Class3/D3d10.txt

Minimizar a Perda Total
max retalho: 5

(0)(1100)	25.00	(76)8	(82)6	0.00	0	

(1)(1100)	12.00	(20)3	(80)13	0.00	0	

(2)(1100)	11.00	(22)11	(78)11	0.00	0	

(3)(136)	9.00	(68)2	0.00	0	

(4)(1100)	8.00	(64)17	12.00	0	

(5)(1100)	8.00	(55)18	(22)5	0.00	0	

(6)(1000)	5.00	(64)4	(32)19	(68)2	0.00	0	

(7)(362)	5.00	(76)1	(53)3	(45)1	(82)1	0.00	0	

(8)(1100)	4.00	(53)19	(11)1	(82)1	0.00	0	

(9)(1100)	3.00	(20)3	(78)4	(13)56	0.00	0	

(10)(1100)	3.00	(55)19	(22)2	11.00	0	

(11)(1100)	3.00	(64)6	(32)1	(57)12	0.00	0	

(12)(1100)	3.00	(45)2	(13)2	(82)12	0.00	0	

(13)(1000)	2.00	(45)7	(24)28	(13)1	0.00	0	

(14)(1100)	1.00	(43)24	(11)1	(57)1	0.00	0	

(15)(1100)	1.00	(55)1	(11)95	0.00	0	

(16)(1100)	1.00	(32)1	(45)4	(24)37	0.00	0	

(17)(1000)	1.00	(76)3	(53)9	(47)6	(13)1	0.00	0	

(18)(1100)	1.00	(76)11	(11)1	(36)6	(24)1	(13)1	0.00	0	

(19)(1100)	2.00	(20)54	20.00	0	

(20)(1000)	1.00	(11)1	(80)7	(13)3	(15)26	0.00	0	
max retalho: 5

(0)(134)	3.00	(55)1	(78)1	1.00	0	

(1)(1100)	1.00	(53)14	358.00	0	

(2)(1100)	1.00	(43)16	412.00	0	

(3)(1100)	1.00	(80)11	220.00	0	

(4)(1100)	1.00	(68)11	352.00	0	

(5)(134)	1.00	(76)1	(45)1	13.00	0	

(6)(1100)	1.00	(11)29	781.00	0	

(7)(1100)	1.00	(13)26	762.00	0	

(11)(1100)	1.00	(24)11	836.00	0	

(12)(1100)	1.00	(64)4	844.00	0	
max retalho: 5

(6)(1100)	1.00	(76)2	(55)3	(32)4	(20)7	(22)2	(57)2	(82)1	0	275	
Sobra Total: 275.00
Perda Total: 4750.00

Total Barras Cortadas:
Barra (1000) : 9
Barra (1100) : 95
Barra (134) : 4
Barra (362) : 5
Barra (136) : 9

Retalhos Gerados:
Retalho (275) : 1
