
4 Soluções

Saida Arquivo/Entrada/Class3/D3d17.txt

Minimizar a Perda Total
max retalho: 5

(0)(1000)	11.00	(64)3	(20)3	(68)11	0.00	0	

(1)(1100)	10.00	(64)1	(31)1	(47)3	(72)12	0.00	0	

(2)(1100)	9.00	(20)1	(24)1	(82)12	(72)1	0.00	0	

(3)(1100)	9.00	(20)1	(58)18	(36)1	0.00	0	

(4)(352)	9.00	(64)4	(47)1	49.00	0	

(5)(1100)	8.00	(53)19	(57)1	(36)1	0.00	0	

(6)(1100)	8.00	(64)17	12.00	0	

(7)(1000)	7.00	(54)7	(47)2	(24)22	0.00	0	

(8)(1100)	6.00	(75)13	(53)1	(72)1	0.00	0	

(9)(1100)	6.00	(43)24	(68)1	0.00	0	

(10)(1100)	4.00	(64)1	(31)32	(22)2	0.00	0	

(11)(1100)	4.00	(79)12	(58)2	(36)1	0.00	0	

(12)(1100)	3.00	(54)16	(57)1	(47)1	(36)1	(24)4	0.00	0	

(13)(1000)	3.00	(31)1	(47)3	(36)17	(72)3	0.00	0	

(14)(1100)	1.00	(64)1	(31)11	(68)1	(57)11	0.00	0	

(15)(1100)	1.00	(22)49	22.00	0	

(18)(1100)	1.00	(10)14	(79)2	(58)3	(24)1	(26)13	(14)19	0.00	0	
max retalho: 5

(0)(111)	2.00	(54)1	(57)1	0.00	0	

(1)(111)	2.00	(31)1	(79)1	1.00	0	

(2)(124)	1.00	(20)1	(57)1	(47)1	0.00	0	

(3)(124)	1.00	(75)1	(20)2	9.00	0	

(4)(1100)	1.00	(31)4	(20)4	(22)5	(68)3	(57)2	(58)1	(82)5	0.00	0	

(5)(124)	1.00	(54)1	(43)1	27.00	0	

(13)(1000)	1.00	(53)8	(54)4	(24)15	0.00	0	
max retalho: 5

(0)(1100)	1.00	(31)13	(20)7	(68)4	(57)5	0.00	0	
max retalho: 5

(0)(1100)	1.00	(54)1	(31)7	(20)34	(68)2	13.00	0	

(1)(1100)	1.00	(57)1	1043.00	0	
max retalho: 5

(0)(1000)	1.00	(20)1	0	980	
Sobra Total: 980.00
Perda Total: 1653.00

Total Barras Cortadas:
Barra (1000) : 23
Barra (1100) : 74
Barra (124) : 3
Barra (352) : 9
Barra (111) : 4

Retalhos Gerados:
Retalho (980) : 1

7 Soluções

Saida Arquivo/Entrada/Class3/D3d17.txt

Minimizar a Perda Total
max retalho: 5

(0)(1100)	9.00	(68)1	(24)2	(82)12	0.00	0	

(1)(1100)	9.00	(20)1	(58)18	(36)1	0.00	0	

(2)(1100)	8.00	(53)19	(57)1	(36)1	0.00	0	

(3)(1100)	7.00	(64)3	(31)22	(22)1	(68)3	0.00	0	

(4)(1100)	7.00	(20)1	(72)15	0.00	0	

(5)(1100)	7.00	(20)4	(68)15	0.00	0	

(6)(1000)	6.00	(54)15	(47)2	(24)4	0.00	0	

(7)(1100)	7.00	(64)15	(20)7	0.00	0	

(8)(1100)	6.00	(54)1	(43)23	(57)1	0.00	0	

(9)(1100)	6.00	(75)13	(53)1	(24)3	0.00	0	

(10)(1100)	5.00	(64)17	12.00	0	

(11)(1100)	5.00	(64)1	(31)2	(47)10	(72)7	0.00	0	

(12)(124)	5.00	(57)2	10.00	0	

(13)(1100)	4.00	(79)12	(58)2	(36)1	0.00	0	

(14)(1100)	2.00	(20)2	(24)44	4.00	0	

(15)(1100)	1.00	(31)1	(20)3	(36)28	1.00	0	

(16)(1000)	1.00	(22)43	(24)2	6.00	0	

(18)(1100)	1.00	(10)14	(79)2	(58)3	(24)1	(26)13	(14)19	0.00	0	
max retalho: 5

(0)(352)	3.00	(54)1	(36)6	(82)1	0.00	0	

(1)(111)	2.00	(79)1	32.00	0	

(2)(111)	1.00	(57)1	(24)2	6.00	0	

(3)(352)	1.00	(31)10	(36)1	6.00	0	

(4)(352)	1.00	(43)6	(72)1	22.00	0	

(5)(352)	1.00	(64)2	(47)4	(36)1	0.00	0	

(7)(1100)	1.00	(75)1	(53)8	(22)12	(68)2	(57)1	(24)6	0.00	0	

(16)(111)	1.00	(54)1	(57)1	0.00	0	
max retalho: 5

(0)(1100)	1.00	(24)32	332.00	0	

(1)(1100)	1.00	(64)2	(54)2	(43)1	(57)5	(58)1	(36)5	(82)1	(72)3	0.00	0	
max retalho: 5

(0)(352)	1.00	(31)3	(254)1	5.00	254	

(2)(1000)	1.00	(54)3	(36)1	(46)6	526.00	276	

(4)(352)	1.00	(82)1	270.00	0	
max retalho: 3

(0)(1000)	1.00	(57)1	0	943	
Sobra Total: 1473.00
Perda Total: 1356.00

Total Barras Cortadas:
Barra (1000) : 9
Barra (1100) : 87
Barra (124) : 5
Barra (352) : 8
Barra (111) : 4

Retalhos Gerados:
Retalho (254) : 1
Retalho (46) : 6
Retalho (943) : 1

10 Soluções

Saida Arquivo/Entrada/Class3/D3d17.txt

Minimizar a Perda Total
max retalho: 5

(0)(1000)	13.00	(64)15	(20)2	0.00	0	

(1)(1100)	10.00	(31)1	(57)2	(47)5	(72)10	0.00	0	

(2)(1100)	9.00	(68)1	(24)2	(82)12	0.00	0	

(3)(1100)	9.00	(20)1	(58)18	(36)1	0.00	0	

(4)(1100)	8.00	(53)19	(57)1	(36)1	0.00	0	

(5)(1100)	8.00	(64)2	(20)1	(68)14	0.00	0	

(6)(1100)	6.00	(43)24	(68)1	0.00	0	

(7)(1000)	5.00	(54)17	(31)2	(20)1	0.00	0	

(8)(1100)	4.00	(31)33	(36)2	5.00	0	

(9)(1100)	4.00	(54)1	(31)2	(24)41	0.00	0	

(10)(1100)	4.00	(79)12	(58)2	(36)1	0.00	0	

(11)(1000)	4.00	(31)1	(47)3	(36)5	(72)9	0.00	0	

(12)(1000)	3.00	(75)12	(20)5	0.00	0	

(13)(1100)	3.00	(75)12	(20)10	0.00	0	

(14)(1100)	1.00	(75)1	(22)46	13.00	0	

(18)(1100)	1.00	(10)14	(79)2	(58)3	(24)1	(26)13	(14)19	0.00	0	
max retalho: 5

(0)(111)	3.00	(54)1	(57)1	0.00	0	

(1)(352)	3.00	(53)3	(54)3	(31)1	0.00	0	

(2)(124)	2.00	(22)1	(47)2	8.00	0	

(3)(352)	2.00	(68)2	(36)6	0.00	0	

(4)(111)	1.00	(20)2	(58)1	13.00	0	

(6)(1100)	1.00	(75)6	(64)5	(53)1	(54)1	(43)1	(36)1	(72)2	0.00	0	

(8)(1100)	1.00	(54)1	(68)3	(36)2	(82)5	(72)5	0.00	0	
max retalho: 5

(1)(1000)	1.00	(64)1	(54)2	(31)11	(57)2	(36)5	(24)8	1.00	0	

(2)(352)	1.00	(20)5	(22)1	(79)2	(72)1	0.00	0	

(11)(124)	2.00	(22)4	(36)1	0.00	0	
max retalho: 5

(0)(352)	1.00	(64)1	(53)2	(22)5	(36)2	0.00	0	

(1)(352)	1.00	(68)2	216.00	0	

(5)(124)	1.00	(64)1	(53)1	7.00	0	
max retalho: 5

(0)(1000)	1.00	(64)1	(53)1	(68)1	(36)2	0	743	
Sobra Total: 743.00
Perda Total: 286.00

Total Barras Cortadas:
Barra (1000) : 27
Barra (1100) : 69
Barra (124) : 5
Barra (352) : 8
Barra (111) : 4

Retalhos Gerados:
Retalho (743) : 1
