
4 Soluções

Saida Arquivo/Entrada/Class3/D3d11.txt

Minimizar a Perda Total
max retalho: 5

(0)(1100)	21.00	(75)9	(10)2	(81)5	0.00	0	

(1)(1000)	15.00	(40)1	(19)10	(77)10	0.00	0	

(2)(1000)	15.00	(17)1	(65)1	(79)9	(69)3	0.00	0	

(3)(1100)	14.00	(10)1	(81)2	(58)16	0.00	0	

(4)(1000)	10.00	(42)22	(33)2	(10)1	0.00	0	

(5)(1000)	7.00	(75)3	(81)9	(46)1	0.00	0	

(6)(1100)	6.00	(40)26	(17)1	(33)1	(10)1	0.00	0	

(7)(1100)	6.00	(28)1	(17)1	(77)13	(54)1	0.00	0	

(8)(95)	5.00	(65)1	(10)3	0.00	0	

(9)(1100)	4.00	(40)1	(19)2	(10)1	(46)22	0.00	0	

(10)(1000)	3.00	(28)28	(44)4	(10)4	0.00	0	

(11)(1100)	3.00	(44)20	(10)22	0.00	0	

(12)(323)	3.00	(17)2	(81)3	(46)1	0.00	0	

(13)(323)	2.00	(65)3	(69)1	(58)1	1.00	0	

(14)(1100)	2.00	(40)7	(54)15	(10)1	0.00	0	

(15)(93)	2.00	(42)1	(10)5	1.00	0	

(16)(1100)	1.00	(17)55	(33)5	0.00	0	

(17)(1000)	1.00	(7)118	(58)3	0.00	0	

(18)(1000)	1.00	(17)1	(65)1	(10)1	(11)26	(79)7	(69)1	0.00	0	

(19)(1000)	10.00	(65)3	(69)11	(46)1	0.00	0	
max retalho: 5

(0)(1100)	1.00	(40)24	140.00	0	

(1)(1100)	1.00	(28)19	568.00	0	

(2)(1100)	1.00	(44)14	484.00	0	

(3)(1100)	1.00	(79)6	626.00	0	

(4)(1100)	1.00	(17)53	199.00	0	

(5)(1100)	1.00	(46)9	686.00	0	

(6)(1100)	1.00	(77)5	715.00	0	

(7)(1100)	1.00	(42)9	722.00	0	

(8)(1100)	1.00	(10)40	700.00	0	
max retalho: 5

(0)(1100)	1.00	(19)5	(75)3	(65)2	(54)2	(33)4	(21)3	(81)2	(69)1	(58)2	0.00	0	
max retalho: 5

(0)(1000)	1.00	(19)1	(33)5	(21)7	0	669	
Sobra Total: 669.00
Perda Total: 4844.00

Total Barras Cortadas:
Barra (1000) : 63
Barra (1100) : 67
Barra (93) : 2
Barra (323) : 5
Barra (95) : 5

Retalhos Gerados:
Retalho (669) : 1

7 Soluções

Saida Arquivo/Entrada/Class3/D3d11.txt

Minimizar a Perda Total
max retalho: 5

(0)(1100)	21.00	(75)9	(10)2	(81)5	0.00	0	

(1)(1100)	17.00	(28)1	(17)1	(77)13	(54)1	0.00	0	

(2)(1000)	14.00	(17)1	(65)1	(79)9	(69)3	0.00	0	

(3)(1100)	14.00	(10)1	(81)2	(58)16	0.00	0	

(4)(1000)	10.00	(42)22	(33)2	(10)1	0.00	0	

(5)(1000)	8.00	(75)3	(81)9	(46)1	0.00	0	

(6)(1100)	7.00	(40)26	(17)1	(33)1	(10)1	0.00	0	

(7)(95)	5.00	(65)1	(10)3	0.00	0	

(8)(323)	4.00	(54)3	161.00	0	

(9)(1100)	4.00	(19)3	(77)1	(46)21	0.00	0	

(10)(1000)	4.00	(40)7	(17)1	(19)37	0.00	0	

(11)(1100)	3.00	(44)20	(10)22	0.00	0	

(12)(1100)	2.00	(28)33	(44)4	0.00	0	

(13)(1000)	2.00	(65)6	(69)8	(58)1	0.00	0	

(14)(1100)	1.00	(28)2	(17)54	(42)3	0.00	0	

(15)(323)	1.00	(54)5	(33)1	(10)2	0.00	0	

(16)(1000)	1.00	(21)10	(10)1	(79)9	(69)1	0.00	0	

(17)(1000)	1.00	(17)1	(65)1	(10)1	(11)26	(79)7	(69)1	0.00	0	

(18)(1000)	1.00	(7)118	(58)3	0.00	0	

(19)(1000)	9.00	(65)3	(69)11	(46)1	0.00	0	
max retalho: 5

(0)(1000)	1.00	(28)20	(10)44	0.00	0	

(1)(1100)	1.00	(17)14	(44)6	(46)13	0.00	0	

(3)(93)	1.00	(17)1	(19)4	0.00	0	

(4)(1100)	1.00	(40)3	(33)11	(10)6	(79)5	(81)2	0.00	0	

(14)(323)	1.00	(17)19	0.00	0	
max retalho: 5

(0)(1000)	1.00	(77)8	(42)6	(44)3	0.00	0	

(1)(1100)	1.00	(28)4	(17)8	(54)4	(42)1	(44)2	(33)1	(10)14	(79)1	(58)2	(46)3	0.00	0	

(11)(93)	1.00	(44)2	5.00	0	
max retalho: 5

(0)(1000)	1.00	(17)3	(42)1	(44)5	0	687	
Sobra Total: 687.00
Perda Total: 649.00

Total Barras Cortadas:
Barra (1000) : 53
Barra (1100) : 72
Barra (93) : 2
Barra (323) : 6
Barra (95) : 5

Retalhos Gerados:
Retalho (687) : 1

10 Soluções

Saida Arquivo/Entrada/Class3/D3d11.txt

Minimizar a Perda Total
max retalho: 5

(0)(1100)	20.00	(75)4	(81)2	(58)11	0.00	0	

(1)(1100)	17.00	(28)1	(17)1	(77)13	(54)1	0.00	0	

(2)(1100)	12.00	(75)9	(10)2	(81)5	0.00	0	

(3)(1000)	11.00	(19)1	(33)1	(79)12	0.00	0	

(4)(1000)	10.00	(40)1	(75)2	(81)10	0.00	0	

(5)(1000)	10.00	(28)2	(42)22	(10)2	0.00	0	

(6)(1100)	8.00	(40)23	(17)10	(10)1	0.00	0	

(7)(1100)	5.00	(19)3	(77)1	(46)21	0.00	0	

(8)(1000)	4.00	(65)6	(69)8	(58)1	0.00	0	

(9)(1100)	3.00	(44)20	(10)22	0.00	0	

(10)(1100)	2.00	(17)1	(19)57	0.00	0	

(11)(1100)	2.00	(28)33	(44)4	0.00	0	

(12)(1000)	1.00	(42)11	(33)16	(10)1	0.00	0	

(13)(323)	2.00	(17)18	17.00	0	

(14)(1000)	1.00	(40)1	(17)1	(19)7	(54)15	0.00	0	

(15)(1000)	1.00	(17)1	(65)1	(10)1	(11)26	(79)7	(69)1	0.00	0	

(16)(1000)	1.00	(21)10	(10)1	(79)9	(69)1	0.00	0	

(17)(1000)	1.00	(7)118	(58)3	0.00	0	

(18)(1000)	11.00	(65)3	(69)11	(46)1	0.00	0	

(19)(1000)	1.00	(10)100	0.00	0	
max retalho: 5

(0)(323)	1.00	(19)1	(33)9	7.00	0	

(1)(323)	1.00	(44)1	(69)4	3.00	0	

(2)(93)	1.00	(65)1	28.00	0	

(4)(1000)	1.00	(40)15	(77)3	(44)2	(81)1	0.00	0	

(5)(1100)	1.00	(40)3	(28)6	(17)5	(54)6	(44)1	(81)1	(58)4	(46)1	0.00	0	
max retalho: 5

(0)(95)	2.00	(44)2	7.00	0	

(1)(1100)	1.00	(19)13	(75)1	(77)3	(33)4	(10)1	(81)5	0.00	0	
max retalho: 5

(0)(1000)	1.00	(19)3	(75)4	(77)1	(44)10	0	126	
Sobra Total: 126.00
Perda Total: 86.00

Total Barras Cortadas:
Barra (1000) : 54
Barra (1100) : 71
Barra (93) : 1
Barra (323) : 4
Barra (95) : 2

Retalhos Gerados:
Retalho (126) : 1
