
4 Soluções

Saida Arquivo/Entrada/Class3/D3d2.txt

Minimizar a Perda Total
max retalho: 5

(0)(1100)	17.00	(71)1	(59)11	(38)10	0.00	0	

(1)(1100)	16.00	(15)2	(75)14	(10)2	0.00	0	

(2)(1100)	13.00	(71)15	(15)1	(10)2	0.00	0	

(3)(498)	6.00	(82)5	(71)1	(17)1	0.00	0	

(4)(1100)	5.00	(27)40	(10)2	0.00	0	

(5)(1100)	5.00	(17)10	(31)30	0.00	0	

(6)(1100)	4.00	(50)21	(10)5	0.00	0	

(7)(269)	4.00	(17)1	(21)12	0.00	0	

(8)(1100)	3.00	(81)13	(27)1	(10)2	0.00	0	

(9)(1100)	4.00	(15)8	(64)15	(10)2	0.00	0	

(10)(1100)	3.00	(20)55	0.00	0	

(11)(498)	3.00	(31)16	2.00	0	

(12)(1000)	2.00	(64)15	(20)1	(10)2	0.00	0	

(13)(1000)	3.00	(38)25	(15)2	(20)1	0.00	0	

(14)(1100)	1.00	(52)20	(20)1	(10)4	0.00	0	

(15)(1100)	1.00	(48)22	(17)2	(10)1	0.00	0	

(16)(1100)	1.00	(15)1	(31)35	0.00	0	

(17)(1100)	1.00	(54)6	(42)18	(10)2	0.00	0	

(21)(269)	1.00	(31)8	(20)1	1.00	0	
max retalho: 5

(0)(53)	1.00	(17)1	(6)6	0.00	0	

(1)(53)	1.00	(27)1	(6)4	2.00	0	

(2)(1100)	1.00	(81)11	209.00	0	

(3)(53)	1.00	(6)1	(21)2	5.00	0	

(4)(53)	1.00	(6)2	(31)1	(10)1	0.00	0	

(6)(1100)	1.00	(75)10	350.00	0	

(7)(1100)	1.00	(50)15	350.00	0	

(10)(1100)	1.00	(71)6	(48)9	(38)1	(6)4	(64)2	(52)1	0.00	0	

(12)(1100)	1.00	(82)1	(59)10	(48)3	(6)4	(52)5	0.00	0	

(18)(53)	2.00	(42)1	(10)1	1.00	0	
max retalho: 5

(0)(1100)	1.00	(6)134	296.00	0	

(2)(1100)	1.00	(27)27	371.00	0	
max retalho: 5

(0)(1000)	1.00	(48)2	(17)1	(52)7	(42)1	(31)1	(20)1	(10)13	0	300	
Sobra Total: 300.00
Perda Total: 1592.00

Total Barras Cortadas:
Barra (1000) : 6
Barra (1100) : 81
Barra (53) : 6
Barra (269) : 5
Barra (498) : 9

Retalhos Gerados:
Retalho (300) : 1

7 Soluções

Saida Arquivo/Entrada/Class3/D3d2.txt

Minimizar a Perda Total
max retalho: 5

(0)(1100)	14.00	(71)15	(15)1	(10)2	0.00	0	

(1)(1000)	14.00	(59)6	(38)17	0.00	0	

(2)(1000)	12.00	(81)1	(75)11	(21)4	(10)1	0.00	0	

(3)(498)	7.00	(6)8	(75)6	0.00	0	

(4)(1100)	6.00	(27)35	(31)5	0.00	0	

(5)(1100)	6.00	(15)8	(64)15	(10)2	0.00	0	

(6)(1100)	6.00	(82)1	(59)17	(15)1	0.00	0	

(7)(1100)	6.00	(17)10	(31)30	0.00	0	

(8)(53)	6.00	(6)2	(10)4	1.00	0	

(9)(1100)	4.00	(50)20	(20)5	0.00	0	

(10)(1000)	5.00	(6)15	(75)12	(10)1	0.00	0	

(11)(269)	4.00	(48)5	29.00	0	

(12)(1100)	3.00	(81)12	(59)2	(10)1	0.00	0	

(13)(1100)	3.00	(20)49	(10)12	0.00	0	

(14)(1000)	2.00	(82)11	(71)1	(17)1	(10)1	0.00	0	

(15)(1100)	2.00	(50)6	(52)15	(20)1	0.00	0	

(16)(498)	1.00	(48)10	(6)3	0.00	0	

(17)(1100)	1.00	(54)6	(42)18	(10)2	0.00	0	

(18)(1100)	1.00	(48)2	(6)2	(31)32	0.00	0	
max retalho: 5

(0)(1100)	1.00	(59)5	805.00	0	

(1)(1100)	1.00	(81)2	(82)2	(48)4	(38)1	(15)6	(52)3	(42)3	(20)4	(21)2	(10)5	0.00	0	

(2)(1100)	1.00	(50)7	750.00	0	

(3)(1100)	1.00	(71)12	248.00	0	

(5)(1100)	1.00	(27)21	533.00	0	
max retalho: 5

(0)(1000)	1.00	(82)1	(38)7	(15)10	(17)2	(6)7	(64)2	(31)1	0	267	
Sobra Total: 267.00
Perda Total: 2458.00

Total Barras Cortadas:
Barra (1000) : 34
Barra (1100) : 57
Barra (53) : 6
Barra (269) : 4
Barra (498) : 8

Retalhos Gerados:
Retalho (267) : 1

10 Soluções

Saida Arquivo/Entrada/Class3/D3d2.txt

Minimizar a Perda Total
max retalho: 5

(0)(1100)	14.00	(71)15	(15)1	(10)2	0.00	0	

(1)(1000)	14.00	(59)6	(38)17	0.00	0	

(2)(1000)	12.00	(81)1	(75)11	(21)4	(10)1	0.00	0	

(3)(498)	8.00	(6)8	(75)6	0.00	0	

(4)(1100)	6.00	(27)35	(31)5	0.00	0	

(5)(1100)	6.00	(17)10	(31)30	0.00	0	

(6)(1100)	6.00	(15)8	(64)15	(10)2	0.00	0	

(7)(1100)	6.00	(82)1	(59)17	(15)1	0.00	0	

(8)(1100)	4.00	(50)20	(10)10	0.00	0	

(9)(269)	3.00	(75)3	(43)1	1.00	43	

(10)(1100)	3.00	(81)12	(59)2	(10)1	0.00	0	

(11)(1000)	3.00	(6)15	(75)12	(10)1	0.00	0	

(12)(1000)	2.00	(82)11	(71)1	(27)1	0.00	0	

(13)(1100)	2.00	(20)54	(10)2	0.00	0	

(14)(1100)	2.00	(50)6	(52)15	(20)1	0.00	0	

(15)(1000)	1.00	(48)20	(31)1	9.00	0	

(16)(269)	1.00	(15)9	(52)2	(20)1	(10)1	0.00	0	

(17)(1100)	1.00	(54)6	(42)18	(10)2	0.00	0	

(18)(1000)	1.00	(75)3	(31)25	0.00	0	

(19)(1100)	1.00	(20)48	(10)14	0.00	0	
max retalho: 5

(0)(1100)	1.00	(71)12	248.00	0	

(1)(1100)	1.00	(48)16	332.00	0	

(2)(1100)	1.00	(50)7	750.00	0	

(3)(1100)	1.00	(75)6	650.00	0	

(5)(1100)	1.00	(81)2	(82)3	(59)1	(38)1	(6)4	(64)2	(42)3	(31)7	(20)5	0.00	0	

(6)(53)	1.00	(6)5	(21)1	2.00	0	

(7)(1100)	1.00	(27)19	587.00	0	

(19)(53)	4.00	(6)1	(20)2	7.00	0	
max retalho: 5

(0)(1100)	1.00	(59)4	(38)7	(15)7	(17)4	(6)33	(52)1	(20)1	(21)1	(10)10	34.00	0	
Sobra Total: 129.00
Perda Total: 2643.00

Total Barras Cortadas:
Barra (1000) : 33
Barra (1100) : 58
Barra (53) : 5
Barra (269) : 4
Barra (498) : 8

Retalhos Gerados:
Retalho (43) : 3
