
4 Soluções

Saida Arquivo/Entrada/Class3/D3d4.txt

Minimizar a Perda Total
max retalho: 5

(0)(1000)	16.00	(40)3	(77)11	(33)1	0.00	0	

(1)(1100)	15.00	(61)14	(50)1	(44)4	(10)2	0.00	0	

(2)(1000)	12.00	(82)7	(71)6	0.00	0	

(3)(1100)	9.00	(17)2	(77)1	(43)23	0.00	0	

(4)(284)	9.00	(71)4	0.00	0	

(5)(1000)	7.00	(73)13	(50)1	1.00	0	

(6)(1000)	5.00	(40)2	(65)14	(10)1	0.00	0	

(7)(1100)	5.00	(40)25	(17)2	(33)2	0.00	0	

(8)(1100)	5.00	(71)10	(38)10	(10)1	0.00	0	

(9)(1100)	4.00	(44)25	0.00	0	

(10)(1000)	4.00	(71)14	(6)1	0.00	0	

(11)(57)	4.00	(40)1	(17)1	0.00	0	

(12)(1000)	3.00	(40)1	(54)17	(21)2	0.00	0	

(13)(1100)	3.00	(33)28	(21)6	(10)5	0.00	0	

(14)(1100)	3.00	(73)1	(21)47	(10)4	0.00	0	

(15)(1000)	2.00	(50)20	0.00	0	

(16)(1000)	1.00	(17)2	(6)161	0.00	0	

(17)(1100)	1.00	(8)21	(75)11	(54)1	(43)1	(10)1	0.00	0	

(18)(1100)	1.00	(38)1	(40)1	(29)26	(75)3	(43)1	0.00	0	

(19)(1000)	5.00	(82)1	(38)2	(17)1	(75)11	0.00	0	
max retalho: 5

(0)(55)	4.00	(17)3	4.00	0	

(1)(1100)	1.00	(73)8	(50)10	(10)1	6.00	0	

(2)(1000)	1.00	(6)1	(75)6	(65)5	(43)5	4.00	0	

(3)(1100)	1.00	(40)10	(17)7	(33)3	(21)2	(44)10	0.00	440	

(4)(1100)	1.00	(50)1	(54)10	(10)51	0.00	0	

(5)(1100)	1.00	(82)4	(71)4	(77)2	(33)7	(21)3	(10)4	0.00	0	
max retalho: 4

(1)(1100)	1.00	(21)21	659.00	0	

(6)(1100)	1.00	(73)3	(61)1	(17)11	(6)3	(54)2	(43)4	(33)5	(10)17	0.00	0	

(7)(1100)	1.00	(50)6	800.00	0	
max retalho: 4

(0)(1000)	1.00	(54)2	(43)1	(44)6	(33)2	(10)2	(44)10	59.00	440	
max retalho: 3

(0)(1000)	1.00	(44)4	0	824	
Sobra Total: 1704.00
Perda Total: 1551.00

Total Barras Cortadas:
Barra (1000) : 58
Barra (1100) : 53
Barra (55) : 4
Barra (284) : 9
Barra (57) : 4

Retalhos Gerados:
Retalho (44) : 10
Retalho (44) : 10
Retalho (824) : 1

7 Soluções

Saida Arquivo/Entrada/Class3/D3d4.txt

Minimizar a Perda Total

7 Soluções

Saida Arquivo/Entrada/Class3/D3d4.txt

Minimizar a Perda Total
max retalho: 5

(6)(1000)	7.00	(61)9	(50)9	1.00	0	

(7)(284)	6.00	(73)1	(61)1	(50)1	(10)10	0.00	0	

(8)(1100)	6.00	(71)10	(38)10	(10)1	0.00	0	

(9)(1000)	5.00	(40)2	(65)14	(10)1	0.00	0	

(10)(1100)	5.00	(40)1	(75)14	(10)1	0.00	0	

(11)(1100)	5.00	(82)13	(17)2	0.00	0	

(12)(1100)	5.00	(17)4	(43)23	(33)1	(10)1	0.00	0	

(13)(1000)	5.00	(61)15	(40)1	(44)1	1.00	44	

(14)(55)	4.00	(10)5	5.00	0	

(15)(57)	4.00	(40)1	(17)1	0.00	0	

(16)(1100)	4.00	(61)1	(33)28	(21)5	(10)1	0.00	0	

(17)(1100)	3.00	(73)1	(21)47	(10)4	0.00	0	

(18)(284)	3.00	(6)33	(65)1	(21)1	0.00	0	

(19)(1100)	1.00	(38)1	(40)1	(29)26	(75)3	(43)1	0.00	0	

(20)(1000)	2.00	(82)11	(17)4	(6)5	0.00	0	

(21)(1100)	1.00	(71)11	(40)2	(17)1	(8)21	(54)1	0.00	0	

(22)(1100)	1.00	(61)6	(50)5	(44)11	0.00	484	
max retalho: 4

(0)(1000)	14.00	(71)8	(77)1	(54)1	(43)7	0.00	0	

(1)(1000)	11.00	(61)1	(40)10	(77)7	0.00	0	

(2)(1000)	7.00	(73)12	(61)2	2.00	0	

(3)(1000)	6.00	(73)1	(40)2	(77)11	0.00	0	

(4)(1100)	5.00	(40)9	(77)4	(54)8	0.00	0	

(5)(1100)	2.00	(71)12	(54)3	(43)2	0.00	0	

(6)(1100)	1.00	(61)18	2.00	0	

(7)(1100)	1.00	(50)5	(17)9	(75)2	(65)2	(21)1	(44)9	0.00	396	

(8)(1100)	1.00	(82)3	(54)1	(33)10	(21)10	(10)26	0.00	0	

(10)(1100)	1.00	(71)9	(61)1	(40)1	(6)60	0.00	0	
max retalho: 3

(0)(1100)	6.00	(44)25	0.00	0	

(1)(1100)	1.00	(61)13	307.00	0	

(2)(1100)	1.00	(77)10	330.00	0	
max retalho: 3

(0)(1000)	1.00	(82)3	(71)2	(73)6	(44)3	(21)2	0.00	0	
max retalho: 3

(0)(1100)	1.00	(40)6	(17)15	(54)4	(43)1	(44)5	(21)6	0.00	0	
max retalho: 3

(0)(1000)	1.00	(17)2	(44)2	(21)8	(44)16	6.00	704	
max retalho: 2

(0)(1000)	1.00	(44)14	0	384	
Sobra Total: 2188.00
Perda Total: 691.00

Total Barras Cortadas:
Barra (1000) : 60
Barra (1100) : 51
Barra (55) : 4
Barra (284) : 9
Barra (57) : 4

Retalhos Gerados:
Retalho (44) : 5
Retalho (44) : 11
Retalho (44) : 9
Retalho (44) : 16
Retalho (384) : 1

10 Soluções

Saida Arquivo/Entrada/Class3/D3d4.txt

Minimizar a Perda Total
max retalho: 5

(1)(1000)	13.00	(71)13	(77)1	0.00	0	

(2)(1100)	13.00	(17)4	(77)12	(54)2	0.00	0	

(3)(1100)	10.00	(40)3	(77)1	(43)21	0.00	0	

(4)(1000)	8.00	(82)11	(71)1	(17)1	(10)1	0.00	0	

(5)(1100)	7.00	(40)23	(33)1	(21)7	0.00	0	

(6)(1100)	5.00	(73)13	(61)1	(50)1	(10)4	0.00	0	

(7)(1000)	5.00	(33)23	(21)11	(10)1	0.00	0	

(8)(1100)	4.00	(38)5	(75)12	(10)1	0.00	0	

(9)(57)	3.00	(44)1	13.00	0	

(10)(1000)	3.00	(40)2	(65)14	(10)1	0.00	0	

(11)(55)	3.00	(17)2	(21)1	0.00	0	

(12)(1100)	2.00	(71)10	(38)10	(10)1	0.00	0	

(13)(1000)	2.00	(73)10	(10)27	0.00	0	

(14)(1100)	2.00	(61)18	2.00	0	

(15)(1100)	2.00	(50)22	0.00	0	

(16)(1000)	2.00	(54)17	(21)2	(10)4	0.00	0	

(17)(1000)	1.00	(73)3	(44)2	(21)33	0.00	0	

(18)(1000)	1.00	(6)145	(65)2	0.00	0	

(21)(284)	9.00	(38)1	(75)2	(65)1	(21)1	(10)1	0.00	0	

(22)(55)	1.00	(44)1	11.00	0	

(23)(1100)	1.00	(44)1	(44)24	0.00	1056	
max retalho: 4

(0)(1100)	9.00	(61)18	2.00	0	

(1)(1100)	1.00	(71)15	35.00	0	

(2)(1100)	1.00	(65)16	60.00	0	

(3)(1100)	1.00	(50)22	0.00	0	

(4)(1100)	1.00	(73)15	5.00	0	

(11)(1100)	1.00	(82)5	690.00	0	

(12)(1100)	1.00	(38)10	(6)24	(8)21	(54)6	(21)4	0.00	0	
max retalho: 4

(5)(1100)	1.00	(61)8	612.00	0	

(6)(1100)	1.00	(21)34	386.00	0	

(7)(1100)	1.00	(71)6	674.00	0	

(11)(1100)	1.00	(40)4	(65)4	(43)9	(10)29	3.00	0	
max retalho: 4

(0)(57)	1.00	(33)1	24.00	0	

(1)(1100)	1.00	(75)9	425.00	0	

(2)(1100)	1.00	(73)2	(50)6	(29)8	(17)3	(77)3	(65)2	(10)1	0.00	0	
max retalho: 4

(0)(1000)	1.00	(50)1	(38)1	(29)14	(77)4	(44)3	(33)2	0.00	0	
max retalho: 4

(0)(1000)	1.00	(50)1	(38)1	(29)4	(77)1	(33)2	0	653	
Sobra Total: 1709.00
Perda Total: 2986.00

Total Barras Cortadas:
Barra (1000) : 37
Barra (1100) : 67
Barra (55) : 4
Barra (284) : 9
Barra (57) : 4

Retalhos Gerados:
Retalho (44) : 24
Retalho (653) : 1
