
4 Soluções

Saida Arquivo/Entrada/Class3/D3d5.txt

Minimizar a Perda Total
max retalho: 5

(0)(1100)	14.00	(70)15	(47)1	3.00	0	

(1)(1100)	13.00	(35)1	(26)1	(74)14	3.00	0	

(2)(1100)	8.00	(26)1	(72)12	(30)7	0.00	0	

(3)(1000)	8.00	(47)19	(35)1	(72)1	0.00	0	

(4)(1100)	8.00	(68)14	(26)5	(18)1	0.00	0	

(5)(1100)	6.00	(26)10	(39)16	(18)12	0.00	0	

(6)(1100)	5.00	(79)13	(37)1	(18)2	0.00	0	

(7)(269)	5.00	(51)5	14.00	0	

(8)(497)	4.00	(35)1	(74)6	(18)1	0.00	0	

(9)(1100)	3.00	(47)6	(26)1	(72)11	0.00	0	

(10)(269)	4.00	(26)2	(18)12	1.00	0	

(11)(1100)	3.00	(62)17	(41)1	5.00	0	

(12)(1100)	3.00	(47)1	(83)9	(72)3	(30)3	0.00	0	

(13)(1100)	3.00	(37)23	(83)3	0.00	0	

(14)(1100)	2.00	(68)2	(35)26	(18)3	0.00	0	

(15)(1100)	2.00	(58)18	(37)1	(18)1	1.00	0	

(16)(1100)	1.00	(47)1	(39)27	0.00	0	

(17)(1100)	1.00	(26)1	(41)26	8.00	0	

(18)(1100)	1.00	(14)36	(18)1	(7)26	(9)44	0.00	0	

(20)(55)	4.00	(18)3	1.00	0	
max retalho: 5

(0)(1100)	1.00	(79)11	231.00	0	

(1)(1100)	1.00	(70)6	680.00	0	

(2)(1100)	1.00	(58)9	578.00	0	

(3)(1100)	1.00	(35)25	225.00	0	

(4)(1100)	1.00	(39)18	398.00	0	

(5)(1100)	1.00	(72)15	20.00	0	

(6)(1100)	1.00	(74)6	656.00	0	

(7)(1100)	1.00	(41)7	813.00	0	

(8)(1100)	1.00	(62)4	852.00	0	
max retalho: 5

(0)(1000)	1.00	(47)4	(37)3	(26)6	(14)8	(83)1	(51)1	(30)3	(18)9	(9)2	29.00	0	
Sobra Total: 0.00
Perda Total: 4666.00

Total Barras Cortadas:
Barra (1000) : 9
Barra (1100) : 82
Barra (55) : 4
Barra (269) : 9
Barra (497) : 4

Retalhos Gerados:

7 Soluções

Saida Arquivo/Entrada/Class3/D3d5.txt

Minimizar a Perda Total
max retalho: 5

(0)(1100)	12.00	(35)1	(74)13	(62)1	(41)1	0.00	0	

(1)(1100)	12.00	(47)6	(26)1	(72)11	0.00	0	

(2)(1100)	10.00	(70)12	(37)2	(62)3	0.00	0	

(3)(1100)	9.00	(68)11	(26)2	(39)4	(18)8	0.00	0	

(4)(269)	9.00	(58)4	(37)1	0.00	0	

(5)(1000)	7.00	(70)12	(37)1	(41)3	0.00	0	

(6)(1000)	6.00	(47)2	(83)6	(72)4	(30)4	0.00	0	

(7)(1100)	5.00	(26)16	(39)12	(18)12	0.00	0	

(8)(1100)	5.00	(79)13	(37)1	(18)2	0.00	0	

(9)(497)	4.00	(47)9	(35)1	(39)1	0.00	0	

(10)(1000)	4.00	(70)1	(58)2	(74)11	0.00	0	

(11)(55)	4.00	(26)1	29.00	0	

(12)(1000)	3.00	(47)19	(35)1	(72)1	0.00	0	

(13)(1100)	3.00	(68)3	(35)23	(26)2	(39)1	0.00	0	

(14)(1000)	2.00	(26)8	(39)18	(18)5	0.00	0	

(15)(1100)	1.00	(37)5	(51)17	(30)1	(18)1	0.00	0	

(16)(1100)	1.00	(35)1	(39)1	(30)33	(18)2	0.00	0	

(17)(1100)	1.00	(37)28	(18)1	(46)1	0.00	46	

(18)(1100)	1.00	(79)10	(74)1	(18)3	(7)26	0.00	0	
max retalho: 5

(0)(1100)	1.00	(68)8	556.00	0	

(1)(1100)	1.00	(70)8	540.00	0	

(2)(1100)	1.00	(47)15	395.00	0	

(3)(1100)	1.00	(35)13	645.00	0	

(4)(1100)	1.00	(74)11	286.00	0	

(5)(1100)	1.00	(62)13	294.00	0	

(6)(1100)	1.00	(51)9	641.00	0	

(7)(1100)	1.00	(14)44	484.00	0	

(8)(1100)	1.00	(9)46	686.00	0	

(10)(1100)	1.00	(30)10	800.00	0	
max retalho: 5

(0)(1100)	1.00	(79)1	(37)5	(83)1	(72)2	(39)1	(41)3	(18)13	(46)4	29.00	184	
max retalho: 4

(0)(1000)	1.00	(58)1	(26)3	0	864	
Sobra Total: 1094.00
Perda Total: 5472.00

Total Barras Cortadas:
Barra (1000) : 23
Barra (1100) : 71
Barra (55) : 4
Barra (269) : 9
Barra (497) : 4

Retalhos Gerados:
Retalho (46) : 1
Retalho (46) : 4
Retalho (864) : 1

10 Soluções

Saida Arquivo/Entrada/Class3/D3d5.txt

Minimizar a Perda Total
max retalho: 5

(0)(1100)	14.00	(70)14	(37)1	(83)1	0.00	0	

(1)(1000)	11.00	(74)11	(62)3	0.00	0	

(2)(1100)	9.00	(70)1	(58)5	(74)10	0.00	0	

(3)(1100)	8.00	(68)14	(26)5	(18)1	0.00	0	

(4)(1100)	7.00	(47)21	(35)1	(26)3	0.00	0	

(5)(1000)	7.00	(35)11	(37)1	(72)8	2.00	0	

(6)(1100)	5.00	(79)13	(37)1	(18)2	0.00	0	

(7)(1100)	4.00	(37)1	(39)27	10.00	0	

(8)(1000)	3.00	(47)8	(72)2	(30)16	0.00	0	

(9)(1100)	4.00	(72)14	(46)2	0.00	92	

(10)(1100)	3.00	(26)25	(39)6	(18)12	0.00	0	

(11)(1000)	3.00	(37)16	(51)8	0.00	0	

(12)(1100)	2.00	(47)1	(83)9	(72)3	(30)3	0.00	0	

(13)(1000)	2.00	(14)2	(72)12	(62)1	(46)1	0.00	46	

(14)(1000)	1.00	(35)10	(72)9	2.00	0	

(15)(269)	2.00	(14)14	(72)1	1.00	0	

(16)(1100)	1.00	(37)1	(51)2	(41)23	(18)1	0.00	0	

(17)(1100)	1.00	(62)17	(46)1	0.00	46	

(18)(1100)	2.00	(18)58	(7)8	0.00	0	

(19)(1100)	1.00	(79)7	(74)1	(41)1	(18)1	(9)46	0.00	0	
max retalho: 5

(0)(1100)	1.00	(70)11	330.00	0	

(1)(1100)	1.00	(47)19	207.00	0	

(2)(1100)	1.00	(41)12	608.00	0	

(3)(1100)	1.00	(39)15	515.00	0	

(4)(1100)	1.00	(83)5	685.00	0	

(7)(1100)	1.00	(79)2	(35)8	(26)3	(14)11	(72)2	(62)3	(30)1	(7)10	0.00	0	
max retalho: 5

(0)(497)	1.00	(79)2	(68)4	(30)2	7.00	0	

(4)(55)	4.00	(30)1	25.00	0	
max retalho: 5

(0)(1000)	1.00	(14)1	(30)7	0	776	
Sobra Total: 1282.00
Perda Total: 2510.00

Total Barras Cortadas:
Barra (1000) : 28
Barra (1100) : 67
Barra (55) : 4
Barra (269) : 2
Barra (497) : 1

Retalhos Gerados:
Retalho (46) : 8
Retalho (46) : 2
Retalho (46) : 1
Retalho (776) : 1
