
4 Soluções

Saida Arquivo/Entrada/Class3/D3d7.txt

Minimizar a Perda Total
max retalho: 5

(0)(1100)	14.00	(70)3	(58)15	(5)4	0.00	0	

(1)(1100)	12.00	(23)1	(60)13	(27)11	0.00	0	

(2)(1100)	11.00	(67)16	(12)1	(16)1	0.00	0	

(3)(1100)	8.00	(70)1	(58)1	(5)2	(74)13	0.00	0	

(4)(1100)	8.00	(33)16	(26)22	0.00	0	

(5)(1000)	8.00	(33)1	(35)2	(49)17	(16)4	0.00	0	

(6)(1100)	8.00	(66)16	(12)1	(16)2	0.00	0	

(7)(1100)	6.00	(23)1	(70)15	(27)1	0.00	0	

(8)(1100)	5.00	(44)24	44.00	0	

(9)(125)	5.00	(5)25	0.00	0	

(10)(1100)	4.00	(77)13	(12)1	(60)1	(27)1	0.00	0	

(11)(112)	5.00	(26)4	8.00	0	

(12)(1000)	2.00	(35)24	(16)10	0.00	0	

(13)(1100)	2.00	(23)2	(60)1	(49)1	(27)35	0.00	0	

(14)(1100)	1.00	(35)2	(23)32	(49)6	0.00	0	

(15)(1100)	1.00	(12)4	(37)28	(16)1	0.00	0	

(16)(1000)	1.00	(33)8	(16)46	0.00	0	

(17)(1000)	1.00	(23)1	(81)7	(5)8	(74)5	0.00	0	

(18)(1000)	2.00	(56)17	(16)3	0.00	0	

(19)(125)	1.00	(23)1	(12)1	(37)2	(16)1	0.00	0	
max retalho: 5

(0)(353)	1.00	(35)1	(12)8	(74)3	0.00	0	

(1)(1100)	1.00	(77)5	(56)10	(44)1	(37)3	0.00	0	

(2)(112)	2.00	(16)7	0.00	0	

(3)(112)	1.00	(26)4	8.00	0	

(4)(1100)	1.00	(67)12	(37)6	(74)1	0.00	0	

(5)(1000)	1.00	(44)16	(37)4	(74)2	0.00	0	

(6)(1100)	1.00	(35)2	(23)30	(12)16	(74)2	0.00	0	

(8)(353)	1.00	(49)7	10.00	0	

(12)(1100)	1.00	(66)5	(33)9	(70)4	(37)1	(27)4	(16)3	0.00	0	

(15)(112)	1.00	(33)1	(49)1	(5)6	0.00	0	

(18)(353)	2.00	(77)2	(44)2	(37)3	0.00	0	
max retalho: 5

(0)(1100)	1.00	(12)42	596.00	0	

(1)(1100)	1.00	(35)20	400.00	0	

(2)(1100)	1.00	(60)6	740.00	0	

(4)(1100)	1.00	(77)2	(56)1	(33)4	(58)4	(49)4	(26)7	(74)2	0.00	0	

(10)(1100)	1.00	(16)16	844.00	0	
max retalho: 5

(0)(1100)	1.00	(67)2	(56)4	(37)5	(26)1	(45)10	81.00	450	
max retalho: 4

(1)(1000)	1.00	(67)1	(74)1	(45)10	(255)1	154.00	705	
max retalho: 3

(0)(353)	1.00	(44)1	0	309	
Sobra Total: 1464.00
Perda Total: 3093.00

Total Barras Cortadas:
Barra (1000) : 16
Barra (1100) : 90
Barra (125) : 6
Barra (353) : 5
Barra (112) : 9

Retalhos Gerados:
Retalho (45) : 10
Retalho (45) : 10
Retalho (255) : 1
Retalho (309) : 1

7 Soluções

Saida Arquivo/Entrada/Class3/D3d7.txt

Minimizar a Perda Total
max retalho: 5

(0)(1000)	13.00	(56)1	(58)16	(16)1	0.00	0	

(1)(1100)	13.00	(77)4	(49)9	(27)13	0.00	0	

(2)(1100)	12.00	(67)15	(23)2	(49)1	0.00	0	

(3)(1100)	9.00	(33)1	(35)1	(12)1	(60)17	0.00	0	

(4)(1100)	9.00	(23)1	(70)15	(27)1	0.00	0	

(5)(112)	9.00	(23)4	(5)3	5.00	0	

(6)(1100)	8.00	(66)15	(56)1	(27)2	0.00	0	

(7)(1100)	8.00	(70)1	(58)1	(5)2	(74)13	0.00	0	

(8)(1000)	6.00	(44)22	(26)1	(5)1	1.00	0	

(9)(125)	6.00	(5)25	0.00	0	

(10)(1000)	5.00	(33)24	(26)8	0.00	0	

(11)(353)	4.00	(33)1	(12)18	(26)4	0.00	0	

(12)(1000)	4.00	(44)2	(26)35	2.00	0	

(13)(1100)	2.00	(35)30	(12)2	(26)1	0.00	0	

(14)(1100)	2.00	(33)2	(26)1	(16)63	0.00	0	

(15)(1100)	2.00	(77)1	(49)2	(37)25	0.00	0	

(16)(1100)	1.00	(56)19	(35)1	1.00	0	

(17)(1100)	1.00	(77)1	(49)20	(27)1	(16)1	0.00	0	

(18)(1000)	1.00	(23)1	(81)7	(5)8	(74)5	0.00	0	

(21)(353)	1.00	(27)13	2.00	0	
max retalho: 5

(0)(1100)	1.00	(77)8	484.00	0	

(1)(1100)	1.00	(66)13	242.00	0	

(2)(1100)	1.00	(67)11	363.00	0	

(3)(1100)	1.00	(33)21	407.00	0	

(4)(1100)	1.00	(74)11	286.00	0	

(5)(1100)	1.00	(60)15	200.00	0	

(6)(1100)	1.00	(35)19	435.00	0	

(7)(1100)	1.00	(56)9	596.00	0	

(8)(1100)	1.00	(23)10	(58)3	(49)3	(37)5	(26)2	(27)8	(16)6	0.00	0	
max retalho: 5

(0)(1000)	1.00	(44)2	(23)6	(12)9	(70)1	(58)3	(16)20	(5)4	0	82	
Sobra Total: 82.00
Perda Total: 3075.00

Total Barras Cortadas:
Barra (1000) : 30
Barra (1100) : 76
Barra (125) : 6
Barra (353) : 5
Barra (112) : 9

Retalhos Gerados:
Retalho (82) : 1

10 Soluções

Saida Arquivo/Entrada/Class3/D3d7.txt

Minimizar a Perda Total
max retalho: 5

(0)(1100)	13.00	(70)2	(58)16	(27)1	(5)1	0.00	0	

(1)(1000)	10.00	(35)8	(60)12	0.00	0	

(2)(1100)	9.00	(67)16	(12)1	(16)1	0.00	0	

(3)(112)	9.00	(16)7	0.00	0	

(4)(1100)	8.00	(70)1	(58)1	(5)2	(74)13	0.00	0	

(5)(1100)	8.00	(66)16	(12)1	(16)2	0.00	0	

(6)(1100)	7.00	(12)1	(49)20	(27)4	0.00	0	

(7)(1100)	7.00	(23)1	(70)15	(27)1	0.00	0	

(8)(1100)	6.00	(33)26	(12)2	(26)1	(16)12	0.00	0	

(9)(125)	6.00	(5)25	0.00	0	

(10)(1100)	5.00	(77)11	(23)3	(49)1	(27)5	0.00	0	

(11)(1100)	5.00	(44)25	0.00	0	

(12)(1000)	5.00	(12)1	(26)38	0.00	0	

(13)(353)	5.00	(23)1	(60)1	(27)10	0.00	0	

(14)(1100)	4.00	(67)9	(37)13	(16)1	0.00	0	

(15)(1100)	2.00	(56)19	(12)3	0.00	0	

(16)(1100)	2.00	(44)1	(27)39	3.00	0	

(17)(1100)	2.00	(35)4	(60)16	0.00	0	

(18)(1000)	2.00	(33)1	(23)29	(60)5	0.00	0	

(19)(1000)	1.00	(23)1	(81)7	(5)8	(74)5	0.00	0	
max retalho: 5

(0)(1100)	1.00	(67)11	363.00	0	

(1)(1100)	1.00	(56)11	484.00	0	

(2)(1100)	1.00	(77)8	484.00	0	

(3)(1100)	1.00	(74)11	286.00	0	

(4)(1100)	1.00	(44)15	440.00	0	

(5)(1100)	1.00	(12)47	536.00	0	

(6)(1100)	1.00	(49)11	561.00	0	

(11)(1000)	1.00	(70)1	(58)6	(26)12	(27)10	0.00	0	
max retalho: 5

(0)(1100)	1.00	(66)5	(35)1	(70)4	(60)1	(37)3	(27)5	(16)2	(5)23	2.00	0	
max retalho: 5

(0)(1000)	1.00	(5)1	0	995	
Sobra Total: 995.00
Perda Total: 3162.00

Total Barras Cortadas:
Barra (1000) : 20
Barra (1100) : 86
Barra (125) : 6
Barra (353) : 5
Barra (112) : 9

Retalhos Gerados:
Retalho (995) : 1
