
4 Soluções

Saida Arquivo/Entrada/Class3/D3d8.txt

Minimizar a Perda Total
max retalho: 5

(0)(1100)	14.00	(9)1	(13)2	(71)15	0.00	0	

(1)(1100)	10.00	(30)1	(57)1	(45)22	(23)1	0.00	0	

(2)(1100)	10.00	(59)18	(38)1	0.00	0	

(3)(1000)	9.00	(32)2	(78)12	0.00	0	

(4)(1100)	9.00	(23)1	(24)2	(49)21	0.00	0	

(5)(1100)	7.00	(13)4	(61)17	11.00	0	

(6)(1100)	6.00	(57)19	(13)1	4.00	0	

(7)(301)	4.00	(30)2	(45)2	(23)6	(13)1	0.00	0	

(8)(1100)	4.00	(55)13	(34)1	(13)27	0.00	0	

(9)(1100)	4.00	(30)34	(57)1	(23)1	0.00	0	

(10)(1100)	4.00	(23)1	(24)28	(27)15	0.00	0	

(11)(1100)	4.00	(9)1	(38)28	(27)1	0.00	0	

(12)(1100)	3.00	(34)18	(61)8	0.00	0	

(13)(1100)	3.00	(32)7	(9)2	(78)11	0.00	0	

(14)(1100)	3.00	(9)1	(23)1	(82)13	2.00	0	

(15)(1000)	2.00	(57)4	(23)33	(13)1	0.00	0	

(16)(1100)	1.00	(55)17	(13)8	(61)1	0.00	0	

(17)(1100)	1.00	(23)1	(24)19	(27)23	0.00	0	

(18)(1000)	1.00	(66)13	(24)1	(59)2	0.00	0	

(19)(1000)	1.00	(9)87	(55)3	(13)4	0.00	0	

(20)(72)	6.00	(9)8	0.00	0	

(21)(1000)	1.00	(30)1	(20)40	(66)2	(38)1	0.00	0	
max retalho: 5

(0)(74)	3.00	(9)1	(57)1	8.00	0	

(1)(74)	1.00	(59)1	15.00	0	

(2)(74)	2.00	(9)2	(49)1	7.00	0	

(3)(1100)	1.00	(55)20	0.00	0	

(4)(1100)	1.00	(71)9	461.00	0	

(5)(1100)	1.00	(78)11	242.00	0	

(6)(1100)	1.00	(23)25	525.00	0	

(7)(1100)	1.00	(27)26	398.00	0	

(8)(1100)	1.00	(24)31	356.00	0	

(9)(1100)	1.00	(30)25	350.00	0	

(10)(1100)	1.00	(38)15	530.00	0	

(11)(1100)	1.00	(82)6	608.00	0	

(12)(1100)	1.00	(66)7	638.00	0	

(15)(1000)	1.00	(57)2	(34)12	(61)7	(49)1	2.00	0	
max retalho: 5

(0)(1100)	1.00	(32)5	(9)14	(55)3	(57)3	(45)2	(59)4	(49)3	5.00	0	

(1)(1100)	1.00	(13)29	723.00	0	
max retalho: 5

(0)(301)	1.00	(45)6	31.00	0	
Sobra Total: 0.00
Perda Total: 5029.00

Total Barras Cortadas:
Barra (1000) : 15
Barra (1100) : 95
Barra (72) : 6
Barra (301) : 5
Barra (74) : 6

Retalhos Gerados:

7 Soluções

Saida Arquivo/Entrada/Class3/D3d8.txt

Minimizar a Perda Total
max retalho: 5

(0)(1000)	14.00	(78)8	(13)6	(61)4	(27)2	0.00	0	

(1)(1000)	11.00	(57)11	(45)8	(13)1	0.00	0	

(2)(1100)	9.00	(59)18	(38)1	0.00	0	

(3)(1100)	9.00	(9)1	(13)2	(71)15	0.00	0	

(4)(1100)	8.00	(71)8	(38)14	0.00	0	

(5)(1100)	8.00	(23)1	(24)2	(49)21	0.00	0	

(6)(1100)	6.00	(45)21	(13)1	(61)1	(27)3	0.00	0	

(7)(74)	6.00	(23)1	(24)1	(27)1	0.00	0	

(8)(72)	6.00	(24)3	0.00	0	

(9)(1100)	5.00	(30)31	(34)5	0.00	0	

(10)(1100)	5.00	(55)1	(13)10	(61)15	0.00	0	

(11)(301)	5.00	(13)6	(61)1	(27)6	0.00	0	

(12)(1100)	4.00	(55)20	0.00	0	

(13)(1100)	3.00	(9)15	(57)2	(23)37	0.00	0	

(14)(1100)	3.00	(78)11	(13)2	(27)8	0.00	0	

(15)(1100)	3.00	(9)5	(23)1	(24)43	0.00	0	

(16)(1000)	1.00	(66)11	(59)4	(38)1	0.00	0	

(17)(1000)	1.00	(32)2	(9)66	(57)6	0.00	0	

(18)(1100)	1.00	(32)1	(9)4	(34)29	(23)2	0.00	0	

(19)(1000)	4.00	(82)11	(49)2	0.00	0	

(20)(1000)	1.00	(32)30	(13)1	(27)1	0.00	0	

(21)(1000)	1.00	(30)1	(20)40	(66)2	(38)1	0.00	0	
max retalho: 5

(0)(1100)	1.00	(71)15	35.00	0	

(1)(1100)	1.00	(59)18	38.00	0	

(2)(1100)	1.00	(45)22	110.00	0	

(3)(1100)	1.00	(49)19	169.00	0	

(4)(1100)	1.00	(30)24	380.00	0	

(5)(1100)	1.00	(57)11	473.00	0	

(6)(1100)	1.00	(66)9	506.00	0	

(7)(1100)	1.00	(38)15	530.00	0	

(8)(1100)	1.00	(34)16	556.00	0	

(9)(1100)	1.00	(61)9	551.00	0	

(10)(1100)	1.00	(55)10	550.00	0	

(12)(1100)	1.00	(78)7	554.00	0	
max retalho: 5

(0)(1100)	1.00	(32)4	(23)3	(24)12	(13)11	(82)1	(71)3	(59)3	0.00	0	

(2)(1100)	1.00	(9)44	704.00	0	
max retalho: 5

(0)(1000)	1.00	(32)7	(23)13	(71)2	(27)6	0	173	
Sobra Total: 173.00
Perda Total: 5156.00

Total Barras Cortadas:
Barra (1000) : 34
Barra (1100) : 78
Barra (72) : 6
Barra (301) : 5
Barra (74) : 6

Retalhos Gerados:
Retalho (173) : 1

10 Soluções

Saida Arquivo/Entrada/Class3/D3d8.txt

Minimizar a Perda Total
max retalho: 5

(0)(1000)	11.00	(55)1	(45)21	0.00	0	

(1)(1000)	10.00	(23)3	(49)19	0.00	0	

(2)(1100)	10.00	(59)18	(38)1	0.00	0	

(3)(1100)	10.00	(9)1	(13)2	(71)15	0.00	0	

(4)(1100)	8.00	(71)8	(38)14	0.00	0	

(5)(1000)	9.00	(78)10	(55)4	0.00	0	

(6)(1100)	7.00	(9)19	(78)8	(61)5	0.00	0	

(7)(1000)	7.00	(32)4	(9)1	(57)14	(13)5	0.00	0	

(8)(1100)	6.00	(30)2	(23)16	(24)28	0.00	0	

(9)(74)	5.00	(32)2	10.00	0	

(10)(1100)	5.00	(30)28	(32)1	(57)4	0.00	0	

(11)(1100)	4.00	(55)10	(61)9	1.00	0	

(12)(1000)	5.00	(23)1	(61)16	1.00	0	

(13)(1100)	3.00	(30)3	(13)2	(82)12	0.00	0	

(14)(1100)	3.00	(9)1	(34)21	(13)29	0.00	0	

(15)(1000)	1.00	(66)11	(59)4	(38)1	0.00	0	

(16)(1100)	1.00	(57)18	(23)1	(49)1	2.00	0	

(17)(1100)	1.00	(9)11	(78)3	(13)59	0.00	0	

(18)(1100)	2.00	(34)1	(13)1	(27)39	0.00	0	

(19)(1000)	1.00	(30)1	(20)40	(66)2	(38)1	0.00	0	
max retalho: 5

(0)(72)	3.00	(59)1	13.00	0	

(1)(72)	1.00	(49)1	23.00	0	

(2)(301)	1.00	(23)12	(24)1	1.00	0	

(3)(301)	1.00	(55)5	(24)1	2.00	0	

(4)(1100)	1.00	(82)9	362.00	0	

(5)(301)	1.00	(45)5	(38)2	0.00	0	

(6)(1100)	1.00	(27)35	155.00	0	

(7)(1100)	1.00	(57)8	644.00	0	

(8)(72)	1.00	(13)5	7.00	0	

(9)(1100)	1.00	(66)9	506.00	0	

(10)(1100)	1.00	(30)18	560.00	0	

(16)(72)	1.00	(34)2	4.00	0	

(19)(74)	1.00	(34)2	6.00	0	
max retalho: 5

(0)(301)	1.00	(71)4	17.00	0	

(1)(1100)	1.00	(78)3	(23)2	(49)3	(38)12	(43)4	45.00	172	
max retalho: 4

(1)(1000)	1.00	(9)19	(55)3	(34)1	(24)11	(71)1	(43)1	(252)1	0.00	295	
max retalho: 3

(0)(301)	1.00	(32)1	(13)3	0	230	
Sobra Total: 697.00
Perda Total: 2432.00

Total Barras Cortadas:
Barra (1000) : 45
Barra (1100) : 66
Barra (72) : 6
Barra (301) : 5
Barra (74) : 6

Retalhos Gerados:
Retalho (43) : 4
Retalho (43) : 1
Retalho (252) : 1
Retalho (230) : 1
