
4 Soluções

Saida Arquivo/Entrada/Class3/D3d9.txt

Minimizar a Perda Total
max retalho: 5

(0)(1000)	21.00	(54)4	(23)1	(14)1	(83)9	0.00	0	

(1)(1100)	16.00	(46)4	(25)1	(81)11	0.00	0	

(2)(1100)	8.00	(63)2	(56)10	(46)9	0.00	0	

(3)(1100)	8.00	(56)1	(58)18	0.00	0	

(4)(1100)	8.00	(75)1	(19)1	(79)12	(58)1	0.00	0	

(5)(349)	6.00	(31)9	(21)1	(35)1	(14)1	0.00	0	

(6)(1100)	6.00	(52)5	(21)34	(14)9	0.00	0	

(7)(1100)	3.00	(75)13	(21)1	(23)1	(81)1	0.00	0	

(8)(1000)	3.00	(63)6	(19)1	(67)9	0.00	0	

(9)(1000)	3.00	(52)12	(25)15	1.00	0	

(10)(349)	3.00	(54)1	(19)1	(46)6	0.00	0	

(11)(1100)	2.00	(31)26	(35)8	(14)1	0.00	0	

(12)(1100)	2.00	(54)15	(23)12	(14)1	0.00	0	

(13)(1100)	2.00	(31)2	(19)5	(23)41	0.00	0	

(14)(1100)	2.00	(19)45	(35)7	0.00	0	

(15)(1100)	1.00	(42)25	(25)2	0.00	0	

(16)(1100)	1.00	(19)3	(10)59	(79)5	(58)1	0.00	0	

(17)(1100)	1.00	(25)44	0.00	0	

(20)(1000)	2.00	(67)14	(14)4	6.00	0	
max retalho: 5

(0)(123)	1.00	(54)2	(14)1	1.00	0	

(1)(1100)	1.00	(81)9	371.00	0	

(2)(1100)	1.00	(58)7	694.00	0	

(3)(1100)	1.00	(56)7	708.00	0	

(4)(1100)	1.00	(31)24	356.00	0	

(6)(1100)	1.00	(75)4	800.00	0	

(7)(1100)	1.00	(46)5	870.00	0	

(8)(123)	1.00	(19)1	(67)1	(23)1	(14)1	0.00	0	

(9)(1100)	1.00	(83)4	768.00	0	
max retalho: 5

(1)(135)	1.00	(52)2	(21)1	10.00	0	

(2)(1100)	1.00	(14)44	484.00	0	

(10)(123)	1.00	(54)1	(23)3	0.00	0	
max retalho: 5

(0)(1000)	1.00	(63)3	(52)2	(19)1	(21)7	(79)1	(67)1	(35)4	(23)1	(46)5	2.00	230	
max retalho: 4

(0)(1000)	1.00	(46)10	0	540	
Sobra Total: 770.00
Perda Total: 5079.00

Total Barras Cortadas:
Barra (1000) : 31
Barra (1100) : 68
Barra (135) : 1
Barra (349) : 9
Barra (123) : 3

Retalhos Gerados:
Retalho (46) : 5
Retalho (540) : 1

7 Soluções

Saida Arquivo/Entrada/Class3/D3d9.txt

Minimizar a Perda Total
max retalho: 5

(19)(1100)	1.00	(14)78	8.00	0	

(20)(1100)	1.00	(35)31	15.00	0	

(21)(135)	5.00	(56)2	(23)1	0.00	0	

(22)(1100)	1.00	(19)3	(10)59	(79)5	(58)1	0.00	0	

(23)(1100)	1.00	(21)2	(46)23	0.00	1058	
max retalho: 4

(0)(1100)	15.00	(19)2	(67)1	(23)1	(81)12	0.00	0	

(1)(1000)	14.00	(54)4	(19)1	(23)8	(83)7	0.00	0	

(2)(1100)	9.00	(54)5	(83)10	0.00	0	

(3)(349)	9.00	(79)4	(25)1	8.00	0	

(4)(1100)	8.00	(31)1	(58)18	(25)1	0.00	0	

(5)(1100)	6.00	(42)4	(19)1	(79)5	(58)1	(46)10	0.00	460	

(6)(1100)	4.00	(54)1	(19)2	(56)18	0.00	0	

(7)(1100)	5.00	(52)1	(31)25	(21)13	0.00	0	

(8)(1000)	4.00	(75)12	(25)4	0.00	0	

(9)(123)	4.00	(35)2	(14)3	11.00	0	

(10)(1100)	3.00	(52)16	(21)8	(25)4	0.00	0	

(11)(1000)	3.00	(52)1	(21)38	(25)6	0.00	0	

(12)(1100)	2.00	(67)16	(25)1	3.00	0	

(13)(1100)	2.00	(63)16	(67)1	(25)1	0.00	0	

(14)(1100)	1.00	(79)13	(23)1	(25)2	0.00	0	

(15)(1000)	2.00	(79)8	(46)8	0.00	0	

(17)(1100)	1.00	(54)14	(19)17	(21)1	0.00	0	

(20)(1100)	5.00	(21)2	(46)23	0.00	1058	
max retalho: 2

(0)(1100)	6.00	(46)23	42.00	0	

(1)(1100)	1.00	(52)14	372.00	0	

(2)(1100)	1.00	(81)8	452.00	0	

(3)(1100)	1.00	(56)13	372.00	0	

(4)(1100)	1.00	(25)38	150.00	0	

(5)(1100)	1.00	(19)41	321.00	0	

(6)(1100)	1.00	(14)49	414.00	0	

(7)(1100)	1.00	(67)8	564.00	0	

(8)(1100)	1.00	(58)9	578.00	0	
max retalho: 2

(0)(1100)	1.00	(46)5	870.00	0	

(1)(1100)	1.00	(63)4	(21)5	(79)2	(23)1	(83)4	(46)5	0.00	230	
max retalho: 1

(0)(1000)	1.00	(75)3	(63)1	(54)1	(42)1	(31)1	(35)1	(23)1	(83)1	0	444	
Sobra Total: 9782.00
Perda Total: 4490.00

Total Barras Cortadas:
Barra (1000) : 24
Barra (1100) : 81
Barra (135) : 5
Barra (349) : 9
Barra (123) : 4

Retalhos Gerados:
Retalho (46) : 23
Retalho (46) : 60
Retalho (46) : 115
Retalho (46) : 5
Retalho (444) : 1

10 Soluções

Saida Arquivo/Entrada/Class3/D3d9.txt

Minimizar a Perda Total
max retalho: 5

(10)(1100)	3.00	(31)33	(35)1	(14)3	0.00	0	

(11)(1100)	2.00	(25)43	25.00	0	

(12)(1000)	3.00	(19)3	(23)41	0.00	0	

(13)(1100)	2.00	(31)8	(19)43	(35)1	0.00	0	

(14)(1100)	1.00	(63)16	(54)1	(19)2	0.00	0	

(15)(1000)	1.00	(42)22	(23)1	(25)1	(14)2	0.00	0	

(16)(1000)	2.00	(63)6	(19)1	(67)9	0.00	0	

(17)(1100)	1.00	(19)3	(10)59	(79)5	(58)1	0.00	0	

(18)(1100)	1.00	(31)5	(21)1	(35)26	(14)1	0.00	0	

(19)(1100)	3.00	(54)18	(35)3	(23)1	0.00	0	

(20)(1100)	1.00	(52)20	(14)1	(46)1	0.00	46	
max retalho: 5

(0)(1000)	14.00	(52)3	(14)1	(83)10	0.00	0	

(1)(1100)	13.00	(21)1	(56)6	(14)1	(81)9	0.00	0	

(2)(1000)	8.00	(75)6	(58)9	(14)2	0.00	0	

(3)(1100)	6.00	(54)1	(21)1	(67)2	(81)11	0.00	0	

(4)(1100)	6.00	(14)6	(46)22	4.00	1012	

(5)(1100)	4.00	(58)18	(14)4	0.00	0	

(6)(1100)	4.00	(52)2	(83)12	0.00	0	

(7)(1100)	3.00	(21)51	(14)2	1.00	0	

(8)(1000)	2.00	(54)18	(14)2	0.00	0	

(9)(1100)	2.00	(54)3	(21)1	(67)11	(14)1	(83)2	0.00	0	

(10)(1000)	1.00	(75)1	(63)1	(19)17	(79)1	(46)10	0.00	460	

(11)(1100)	1.00	(42)3	(21)1	(79)1	(46)19	0.00	874	

(12)(1100)	1.00	(21)1	(56)6	(25)20	(81)3	0.00	0	

(14)(1100)	1.00	(31)14	(79)3	(58)6	(81)1	0.00	0	

(18)(1100)	7.00	(79)13	(56)1	(14)1	3.00	0	
max retalho: 2

(0)(1100)	6.00	(46)23	42.00	0	

(1)(349)	3.00	(54)5	(21)1	(58)1	0.00	0	

(2)(135)	2.00	(67)2	1.00	0	

(3)(123)	1.00	(21)2	(81)1	0.00	0	

(4)(135)	1.00	(21)2	(79)1	(14)1	0.00	0	

(6)(1100)	1.00	(63)8	596.00	0	

(9)(123)	1.00	(21)1	(56)1	(23)2	0.00	0	

(10)(135)	1.00	(75)1	(23)2	(14)1	0.00	0	

(11)(123)	1.00	(54)1	(23)3	0.00	0	
max retalho: 2

(0)(1000)	1.00	(75)1	(21)12	(58)6	(14)10	(46)4	1.00	184	

(5)(123)	1.00	(54)1	(23)1	(46)1	0.00	46	

(8)(135)	1.00	(21)1	(67)1	(46)1	1.00	46	
max retalho: 1

(0)(349)	2.00	(21)10	(46)3	1.00	0	

(1)(1100)	1.00	(46)1	(83)1	(46)21	5.00	966	

(2)(349)	1.00	(21)2	(56)3	(46)3	1.00	0	
max retalho: 0
max retalho: 0
max retalho: 0
max retalho: 0
max retalho: 0
max retalho: 0
max retalho: 0
max retalho: 0
max retalho: 0
max retalho: 0
max retalho: 0
max retalho: 0
max retalho: 0
max retalho: 0
max retalho: 0
max retalho: 0
max retalho: 0
max retalho: 0
max retalho: 0
max retalho: 0
max retalho: 0
max retalho: 0
max retalho: 0
max retalho: 0
max retalho: 0
max retalho: 0
max retalho: 0
max retalho: 0
max retalho: 0
max retalho: 0
max retalho: 0
max retalho: 0
max retalho: 0
max retalho: 0
max retalho: 0
max retalho: 0
max retalho: 0
max retalho: 0
max retalho: 0
max retalho: 0
max retalho: 0
max retalho: 0
max retalho: 0
max retalho: 0
max retalho: 0
max retalho: 0
max retalho: 0
max retalho: 0
max retalho: 0
max retalho: 0
max retalho: 0
max retalho: 0
max retalho: 0
max retalho: 0
max retalho: 0
max retalho: 0
max retalho: 0
max retalho: 0
max retalho: 0
max retalho: 0
max retalho: 0
max retalho: 0
max retalho: 0
max retalho: 0
max retalho: 0
max retalho: 0
max retalho: 0
max retalho: 0
max retalho: 0
max retalho: 0
max retalho: 0
max retalho: 0
max retalho: 0
max retalho: 0
max retalho: 0
max retalho: 0
max retalho: 0
max retalho: 0
max retalho: 0
max retalho: 0
max retalho: 0
max retalho: 0
max retalho: 0
max retalho: 0
max retalho: 0
max retalho: 0
max retalho: 0
max retalho: 0
max retalho: 0
max retalho: 0
max retalho: 0
max retalho: 0
max retalho: 0
max retalho: 0
max retalho: 0
