
4 Soluções

Saida Arquivo/Entrada/Class5/D5d12.txt

Minimizar a Perda Total
max retalho: 5

(0)(1100)	8.00	(82)8	(71)6	(18)1	0.00	0	

(1)(1100)	5.00	(64)16	76.00	0	

(2)(1100)	5.00	(46)11	(66)9	0.00	0	

(3)(1100)	5.00	(70)1	(74)7	(69)7	(29)1	0.00	0	

(4)(1000)	5.00	(39)6	(28)19	(78)3	0.00	0	

(5)(116)	4.00	(5)1	(7)15	(6)1	0.00	0	

(6)(1100)	4.00	(72)1	(67)14	(36)1	(27)2	0.00	0	

(7)(1100)	4.00	(17)1	(36)20	(60)2	(27)9	0.00	0	

(8)(1000)	4.00	(17)1	(57)4	(35)1	(60)12	0.00	0	

(9)(1000)	3.00	(17)6	(35)22	(64)2	0.00	0	

(10)(1000)	3.00	(72)1	(49)15	(83)2	(27)1	0.00	0	

(11)(1100)	3.00	(72)10	(17)1	(36)6	(60)2	(27)1	0.00	0	

(12)(1000)	3.00	(25)1	(75)13	0.00	0	

(13)(1000)	3.00	(72)3	(83)8	(60)2	0.00	0	

(14)(1000)	3.00	(63)8	(67)7	(27)1	0.00	0	

(15)(1000)	2.00	(39)25	(18)1	7.00	0	

(16)(1100)	2.00	(39)1	(57)18	(35)1	0.00	0	

(17)(1000)	2.00	(38)2	(46)17	(71)2	0.00	0	

(18)(1100)	2.00	(25)43	25.00	0	

(19)(1100)	2.00	(38)28	(36)1	0.00	0	

(20)(1100)	1.00	(78)13	(25)2	(18)2	0.00	0	

(21)(1100)	1.00	(70)10	(25)1	(75)5	0.00	0	

(22)(1100)	1.00	(61)7	(25)1	(18)36	0.00	0	

(23)(1100)	1.00	(30)16	(9)1	(13)47	0.00	0	

(24)(1100)	1.00	(28)1	(17)48	(64)4	0.00	0	

(25)(330)	1.00	(9)2	(50)6	(6)2	0.00	0	

(26)(1000)	1.00	(65)8	(6)80	0.00	0	

(29)(1100)	1.00	(42)16	(9)1	(13)1	(29)14	0.00	0	

(31)(116)	1.00	(61)1	(27)2	1.00	0	

(32)(330)	1.00	(30)11	0.00	0	

(33)(1100)	1.00	(53)4	(32)18	(21)12	(6)10	0.00	0	

(38)(330)	3.00	(61)5	(6)2	13.00	0	

7 Soluções

Saida Arquivo/Entrada/Class5/D5d12.txt

Minimizar a Perda Total
max retalho: 5

(0)(1000)	8.00	(39)4	(28)5	(64)11	0.00	0	

(1)(1000)	8.00	(72)5	(17)2	(36)12	(60)2	(27)2	0.00	0	

(2)(1000)	6.00	(46)16	(66)4	0.00	0	

(3)(1100)	5.00	(82)10	(67)1	(71)3	0.00	0	

(4)(104)	4.00	(13)8	0.00	0	

(5)(1100)	4.00	(57)5	(35)1	(60)13	0.00	0	

(6)(1000)	3.00	(39)13	(78)6	(25)1	0.00	0	

(7)(1100)	3.00	(67)15	(35)1	(60)1	0.00	0	

(8)(1100)	3.00	(82)2	(17)1	(67)1	(71)12	0.00	0	

(9)(116)	3.00	(18)6	8.00	0	

(10)(1000)	3.00	(25)1	(75)13	0.00	0	

(11)(1000)	3.00	(63)8	(67)7	(27)1	0.00	0	

(12)(1100)	3.00	(39)4	(28)17	(78)6	0.00	0	

(13)(1100)	2.00	(49)18	(83)1	(27)5	0.00	0	

(14)(1100)	3.00	(36)3	(83)10	(27)6	0.00	0	

(15)(1100)	2.00	(38)1	(69)15	(27)1	0.00	0	

(16)(1000)	2.00	(38)1	(74)13	0.00	0	

(17)(116)	3.00	(29)4	0.00	0	

(18)(1100)	2.00	(61)9	(25)22	1.00	0	

(19)(1100)	2.00	(17)6	(35)28	(18)1	0.00	0	

(20)(1100)	2.00	(39)1	(57)18	(35)1	0.00	0	

(21)(1000)	2.00	(70)10	(75)4	0.00	0	

(22)(330)	2.00	(18)18	(6)1	0.00	0	

(23)(1100)	2.00	(38)28	(36)1	0.00	0	

(24)(330)	2.00	(25)11	(18)3	1.00	0	

(25)(1100)	1.00	(46)2	(18)1	(66)15	0.00	0	

(26)(1100)	1.00	(42)16	(9)1	(13)1	(29)14	0.00	0	

(27)(1100)	1.00	(28)1	(17)48	(64)4	0.00	0	

(28)(1100)	1.00	(17)1	(5)115	(7)70	(6)3	0.00	0	

(29)(1100)	1.00	(53)4	(32)18	(21)12	(6)10	0.00	0	

(30)(330)	1.00	(9)2	(50)6	(6)2	0.00	0	

(32)(1100)	1.00	(65)10	(6)75	0.00	0	
max retalho: 5

(0)(1100)	1.00	(70)1	(38)2	(28)4	(17)9	(63)1	(65)1	(42)2	(46)1	(36)4	(29)1	(18)7	(6)22	0.00	0	

(1)(1100)	1.00	(72)11	308.00	0	

(2)(1100)	1.00	(61)6	734.00	0	

(3)(1100)	1.00	(49)17	267.00	0	

(4)(1100)	1.00	(82)8	444.00	0	

(5)(1100)	1.00	(39)17	437.00	0	

(6)(1100)	1.00	(74)10	360.00	0	

(7)(1100)	1.00	(30)30	200.00	0	

(8)(1100)	1.00	(21)17	743.00	0	

(9)(1100)	1.00	(9)108	128.00	0	

(10)(1100)	1.00	(67)10	430.00	0	

(11)(1100)	1.00	(69)13	203.00	0	

(12)(1100)	1.00	(57)8	644.00	0	

(13)(1100)	1.00	(35)20	400.00	0	

(14)(1100)	1.00	(25)35	225.00	0	

(15)(1100)	1.00	(13)36	632.00	0	

(16)(1100)	1.00	(71)6	674.00	0	

(17)(1100)	1.00	(27)20	560.00	0	

(18)(1100)	1.00	(64)6	716.00	0	

(19)(1100)	1.00	(66)7	638.00	0	

(20)(1100)	1.00	(78)4	788.00	0	

(21)(1100)	1.00	(75)3	875.00	0	
max retalho: 5

(0)(1000)	1.00	(70)2	(17)2	(36)1	(6)1	0	784	
Sobra Total: 784.00
Perda Total: 10434.00

Total Barras Cortadas:
Barra (1000) : 36
Barra (1100) : 61
Barra (116) : 6
Barra (330) : 5
Barra (104) : 4

Retalhos Gerados:
Retalho (784) : 1

10 Soluções

Saida Arquivo/Entrada/Class5/D5d12.txt

Minimizar a Perda Total
max retalho: 5

(0)(1000)	7.00	(17)4	(18)2	(64)14	0.00	0	

(1)(1000)	6.00	(72)2	(17)2	(36)18	(60)2	(27)2	0.00	0	

(2)(1000)	6.00	(46)16	(66)4	0.00	0	

(3)(116)	6.00	(72)1	(28)1	(9)1	7.00	0	

(4)(1000)	5.00	(39)18	(28)10	(18)1	0.00	0	

(5)(1000)	5.00	(82)2	(38)11	(63)1	(71)5	0.00	0	

(6)(1100)	5.00	(82)10	(67)1	(71)3	0.00	0	

(7)(1000)	5.00	(49)4	(67)12	0.00	0	

(8)(330)	4.00	(72)4	(28)1	14.00	0	

(9)(104)	3.00	(72)1	(28)1	4.00	0	

(10)(1000)	3.00	(72)3	(83)8	(60)2	0.00	0	

(11)(1000)	3.00	(25)1	(75)13	0.00	0	

(12)(1100)	3.00	(39)1	(57)18	(35)1	0.00	0	

(13)(1100)	3.00	(57)1	(35)1	(60)15	(27)4	0.00	0	

(14)(1100)	2.00	(38)1	(69)15	(27)1	0.00	0	

(15)(1100)	2.00	(17)6	(35)28	(18)1	0.00	0	

(16)(1000)	2.00	(38)1	(74)13	0.00	0	

(17)(1100)	2.00	(63)8	(67)8	(60)1	0.00	0	

(18)(1000)	2.00	(72)1	(28)1	(25)36	0.00	0	

(19)(1100)	2.00	(61)1	(78)13	(25)1	0.00	0	

(20)(1100)	2.00	(49)16	(36)1	(83)2	(60)1	(27)2	0.00	0	

(21)(1100)	1.00	(70)12	(17)1	(18)1	(75)3	0.00	0	

(22)(1100)	1.00	(46)2	(18)1	(66)15	0.00	0	

(23)(1100)	1.00	(30)16	(9)1	(13)47	0.00	0	

(24)(1100)	1.00	(82)2	(17)1	(67)1	(71)12	0.00	0	

(25)(1100)	1.00	(28)17	(78)8	0.00	0	

(26)(1100)	1.00	(61)7	(25)1	(18)36	0.00	0	

(27)(1000)	1.00	(61)12	(25)10	(18)1	0.00	0	

(28)(1100)	1.00	(42)16	(9)1	(13)1	(29)14	0.00	0	

(29)(1000)	1.00	(28)1	(27)36	0.00	0	

(30)(330)	1.00	(9)2	(50)6	(6)2	0.00	0	

(31)(1100)	1.00	(53)4	(32)18	(21)14	(18)1	0.00	0	

(32)(1100)	1.00	(17)1	(5)115	(7)70	(6)3	0.00	0	

(33)(1100)	1.00	(65)10	(6)75	0.00	0	
max retalho: 5

(0)(1100)	1.00	(70)11	330.00	0	

(1)(1100)	1.00	(17)36	488.00	0	

(2)(1100)	1.00	(74)10	360.00	0	

(3)(1100)	1.00	(30)14	680.00	0	

(4)(1100)	1.00	(78)6	632.00	0	

(5)(1100)	1.00	(69)13	203.00	0	

(6)(1100)	1.00	(57)7	701.00	0	

(7)(1100)	1.00	(35)23	295.00	0	

(8)(1100)	1.00	(25)19	625.00	0	

(9)(1100)	1.00	(83)4	768.00	0	

(10)(1100)	1.00	(71)5	745.00	0	

(11)(1100)	1.00	(29)13	723.00	0	

(12)(1100)	1.00	(75)8	500.00	0	

(13)(1100)	1.00	(66)7	638.00	0	

(14)(1100)	1.00	(9)101	191.00	0	

(15)(1100)	1.00	(28)13	736.00	0	

(16)(1100)	1.00	(39)9	749.00	0	

(17)(1100)	1.00	(21)15	785.00	0	

(18)(1100)	1.00	(63)4	848.00	0	

(19)(1100)	1.00	(13)21	827.00	0	

(20)(1100)	1.00	(60)4	860.00	0	

(28)(1100)	1.00	(72)3	884.00	0	
max retalho: 5

(0)(1100)	1.00	(82)2	(61)3	(49)1	(38)3	(65)1	(42)2	(67)2	(46)1	(36)2	(27)3	(18)5	(6)3	0.00	0	
max retalho: 5

(0)(1000)	1.00	(18)4	(6)32	0	736	
Sobra Total: 736.00
Perda Total: 13678.00

Total Barras Cortadas:
Barra (1000) : 47
Barra (1100) : 54
Barra (116) : 6
Barra (330) : 5
Barra (104) : 3

Retalhos Gerados:
Retalho (736) : 1
