
4 Soluções

Saida Arquivo/Entrada/Class5/D5d13.txt

Minimizar a Perda Total
max retalho: 5

(0)(64)	9.00	(55)1	9.00	0	

(1)(1000)	7.00	(58)14	(62)2	(53)1	(11)1	0.00	0	

(2)(1000)	6.00	(30)4	(36)6	(83)8	0.00	0	

(3)(1100)	6.00	(55)1	(44)2	(25)1	(50)2	(52)16	0.00	0	

(4)(1100)	5.00	(58)1	(65)1	(80)1	(69)13	0.00	0	

(5)(1100)	4.00	(57)15	(35)7	0.00	0	

(6)(1000)	4.00	(30)1	(76)5	(59)10	0.00	0	

(7)(76)	4.00	(25)1	(50)1	1.00	0	

(8)(1100)	3.00	(79)12	(58)1	(47)2	0.00	0	

(9)(1000)	3.00	(35)24	(32)5	0.00	0	

(10)(1100)	3.00	(30)1	(65)14	(80)2	0.00	0	

(11)(1100)	2.00	(51)16	(23)1	(29)9	0.00	0	

(12)(1100)	2.00	(76)14	(11)1	(25)1	0.00	0	

(13)(305)	2.00	(65)1	(21)1	(73)3	0.00	0	

(14)(1100)	2.00	(57)2	(32)1	(23)41	(11)1	0.00	0	

(15)(1000)	2.00	(68)2	(32)27	0.00	0	

(16)(1100)	2.00	(76)1	(53)18	(11)1	(59)1	0.00	0	

(17)(1100)	2.00	(58)1	(62)1	(65)4	(80)9	0.00	0	

(18)(1100)	2.00	(55)20	0.00	0	

(19)(76)	2.00	(24)2	(27)1	1.00	0	

(20)(1100)	1.00	(24)5	(14)1	(21)46	0.00	0	

(21)(1100)	1.00	(30)2	(83)1	(29)33	0.00	0	

(22)(1000)	1.00	(62)13	(53)2	(59)1	(29)1	0.00	0	

(23)(1100)	1.00	(28)30	(52)5	0.00	0	

(24)(1000)	1.00	(47)11	(69)7	0.00	0	

(25)(305)	1.00	(15)20	5.00	0	

(26)(305)	1.00	(55)1	(25)4	(50)3	0.00	0	

(27)(1100)	1.00	(68)11	(32)11	0.00	0	

(28)(1000)	1.00	(11)1	(48)13	(73)5	0.00	0	

(29)(1100)	1.00	(30)29	(23)10	0.00	0	

(30)(1100)	1.00	(72)13	(30)1	(65)1	(69)1	0.00	0	

(32)(1100)	1.00	(26)6	(55)2	(44)11	(50)7	0.00	0	

(33)(1100)	1.00	(61)8	(7)77	(48)1	(25)1	0.00	0	

(34)(1000)	1.00	(30)21	(23)2	(36)9	0.00	0	

(39)(305)	1.00	(21)14	(11)1	0.00	0	
max retalho: 5

(0)(1100)	1.00	(79)8	468.00	0	

(1)(1100)	1.00	(68)2	(24)4	(14)2	(30)1	(53)1	(44)2	(32)1	(23)5	(80)1	(48)3	(36)3	(27)1	(15)6	(73)1	0.00	0	

(2)(1100)	1.00	(57)12	416.00	0	

(3)(1100)	1.00	(58)4	868.00	0	

(4)(1100)	1.00	(47)5	865.00	0	

(5)(1100)	1.00	(35)16	540.00	0	

(6)(1100)	1.00	(61)5	795.00	0	

(7)(1100)	1.00	(62)5	790.00	0	

(8)(1100)	1.00	(51)8	692.00	0	

(9)(1100)	1.00	(40)10	700.00	0	

(10)(1100)	1.00	(28)10	820.00	0	

(11)(1100)	1.00	(18)28	596.00	0	

(12)(1100)	1.00	(76)8	492.00	0	

(13)(1100)	1.00	(65)5	775.00	0	

(14)(1100)	1.00	(21)17	743.00	0	

(15)(1100)	1.00	(11)84	176.00	0	

(16)(1100)	1.00	(69)10	410.00	0	

(17)(1100)	1.00	(59)4	864.00	0	

(18)(1100)	1.00	(25)29	375.00	0	

(19)(1100)	1.00	(83)7	519.00	0	

(20)(1100)	1.00	(50)18	200.00	0	

(21)(1100)	1.00	(52)13	424.00	0	

(22)(1100)	1.00	(29)22	462.00	0	
max retalho: 5

(0)(1000)	1.00	(32)6	(23)2	(27)11	0	465	
Sobra Total: 465.00
Perda Total: 13082.00

Total Barras Cortadas:
Barra (1000) : 27
Barra (1100) : 64
Barra (76) : 6
Barra (305) : 5
Barra (64) : 9

Retalhos Gerados:
Retalho (465) : 1

7 Soluções

Saida Arquivo/Entrada/Class5/D5d13.txt

Minimizar a Perda Total
max retalho: 5

(0)(1000)	7.00	(58)1	(65)6	(69)8	0.00	0	

(1)(64)	7.00	(44)1	(11)1	9.00	0	

(2)(1000)	6.00	(30)4	(36)6	(83)8	0.00	0	

(3)(1100)	5.00	(58)15	(62)2	(53)2	0.00	0	

(4)(1000)	4.00	(55)1	(44)1	(25)9	(52)13	0.00	0	

(5)(1100)	4.00	(57)15	(35)7	0.00	0	

(6)(1000)	4.00	(30)1	(76)5	(59)10	0.00	0	

(7)(1100)	3.00	(79)12	(58)1	(47)2	0.00	0	

(8)(1100)	3.00	(55)10	(50)11	0.00	0	

(9)(1000)	3.00	(35)24	(32)5	0.00	0	

(10)(1000)	3.00	(51)3	(76)11	(11)1	0.00	0	

(11)(305)	3.00	(69)4	(29)1	0.00	0	

(12)(1100)	3.00	(58)3	(65)3	(11)1	(80)9	0.00	0	

(13)(76)	3.00	(24)2	(28)1	0.00	0	

(14)(76)	3.00	(26)2	(21)1	3.00	0	

(15)(1100)	2.00	(57)3	(32)1	(23)39	0.00	0	

(16)(1000)	2.00	(51)12	(11)1	(29)13	0.00	0	

(17)(1100)	2.00	(68)3	(32)27	(21)1	(11)1	0.00	0	

(18)(1100)	2.00	(28)15	(21)20	(52)5	0.00	0	

(19)(1100)	3.00	(55)1	(44)2	(25)1	(50)2	(52)16	0.00	0	

(20)(1000)	2.00	(62)11	(53)6	0.00	0	

(21)(1000)	1.00	(30)27	(23)2	(36)4	0.00	0	

(22)(305)	1.00	(18)16	17.00	0	

(23)(1000)	1.00	(53)14	(11)2	(59)4	0.00	0	

(24)(1000)	1.00	(58)2	(47)10	(69)6	0.00	0	

(25)(1100)	1.00	(30)4	(23)1	(29)33	0.00	0	

(26)(1100)	1.00	(61)11	(11)1	(25)1	(15)26	3.00	0	

(27)(1100)	1.00	(28)1	(11)2	(48)14	(27)14	0.00	0	

(31)(1000)	1.00	(28)1	(21)7	(11)75	0.00	0	

(32)(1100)	1.00	(47)3	(72)13	(23)1	0.00	0	

(37)(1100)	1.00	(55)20	0.00	0	

(40)(64)	1.00	(24)1	(14)2	(7)1	5.00	0	
max retalho: 5

(0)(1100)	1.00	(36)8	812.00	0	

(1)(1100)	1.00	(68)11	352.00	0	

(2)(1100)	1.00	(57)10	530.00	0	

(3)(1100)	1.00	(58)16	172.00	0	

(4)(1100)	1.00	(35)16	540.00	0	

(5)(1100)	1.00	(51)7	743.00	0	

(6)(1100)	1.00	(40)10	700.00	0	

(7)(1100)	1.00	(30)26	320.00	0	

(8)(1100)	1.00	(76)5	720.00	0	

(9)(1100)	1.00	(65)12	320.00	0	

(10)(1100)	1.00	(53)10	570.00	0	

(11)(1100)	1.00	(44)8	748.00	0	

(12)(1100)	1.00	(32)18	524.00	0	

(13)(1100)	1.00	(21)27	533.00	0	

(14)(1100)	1.00	(23)21	617.00	0	

(15)(1100)	1.00	(69)9	479.00	0	

(16)(1100)	1.00	(79)8	468.00	0	

(17)(1100)	1.00	(83)8	436.00	0	

(18)(1100)	1.00	(73)12	224.00	0	

(19)(1100)	1.00	(7)76	568.00	0	

(20)(1100)	1.00	(29)12	752.00	0	

(21)(1100)	1.00	(80)3	860.00	0	

(22)(1100)	1.00	(50)5	850.00	0	

(23)(1100)	1.00	(52)4	892.00	0	

(33)(1100)	1.00	(47)3	(24)6	(14)1	(61)2	(62)2	(28)4	(18)4	(55)1	(11)2	(48)3	(25)6	0.00	0	
max retalho: 5

(0)(1100)	1.00	(18)8	(59)3	(45)6	509.00	270	
max retalho: 4

(0)(1000)	1.00	(28)1	0	972	
Sobra Total: 1242.00
Perda Total: 14336.00

Total Barras Cortadas:
Barra (1000) : 36
Barra (1100) : 58
Barra (76) : 6
Barra (305) : 4
Barra (64) : 8

Retalhos Gerados:
Retalho (45) : 6
Retalho (972) : 1

10 Soluções

Saida Arquivo/Entrada/Class5/D5d13.txt

Minimizar a Perda Total
max retalho: 5

(0)(1100)	7.00	(58)15	(62)2	(53)2	0.00	0	

(1)(1100)	6.00	(30)5	(23)1	(36)5	(83)9	0.00	0	

(2)(1100)	5.00	(35)1	(30)1	(69)15	0.00	0	

(3)(1100)	5.00	(57)14	(35)8	(11)2	0.00	0	

(4)(64)	4.00	(7)7	(15)1	0.00	0	

(5)(1000)	4.00	(58)1	(65)14	(32)1	0.00	0	

(6)(1100)	4.00	(55)1	(44)2	(25)1	(50)2	(52)16	0.00	0	

(7)(64)	5.00	(26)1	(7)4	10.00	0	

(8)(1000)	4.00	(30)1	(76)5	(59)10	0.00	0	

(9)(1100)	3.00	(28)2	(21)20	(52)12	0.00	0	

(10)(1100)	3.00	(79)12	(58)1	(47)2	0.00	0	

(11)(1000)	3.00	(51)3	(76)10	(29)3	0.00	0	

(12)(1100)	3.00	(55)16	(44)5	0.00	0	

(13)(1000)	3.00	(68)1	(32)25	(11)12	0.00	0	

(14)(1000)	2.00	(57)3	(35)2	(23)33	0.00	0	

(15)(1000)	2.00	(51)12	(11)1	(29)13	0.00	0	

(16)(1100)	2.00	(30)2	(80)13	0.00	0	

(17)(1100)	2.00	(35)29	(32)2	(21)1	0.00	0	

(18)(305)	2.00	(32)1	(21)1	(36)7	0.00	0	

(19)(1000)	1.00	(25)22	(50)9	0.00	0	

(20)(1000)	1.00	(62)11	(53)6	0.00	0	

(21)(1100)	1.00	(76)3	(53)12	(59)4	0.00	0	

(22)(305)	1.00	(40)7	(18)1	(7)1	0.00	0	

(23)(1100)	1.00	(30)30	(23)4	(36)3	0.00	0	

(24)(1100)	1.00	(68)13	(32)4	(11)8	0.00	0	

(25)(1100)	1.00	(72)2	(11)1	(69)1	(73)12	0.00	0	

(26)(1100)	1.00	(30)2	(83)1	(29)33	0.00	0	

(27)(1000)	1.00	(28)34	(11)3	15.00	0	

(30)(1100)	1.00	(50)22	0.00	0	
max retalho: 5

(0)(76)	2.00	(18)1	(29)2	0.00	0	

(1)(76)	2.00	(7)9	(11)1	2.00	0	

(2)(1100)	1.00	(80)4	780.00	0	

(3)(1100)	1.00	(61)13	307.00	0	

(4)(1100)	1.00	(62)9	542.00	0	

(5)(1100)	1.00	(51)7	743.00	0	

(6)(1100)	1.00	(79)8	468.00	0	

(7)(1100)	1.00	(76)5	720.00	0	

(8)(1100)	1.00	(65)7	645.00	0	

(9)(1100)	1.00	(53)14	358.00	0	

(10)(1100)	1.00	(23)27	479.00	0	

(11)(1100)	1.00	(47)16	348.00	0	

(12)(1100)	1.00	(69)7	617.00	0	

(13)(1100)	1.00	(48)17	284.00	0	

(14)(1100)	1.00	(25)20	600.00	0	

(15)(1100)	1.00	(27)14	722.00	0	

(16)(1100)	1.00	(52)14	372.00	0	

(17)(1100)	1.00	(72)11	308.00	0	

(20)(1100)	1.00	(15)22	770.00	0	

(21)(1100)	1.00	(55)6	770.00	0	

(22)(1100)	1.00	(35)9	785.00	0	

(23)(1100)	1.00	(21)15	785.00	0	

(24)(305)	1.00	(24)1	(30)2	(44)1	(59)3	0.00	0	

(26)(76)	1.00	(26)1	(7)2	(36)1	0.00	0	

(33)(76)	1.00	(68)1	(7)1	1.00	0	
max retalho: 5

(0)(1100)	1.00	(11)37	693.00	0	

(2)(1100)	1.00	(18)25	650.00	0	

(9)(305)	1.00	(14)2	(30)5	(44)1	(83)1	0.00	0	
max retalho: 5

(0)(1000)	1.00	(24)12	(14)1	(40)3	(30)3	(7)7	(50)2	339.00	0	
max retalho: 5

(0)(1000)	1.00	(50)3	(29)2	0	792	
Sobra Total: 792.00
Perda Total: 13155.00

Total Barras Cortadas:
Barra (1000) : 23
Barra (1100) : 68
Barra (76) : 6
Barra (305) : 5
Barra (64) : 9

Retalhos Gerados:
Retalho (792) : 1
