
4 Soluções

Saida Arquivo/Entrada/Class5/D5d1.txt

Minimizar a Perda Total
max retalho: 5

(0)(1100)	11.00	(53)1	(81)7	(48)10	0.00	0	

(1)(101)	9.00	(25)4	1.00	0	

(2)(1100)	6.00	(82)2	(63)1	(21)1	(71)12	0.00	0	

(3)(1000)	6.00	(51)16	(23)8	0.00	0	

(4)(1100)	5.00	(21)2	(57)17	(25)1	(64)1	0.00	0	

(5)(1100)	5.00	(82)13	(5)3	(19)1	0.00	0	

(6)(1000)	4.00	(61)1	(28)1	(42)17	(21)7	(25)2	0.00	0	

(7)(1100)	4.00	(19)5	(67)15	0.00	0	

(8)(114)	5.00	(61)1	(28)1	(25)1	0.00	0	

(9)(1100)	4.00	(57)3	(25)1	(60)14	(64)1	0.00	0	

(10)(1000)	4.00	(49)11	(23)2	(83)5	0.00	0	

(11)(1100)	4.00	(63)15	(51)2	(30)1	(23)1	0.00	0	

(12)(1100)	4.00	(38)9	(56)11	(71)2	0.00	0	

(13)(1100)	3.00	(70)1	(74)13	(30)1	(19)2	0.00	0	

(14)(1000)	3.00	(61)15	(28)3	1.00	0	

(15)(1100)	2.00	(30)9	(83)10	0.00	0	

(16)(1000)	3.00	(70)7	(81)2	(48)1	(75)4	0.00	0	

(17)(343)	3.00	(46)1	(25)1	(16)17	0.00	0	

(18)(1000)	2.00	(23)11	(83)9	0.00	0	

(19)(1000)	2.00	(61)4	(28)9	(21)24	0.00	0	

(20)(1100)	1.00	(59)12	(56)7	0.00	0	

(21)(1100)	1.00	(28)2	(30)27	(57)2	(60)2	0.00	0	

(22)(1100)	1.00	(59)2	(38)1	(53)1	(81)11	0.00	0	

(23)(1000)	1.00	(28)35	(19)1	1.00	0	

(24)(1100)	1.00	(26)3	(5)1	(9)22	(13)12	(39)8	(27)13	0.00	0	

(26)(1100)	1.00	(19)1	(78)4	(46)1	(23)1	(50)14	0.00	0	

(31)(343)	1.00	(19)18	1.00	0	
max retalho: 5

(0)(1100)	1.00	(82)5	690.00	0	

(1)(1100)	1.00	(59)9	569.00	0	

(2)(1100)	1.00	(61)7	673.00	0	

(3)(1100)	1.00	(74)6	656.00	0	

(4)(1100)	1.00	(51)11	539.00	0	

(5)(1100)	1.00	(53)16	252.00	0	

(6)(1100)	1.00	(42)16	428.00	0	

(7)(1100)	1.00	(30)24	380.00	0	

(8)(1100)	1.00	(78)6	632.00	0	

(9)(1100)	1.00	(67)13	229.00	0	

(10)(1100)	1.00	(57)16	188.00	0	

(11)(1100)	1.00	(46)14	456.00	0	

(12)(1100)	1.00	(34)15	590.00	0	

(13)(1100)	1.00	(83)8	436.00	0	

(14)(1100)	1.00	(71)8	532.00	0	

(15)(1100)	1.00	(60)7	680.00	0	

(16)(1100)	1.00	(75)11	275.00	0	

(17)(1100)	1.00	(64)12	332.00	0	

(18)(1100)	1.00	(5)83	685.00	0	

(19)(1100)	1.00	(17)27	641.00	0	

(20)(1100)	1.00	(6)93	542.00	0	

(21)(1100)	1.00	(81)4	776.00	0	

(22)(1100)	1.00	(28)11	792.00	0	

(25)(1100)	1.00	(56)4	876.00	0	

(30)(1100)	1.00	(21)8	932.00	0	
max retalho: 5

(1)(1000)	1.00	(49)2	(38)4	(63)3	(9)1	(23)1	(25)3	(45)10	4.00	450	
max retalho: 4

(0)(1000)	1.00	(19)4	(23)5	(48)1	(16)2	0	729	
Sobra Total: 1179.00
Perda Total: 13799.00

Total Barras Cortadas:
Barra (1000) : 27
Barra (1100) : 78
Barra (114) : 5
Barra (343) : 4
Barra (101) : 9

Retalhos Gerados:
Retalho (45) : 10
Retalho (729) : 1

7 Soluções

Saida Arquivo/Entrada/Class5/D5d1.txt

Minimizar a Perda Total
max retalho: 5

(0)(1100)	7.00	(81)13	47.00	0	

(1)(1100)	6.00	(82)13	34.00	0	

(2)(1100)	6.00	(57)19	17.00	0	

(3)(1100)	5.00	(71)15	35.00	0	

(4)(1100)	5.00	(51)21	29.00	0	

(5)(1100)	5.00	(48)22	44.00	0	

(6)(1100)	5.00	(83)13	21.00	0	

(7)(1100)	4.00	(67)16	28.00	0	

(8)(101)	4.00	(9)2	(78)1	5.00	0	

(9)(1100)	4.00	(63)17	29.00	0	

(10)(1100)	3.00	(61)18	2.00	0	

(11)(101)	4.00	(23)1	(39)2	0.00	0	

(12)(1100)	3.00	(60)18	20.00	0	

(13)(1100)	3.00	(42)26	8.00	0	

(14)(1100)	3.00	(74)14	64.00	0	

(15)(114)	3.00	(27)4	(6)1	0.00	0	

(16)(1100)	2.00	(56)19	36.00	0	

(17)(1100)	2.00	(28)39	8.00	0	

(18)(1100)	2.00	(30)36	20.00	0	

(19)(1100)	2.00	(49)22	22.00	0	

(20)(1100)	1.00	(21)52	8.00	0	

(21)(1100)	1.00	(23)47	19.00	0	

(22)(1100)	1.00	(75)14	50.00	0	

(23)(343)	1.00	(5)59	(46)1	2.00	0	

(24)(343)	1.00	(5)2	(6)55	3.00	0	

(25)(1100)	1.00	(70)15	50.00	0	

(26)(114)	1.00	(9)1	(13)8	1.00	0	

(27)(1100)	1.00	(38)28	36.00	0	

(28)(1100)	1.00	(25)44	0.00	0	

(29)(1100)	1.00	(53)20	40.00	0	

(30)(1100)	1.00	(59)18	38.00	0	

(31)(1100)	1.00	(64)17	12.00	0	

(32)(1100)	1.00	(19)1	(78)4	(46)1	(23)1	(50)14	0.00	0	

(33)(1100)	1.00	(16)53	252.00	0	

(35)(1100)	1.00	(26)1	(46)12	(34)15	12.00	0	

(37)(114)	1.00	(9)12	(6)1	0.00	0	
max retalho: 5

(2)(1100)	1.00	(59)5	805.00	0	

(3)(1100)	1.00	(61)15	185.00	0	

(4)(1100)	1.00	(38)13	606.00	0	

(5)(1100)	1.00	(17)27	641.00	0	

(6)(1100)	1.00	(51)10	590.00	0	

(7)(1100)	1.00	(53)8	676.00	0	

(8)(1100)	1.00	(42)6	848.00	0	

(9)(1100)	1.00	(19)54	74.00	0	

(10)(1100)	1.00	(21)48	92.00	0	

(11)(1100)	1.00	(67)9	497.00	0	

(12)(1100)	1.00	(56)17	148.00	0	

(13)(1100)	1.00	(23)37	249.00	0	

(14)(1100)	1.00	(25)20	600.00	0	

(15)(1100)	1.00	(81)7	533.00	0	

(16)(1100)	1.00	(71)13	177.00	0	

(17)(1100)	1.00	(60)11	440.00	0	

(18)(1100)	1.00	(75)9	425.00	0	

(19)(1100)	1.00	(64)4	844.00	0	

(20)(1100)	1.00	(74)3	878.00	0	

(21)(1100)	1.00	(6)34	896.00	0	

(23)(1100)	1.00	(5)38	910.00	0	
max retalho: 5

(0)(1000)	1.00	(70)9	370.00	0	

(1)(1000)	1.00	(82)1	(49)2	(26)2	(28)6	(63)1	(30)4	(78)2	(57)1	(46)1	(83)1	(48)1	(27)1	0.00	0	
max retalho: 5

(1)(343)	1.00	(82)3	(9)1	(13)3	(48)1	1.00	0	

(3)(101)	1.00	(48)2	5.00	0	
max retalho: 5

(0)(114)	1.00	(9)1	(46)1	(13)1	46.00	0	
max retalho: 5

(0)(1000)	1.00	(46)2	0	908	
Sobra Total: 908.00
Perda Total: 14041.00

Total Barras Cortadas:
Barra (1000) : 3
Barra (1100) : 100
Barra (114) : 6
Barra (343) : 3
Barra (101) : 9

Retalhos Gerados:
Retalho (908) : 1

10 Soluções

Saida Arquivo/Entrada/Class5/D5d1.txt

Minimizar a Perda Total
max retalho: 5

(0)(101)	9.00	(25)4	1.00	0	

(1)(1100)	7.00	(28)1	(19)1	(81)13	0.00	0	

(2)(1000)	6.00	(82)12	(16)1	0.00	0	

(3)(1100)	6.00	(38)2	(30)1	(71)14	0.00	0	

(4)(114)	6.00	(5)9	(23)3	0.00	0	

(5)(1100)	5.00	(51)21	(23)1	6.00	0	

(6)(1100)	5.00	(21)1	(23)1	(48)22	0.00	0	

(7)(1100)	5.00	(28)1	(30)1	(23)2	(83)12	0.00	0	

(8)(1000)	5.00	(57)8	(60)8	(64)1	0.00	0	

(9)(1100)	4.00	(63)15	(21)1	(67)2	0.00	0	

(10)(1000)	4.00	(5)2	(51)1	(67)14	1.00	0	

(11)(1000)	4.00	(61)1	(28)1	(42)11	(21)19	(25)2	0.00	0	

(12)(1100)	4.00	(21)1	(57)14	(25)1	(64)4	0.00	0	

(13)(1100)	3.00	(61)17	(28)2	(5)1	2.00	0	

(14)(1100)	3.00	(28)2	(30)15	(57)2	(60)8	0.00	0	

(15)(1000)	3.00	(82)1	(38)5	(56)13	0.00	0	

(16)(1100)	2.00	(49)16	(30)5	(83)2	0.00	0	

(17)(1100)	3.00	(59)1	(74)14	5.00	0	

(18)(1000)	2.00	(59)4	(53)13	(19)1	(56)1	0.00	0	

(19)(1000)	1.00	(70)1	(30)1	(75)12	0.00	0	

(20)(1000)	1.00	(61)3	(28)29	(5)1	0.00	0	

(21)(343)	1.00	(5)6	(34)9	7.00	0	

(22)(1100)	1.00	(70)13	(53)1	(56)1	(81)1	0.00	0	

(23)(1000)	1.00	(38)2	(19)28	(56)7	0.00	0	

(24)(343)	2.00	(23)1	(16)20	0.00	0	

(25)(343)	1.00	(17)19	(16)1	4.00	0	

(26)(1100)	1.00	(5)10	(42)25	0.00	0	

(27)(1000)	1.00	(5)1	(23)43	6.00	0	

(28)(1100)	1.00	(26)3	(5)1	(9)22	(13)12	(39)8	(27)13	0.00	0	

(29)(1100)	1.00	(38)2	(81)4	(50)14	0.00	0	

(30)(1100)	1.00	(78)3	(46)6	(16)2	(6)93	0.00	0	

(36)(343)	1.00	(28)12	(5)1	2.00	0	
max retalho: 5

(0)(1100)	1.00	(82)7	526.00	0	

(1)(1100)	1.00	(70)10	400.00	0	

(2)(1100)	1.00	(59)12	392.00	0	

(3)(1100)	1.00	(61)11	429.00	0	

(4)(1100)	1.00	(49)14	414.00	0	

(5)(1100)	1.00	(38)10	720.00	0	

(6)(1100)	1.00	(28)15	680.00	0	

(7)(1100)	1.00	(63)9	533.00	0	

(8)(1100)	1.00	(51)6	794.00	0	

(9)(1100)	1.00	(42)15	470.00	0	

(10)(1100)	1.00	(19)18	758.00	0	

(11)(1100)	1.00	(78)7	554.00	0	

(12)(1100)	1.00	(67)9	497.00	0	

(13)(1100)	1.00	(56)6	764.00	0	

(14)(1100)	1.00	(57)13	359.00	0	

(15)(1100)	1.00	(46)12	548.00	0	

(16)(1100)	1.00	(25)16	700.00	0	

(17)(1100)	1.00	(71)4	816.00	0	

(18)(1100)	1.00	(75)11	275.00	0	

(19)(1100)	1.00	(30)9	830.00	0	

(20)(1100)	1.00	(17)8	(5)13	(53)1	(21)1	(9)1	(34)1	(23)6	(81)2	(83)2	(60)1	(48)4	(16)4	0.00	0	

(21)(1100)	1.00	(74)3	878.00	0	
max retalho: 5

(0)(1000)	1.00	(5)1	(21)10	(34)5	0	615	
Sobra Total: 615.00
Perda Total: 12420.00

Total Barras Cortadas:
Barra (1000) : 29
Barra (1100) : 74
Barra (114) : 6
Barra (343) : 5
Barra (101) : 9

Retalhos Gerados:
Retalho (615) : 1
