
4 Soluções

Saida Arquivo/Entrada/Class5/D5d19.txt

Minimizar a Perda Total
max retalho: 5

(0)(1100)	8.00	(81)13	47.00	0	

(1)(1100)	7.00	(83)13	21.00	0	

(2)(1100)	7.00	(78)14	8.00	0	

(3)(1100)	4.00	(74)14	64.00	0	

(4)(1100)	4.00	(71)15	35.00	0	

(5)(1100)	4.00	(72)15	20.00	0	

(6)(1100)	4.00	(47)23	19.00	0	

(7)(1100)	3.00	(43)25	25.00	0	

(8)(1100)	3.00	(45)24	20.00	0	

(9)(1100)	3.00	(82)13	34.00	0	

(10)(1100)	2.00	(38)28	36.00	0	

(11)(1100)	2.00	(60)18	20.00	0	

(12)(1100)	2.00	(39)28	8.00	0	

(13)(1100)	2.00	(64)17	12.00	0	

(14)(1100)	2.00	(24)45	20.00	0	

(15)(1100)	2.00	(53)20	40.00	0	

(16)(1100)	2.00	(36)30	20.00	0	

(17)(1100)	2.00	(41)26	34.00	0	

(18)(1100)	2.00	(20)55	0.00	0	

(19)(1100)	1.00	(50)22	0.00	0	

(20)(1100)	1.00	(57)19	17.00	0	

(21)(1100)	1.00	(68)16	12.00	0	

(22)(1100)	1.00	(27)40	20.00	0	

(23)(1100)	1.00	(18)61	2.00	0	

(24)(1100)	1.00	(40)27	20.00	0	

(25)(1100)	1.00	(15)73	5.00	0	

(26)(1100)	1.00	(49)20	120.00	0	

(27)(1100)	1.00	(80)9	380.00	0	

(28)(1100)	1.00	(28)29	288.00	0	

(29)(1100)	1.00	(16)4	(9)24	(10)15	(61)2	(5)20	(7)64	0.00	0	

(30)(1100)	1.00	(76)7	(32)4	(10)3	(13)13	(61)2	(17)7	0.00	0	

(31)(51)	1.00	(6)8	3.00	0	
max retalho: 5

(0)(51)	2.00	(18)2	15.00	0	

(1)(51)	2.00	(41)1	10.00	0	

(2)(1100)	1.00	(60)16	140.00	0	

(3)(1100)	1.00	(50)20	100.00	0	

(4)(1100)	1.00	(39)23	203.00	0	

(5)(1100)	1.00	(74)8	508.00	0	

(6)(1100)	1.00	(64)12	332.00	0	

(7)(1100)	1.00	(81)8	452.00	0	

(8)(1100)	1.00	(43)21	197.00	0	

(9)(1100)	1.00	(78)11	242.00	0	

(10)(1100)	1.00	(45)12	560.00	0	

(11)(1100)	1.00	(83)12	104.00	0	

(12)(1100)	1.00	(82)6	608.00	0	

(13)(1100)	1.00	(38)27	74.00	0	

(14)(1100)	1.00	(17)35	505.00	0	

(15)(1100)	1.00	(24)28	428.00	0	

(16)(1100)	1.00	(10)54	560.00	0	

(17)(1100)	1.00	(57)8	644.00	0	

(22)(1000)	1.00	(71)6	(27)9	(68)3	(47)1	(40)2	0.00	0	

(24)(1100)	1.00	(61)7	673.00	0	
max retalho: 5

(0)(51)	1.00	(18)2	(15)1	0.00	0	

(1)(495)	1.00	(18)1	(72)3	(43)6	3.00	258	

(2)(495)	1.00	(36)5	315.00	0	

(3)(495)	1.00	(53)2	(68)2	(253)1	0.00	253	
max retalho: 3

(0)(495)	1.00	(53)2	(43)9	2.00	0	

(1)(495)	1.00	(15)1	(463)1	17.00	463	
max retalho: 2

(0)(1000)	1.00	(53)4	(43)1	0	745	
Sobra Total: 1719.00
Perda Total: 9332.00

Total Barras Cortadas:
Barra (1000) : 2
Barra (1100) : 94
Barra (51) : 6
Barra (266) : 0
Barra (495) : 5

Retalhos Gerados:
Retalho (43) : 6
Retalho (253) : 1
Retalho (463) : 1
Retalho (745) : 1

7 Soluções

Saida Arquivo/Entrada/Class5/D5d19.txt

Minimizar a Perda Total
max retalho: 5

(0)(1100)	9.00	(83)11	(27)1	(36)2	(24)2	(40)1	0.00	0	

(1)(1100)	8.00	(81)13	(27)1	(20)1	0.00	0	

(2)(1000)	7.00	(39)11	(18)1	(20)2	(78)6	(15)3	0.00	0	

(3)(1100)	5.00	(50)1	(18)2	(78)13	0.00	0	

(4)(1000)	4.00	(60)10	(47)8	(24)1	0.00	0	

(5)(1100)	4.00	(74)14	(47)1	(17)1	0.00	0	

(6)(1100)	4.00	(60)1	(27)1	(43)23	(24)1	0.00	0	

(7)(1000)	4.00	(64)1	(36)2	(72)12	0.00	0	

(8)(1100)	3.00	(15)2	(82)12	(43)2	0.00	86	

(9)(1100)	3.00	(27)6	(45)18	(24)2	(40)2	0.00	0	

(10)(1000)	3.00	(71)6	(41)14	0.00	0	

(11)(1000)	3.00	(71)13	(47)1	(15)1	15.00	0	

(12)(1100)	3.00	(71)1	(53)15	(41)2	(38)4	0.00	0	

(13)(1000)	2.00	(18)2	(64)14	(68)1	0.00	0	

(14)(1000)	2.00	(50)8	(20)30	0.00	0	

(15)(495)	3.00	(60)1	(45)7	(24)5	0.00	0	

(16)(1100)	2.00	(36)15	(24)2	(72)6	(40)2	0.00	0	

(17)(1100)	2.00	(27)1	(47)1	(38)27	0.00	0	

(18)(1100)	2.00	(47)23	(17)1	2.00	0	

(19)(495)	2.00	(49)8	(27)1	(38)2	0.00	0	

(20)(495)	2.00	(50)7	(18)8	1.00	0	

(21)(266)	1.00	(6)2	(7)36	2.00	0	

(22)(1100)	1.00	(18)1	(68)1	(57)17	(15)3	0.00	0	

(23)(1100)	1.00	(24)43	(17)4	0.00	0	

(24)(1100)	1.00	(39)1	(64)1	(68)14	(15)3	0.00	0	

(25)(1100)	1.00	(49)4	(18)1	(74)1	(28)29	0.00	0	

(26)(1100)	1.00	(27)1	(16)4	(32)4	(9)24	(10)3	(13)13	(61)6	(5)20	0.00	0	

(33)(1100)	1.00	(81)2	(18)1	(53)3	(41)1	(80)9	0.00	0	

(38)(266)	2.00	(76)3	38.00	0	
max retalho: 5

(0)(51)	2.00	(41)1	(7)1	3.00	0	

(1)(51)	3.00	(41)1	(10)1	0.00	0	

(2)(1100)	1.00	(71)6	674.00	0	

(3)(1100)	1.00	(50)7	750.00	0	

(4)(1100)	1.00	(74)7	582.00	0	

(5)(1100)	1.00	(64)13	268.00	0	

(6)(1100)	1.00	(81)6	614.00	0	

(7)(1100)	1.00	(83)4	768.00	0	

(8)(1100)	1.00	(57)10	530.00	0	

(9)(1100)	1.00	(45)9	695.00	0	

(10)(1100)	1.00	(24)24	524.00	0	

(11)(1100)	1.00	(82)9	362.00	0	

(12)(1100)	1.00	(61)5	795.00	0	

(13)(1100)	1.00	(15)39	515.00	0	

(14)(1100)	1.00	(60)5	800.00	0	

(15)(1100)	1.00	(17)32	556.00	0	

(16)(1100)	1.00	(20)28	540.00	0	

(17)(1100)	1.00	(36)9	776.00	0	

(18)(1100)	1.00	(40)10	700.00	0	

(19)(1100)	1.00	(18)28	596.00	0	

(20)(1100)	1.00	(38)13	606.00	0	

(24)(1100)	1.00	(68)4	828.00	0	

(26)(51)	1.00	(27)1	(7)3	3.00	0	

(27)(266)	1.00	(39)1	(10)1	(72)3	1.00	0	

(31)(1100)	1.00	(47)6	818.00	0	
max retalho: 5

(0)(1100)	1.00	(43)4	928.00	0	

(2)(495)	1.00	(27)4	(6)5	(10)27	(43)2	1.00	86	

(3)(266)	1.00	(6)1	(76)1	(10)2	(7)23	3.00	0	
max retalho: 5

(0)(495)	1.00	(10)29	(78)2	49.00	0	
max retalho: 5

(0)(1000)	1.00	(10)7	0	930	
Sobra Total: 1274.00
Perda Total: 14417.00

Total Barras Cortadas:
Barra (1000) : 26
Barra (1100) : 73
Barra (51) : 6
Barra (266) : 5
Barra (495) : 9

Retalhos Gerados:
Retalho (43) : 6
Retalho (43) : 2
Retalho (930) : 1

10 Soluções

Saida Arquivo/Entrada/Class5/D5d19.txt

Minimizar a Perda Total
max retalho: 5

(7)(1000)	4.00	(41)5	(57)1	(82)9	0.00	0	

(8)(266)	4.00	(20)1	(78)2	(15)6	0.00	0	

(9)(1000)	4.00	(27)3	(45)13	(47)2	(24)10	0.00	0	

(10)(1100)	3.00	(81)13	(27)1	(20)1	0.00	0	

(11)(1100)	2.00	(39)1	(18)1	(64)15	(68)1	(15)1	0.00	0	

(12)(1000)	3.00	(60)1	(47)20	0.00	0	

(13)(1000)	2.00	(45)1	(38)25	(5)1	0.00	0	

(14)(1000)	2.00	(36)26	(24)1	(40)1	0.00	0	

(15)(1100)	2.00	(60)17	(18)1	(47)1	(15)1	0.00	0	

(16)(51)	2.00	(16)2	(18)1	1.00	0	

(17)(1000)	2.00	(71)7	(41)1	(82)1	(38)10	0.00	0	

(18)(1000)	1.00	(39)1	(64)1	(20)1	(68)2	(57)13	0.00	0	

(19)(1000)	2.00	(50)2	(20)45	0.00	0	

(20)(1100)	1.00	(50)22	0.00	0	

(21)(1000)	2.00	(60)2	(27)14	(47)2	(24)17	0.00	0	

(22)(1100)	1.00	(50)6	(18)40	(20)4	0.00	0	

(23)(1000)	1.00	(60)3	(27)2	(47)2	(24)28	0.00	0	

(24)(1000)	1.00	(27)1	(41)23	(15)2	0.00	0	

(25)(1100)	1.00	(39)1	(64)1	(68)14	(15)3	0.00	0	

(26)(1100)	1.00	(49)4	(18)1	(74)1	(28)29	0.00	0	

(27)(266)	1.00	(32)2	(9)2	(13)13	(15)1	0.00	0	

(28)(1000)	1.00	(10)68	(80)4	0.00	0	

(30)(1100)	1.00	(39)24	(18)2	(20)1	(78)1	(15)2	0.00	0	

(31)(1100)	1.00	(10)2	(80)5	(17)40	0.00	0	

(34)(51)	1.00	(6)8	3.00	0	

(38)(1000)	1.00	(20)2	(40)24	0.00	0	
max retalho: 5

(0)(1100)	7.00	(83)13	21.00	0	

(1)(1100)	7.00	(78)14	8.00	0	

(2)(1100)	5.00	(81)13	47.00	0	

(3)(1100)	4.00	(74)14	64.00	0	

(4)(1100)	4.00	(72)15	20.00	0	

(5)(1100)	3.00	(71)15	35.00	0	

(6)(1100)	2.00	(53)20	40.00	0	

(7)(51)	2.00	(27)1	(9)1	(7)1	8.00	0	

(8)(1100)	1.00	(39)28	8.00	0	

(9)(1100)	1.00	(45)24	20.00	0	

(10)(1100)	1.00	(50)10	600.00	0	

(11)(1100)	1.00	(43)10	670.00	0	

(12)(1100)	1.00	(60)8	620.00	0	

(13)(1100)	1.00	(57)10	530.00	0	

(14)(1100)	1.00	(49)16	316.00	0	

(15)(1100)	1.00	(47)17	301.00	0	

(16)(1100)	1.00	(36)13	632.00	0	

(17)(1100)	1.00	(15)39	515.00	0	

(18)(1100)	1.00	(82)7	526.00	0	

(19)(1100)	1.00	(76)7	568.00	0	

(20)(1100)	1.00	(61)11	429.00	0	

(21)(1100)	1.00	(64)14	204.00	0	

(22)(1100)	1.00	(38)13	606.00	0	

(24)(1100)	1.00	(41)9	731.00	0	

(25)(1100)	1.00	(18)17	(32)2	(20)5	(68)3	(24)9	(40)3	(5)18	0.00	0	
max retalho: 5

(0)(1100)	3.00	(43)25	25.00	0	

(1)(1100)	1.00	(83)12	104.00	0	

(2)(1100)	1.00	(81)8	452.00	0	

(3)(1100)	1.00	(74)7	582.00	0	

(4)(1100)	1.00	(39)23	203.00	0	

(5)(1100)	1.00	(71)1	(18)2	(53)3	(9)20	(78)2	(45)5	(72)3	(7)2	(43)1	0.00	43	

(14)(51)	1.00	(10)2	(17)1	(7)2	0.00	0	
max retalho: 5

(0)(1100)	1.00	(71)6	(27)1	(53)5	(43)4	(45)1	(24)5	(17)1	(7)4	0.00	0	
max retalho: 5

(0)(1000)	1.00	(43)7	(7)54	0	321	
Sobra Total: 364.00
Perda Total: 9672.00

Total Barras Cortadas:
Barra (1000) : 27
Barra (1100) : 71
Barra (51) : 6
Barra (266) : 5
Barra (495) : 0

Retalhos Gerados:
Retalho (43) : 1
Retalho (321) : 1
