
4 Soluções

Saida Arquivo/Entrada/Class5/D5d17.txt

Minimizar a Perda Total
max retalho: 5

(0)(1100)	9.00	(66)6	(56)1	(81)8	0.00	0	

(1)(1000)	8.00	(80)3	(69)10	(70)1	0.00	0	

(2)(1100)	6.00	(76)13	(29)2	(54)1	0.00	0	

(3)(1000)	5.00	(36)1	(40)2	(77)10	(54)1	(60)1	0.00	0	

(4)(1100)	5.00	(65)13	(80)3	(15)1	0.00	0	

(5)(1000)	4.00	(70)6	(58)10	0.00	0	

(6)(1100)	4.00	(32)22	(33)12	0.00	0	

(7)(1100)	4.00	(43)22	(77)1	(54)1	(23)1	0.00	0	

(8)(1000)	4.00	(76)1	(66)2	(81)2	(70)9	0.00	0	

(9)(1100)	3.00	(76)4	(59)13	(29)1	0.00	0	

(10)(1100)	3.00	(55)1	(25)1	(61)16	(44)1	0.00	0	

(11)(1100)	3.00	(55)5	(25)33	0.00	0	

(12)(1000)	2.00	(43)2	(29)6	(37)20	0.00	0	

(13)(1100)	2.00	(36)22	(40)5	(54)2	0.00	0	

(14)(313)	2.00	(15)1	(8)37	2.00	0	

(15)(313)	2.00	(22)1	(31)9	(12)1	0.00	0	

(16)(1100)	2.00	(22)1	(57)18	(26)2	0.00	0	

(17)(1000)	2.00	(40)16	(60)6	0.00	0	

(18)(1100)	2.00	(29)1	(44)24	15.00	0	

(19)(1100)	1.00	(43)2	(63)14	(29)2	(37)2	0.00	0	

(20)(73)	2.00	(73)1	0.00	0	

(21)(1000)	2.00	(23)20	(60)9	0.00	0	

(22)(1000)	1.00	(80)11	(8)1	(56)2	0.00	0	

(23)(1100)	1.00	(29)37	(8)1	19.00	0	

(24)(1100)	1.00	(55)18	(22)1	(44)2	0.00	0	

(25)(1100)	1.00	(57)2	(33)2	(23)40	0.00	0	

(26)(1000)	1.00	(34)22	(21)12	0.00	0	

(27)(1100)	1.00	(55)1	(25)1	(15)68	0.00	0	

(28)(1100)	1.00	(22)1	(26)38	(15)6	0.00	0	

(29)(1100)	1.00	(22)44	(44)3	0.00	0	

(30)(1100)	1.00	(15)1	(52)12	(19)23	(8)3	0.00	0	

(32)(1000)	1.00	(73)6	(56)10	2.00	0	
max retalho: 5

(0)(1100)	1.00	(66)13	242.00	0	

(1)(1100)	1.00	(55)7	715.00	0	

(2)(1100)	1.00	(43)11	627.00	0	

(3)(1100)	1.00	(32)23	364.00	0	

(4)(1100)	1.00	(80)7	540.00	0	

(5)(1100)	1.00	(59)6	746.00	0	

(6)(1100)	1.00	(36)8	812.00	0	

(7)(1100)	1.00	(63)13	281.00	0	

(8)(1100)	1.00	(29)28	288.00	0	

(9)(1100)	1.00	(77)6	638.00	0	

(10)(1100)	1.00	(54)6	776.00	0	

(11)(1100)	1.00	(21)35	365.00	0	

(12)(1100)	1.00	(81)5	695.00	0	

(13)(1100)	1.00	(70)5	750.00	0	

(14)(1100)	1.00	(58)9	578.00	0	

(15)(1100)	1.00	(37)17	471.00	0	

(16)(1100)	1.00	(15)21	785.00	0	

(17)(1100)	1.00	(12)64	332.00	0	

(18)(1100)	1.00	(33)7	869.00	0	

(19)(1100)	1.00	(34)7	862.00	0	

(21)(313)	1.00	(22)2	(11)4	(26)1	(40)2	(8)12	(23)1	0.00	0	

(22)(1100)	1.00	(48)4	908.00	0	

(27)(85)	1.00	(76)1	9.00	0	
max retalho: 5

(0)(85)	2.00	(57)1	(26)1	2.00	0	

(1)(73)	1.00	(65)1	8.00	0	

(2)(73)	1.00	(31)1	42.00	0	

(4)(85)	1.00	(40)2	5.00	0	
max retalho: 5

(0)(85)	1.00	(61)1	(23)1	1.00	0	

(1)(73)	1.00	(26)1	(40)1	7.00	0	

(2)(73)	1.00	(26)1	(23)2	1.00	0	
max retalho: 5

(0)(1000)	1.00	(26)2	(61)2	(23)2	0	780	
Sobra Total: 780.00
Perda Total: 12776.00

Total Barras Cortadas:
Barra (1000) : 31
Barra (1100) : 72
Barra (85) : 5
Barra (313) : 5
Barra (73) : 6

Retalhos Gerados:
Retalho (780) : 1

7 Soluções

Saida Arquivo/Entrada/Class5/D5d17.txt

Minimizar a Perda Total
max retalho: 5

(0)(1100)	8.00	(66)6	(56)1	(81)8	0.00	0	

(1)(73)	8.00	(73)1	0.00	0	

(2)(85)	5.00	(15)1	(31)2	(8)1	0.00	0	

(3)(1100)	5.00	(76)13	(29)2	(54)1	0.00	0	

(4)(1000)	5.00	(65)2	(80)10	(70)1	0.00	0	

(5)(1100)	5.00	(43)1	(22)1	(69)15	0.00	0	

(6)(1100)	5.00	(36)1	(40)2	(77)11	(54)1	(23)1	(60)1	0.00	0	

(7)(1000)	4.00	(70)6	(58)10	0.00	0	

(8)(1100)	4.00	(43)22	(77)1	(54)1	(23)1	0.00	0	

(9)(1100)	3.00	(55)10	(25)22	0.00	0	

(10)(1100)	3.00	(76)1	(81)4	(70)10	0.00	0	

(11)(1100)	3.00	(32)31	(26)3	(15)2	0.00	0	

(12)(1100)	3.00	(76)4	(59)13	(29)1	0.00	0	

(13)(1100)	3.00	(65)16	(60)1	0.00	0	

(14)(1100)	3.00	(55)1	(25)1	(61)16	(44)1	0.00	0	

(15)(1100)	2.00	(36)20	(40)2	(60)5	0.00	0	

(16)(1100)	2.00	(57)8	(23)28	0.00	0	

(17)(313)	2.00	(52)5	(29)1	(12)2	0.00	0	

(18)(1100)	2.00	(43)1	(29)28	(23)1	(37)6	0.00	0	

(19)(1000)	2.00	(43)2	(29)6	(37)20	0.00	0	

(20)(1100)	1.00	(43)2	(63)14	(29)2	(37)2	0.00	0	

(21)(1100)	2.00	(44)25	0.00	0	

(22)(1100)	1.00	(22)2	(33)32	0.00	0	

(23)(1100)	1.00	(40)26	(60)1	0.00	0	

(24)(1100)	1.00	(66)15	(54)1	(56)1	0.00	0	

(25)(313)	1.00	(56)5	33.00	0	

(26)(1100)	1.00	(22)1	(57)18	(26)2	0.00	0	

(27)(1100)	1.00	(55)1	(25)1	(15)68	0.00	0	

(28)(1100)	1.00	(15)2	(19)23	(21)1	(12)51	0.00	0	

(30)(1100)	1.00	(22)1	(26)38	(15)6	0.00	0	

(31)(1000)	1.00	(34)1	(21)46	0.00	0	

(32)(1000)	1.00	(40)1	(54)10	(60)7	0.00	0	

(33)(313)	1.00	(15)1	(31)9	(8)2	3.00	0	

(35)(1000)	1.00	(23)20	(60)9	0.00	0	

(36)(313)	1.00	(11)4	(48)4	(25)1	(52)1	0.00	0	

(40)(73)	1.00	(56)1	17.00	0	
max retalho: 5

(0)(1100)	1.00	(76)14	36.00	0	

(1)(1100)	1.00	(65)8	580.00	0	

(2)(1100)	1.00	(66)12	308.00	0	

(3)(1100)	1.00	(55)10	550.00	0	

(4)(1100)	1.00	(32)18	524.00	0	

(5)(1100)	1.00	(34)28	148.00	0	

(6)(1100)	1.00	(22)43	154.00	0	

(7)(1100)	1.00	(80)7	540.00	0	

(8)(1100)	1.00	(63)13	281.00	0	

(9)(1100)	1.00	(40)16	460.00	0	

(10)(1100)	1.00	(33)25	275.00	0	

(11)(1100)	1.00	(81)9	371.00	0	

(12)(1100)	1.00	(70)14	120.00	0	

(13)(1100)	1.00	(58)9	578.00	0	

(14)(1100)	1.00	(36)12	668.00	0	

(15)(1100)	1.00	(8)84	428.00	0	

(16)(1100)	1.00	(25)32	300.00	0	

(17)(1100)	1.00	(57)6	758.00	0	

(18)(1100)	1.00	(59)6	746.00	0	

(20)(1100)	1.00	(69)5	755.00	0	

(21)(1100)	1.00	(56)6	764.00	0	

(24)(1100)	1.00	(29)11	781.00	0	
max retalho: 5

(0)(1100)	1.00	(76)1	(43)4	(15)8	(61)3	(52)1	(77)1	(44)3	(23)3	(12)9	(37)3	0.00	0	

(1)(85)	1.00	(15)4	(12)2	1.00	0	
max retalho: 5

(0)(1000)	1.00	(15)3	(37)2	0	881	
Sobra Total: 881.00
Perda Total: 10179.00

Total Barras Cortadas:
Barra (1000) : 15
Barra (1100) : 84
Barra (85) : 6
Barra (313) : 5
Barra (73) : 9

Retalhos Gerados:
Retalho (881) : 1

10 Soluções

Saida Arquivo/Entrada/Class5/D5d17.txt

Minimizar a Perda Total
max retalho: 5

(0)(1000)	12.00	(66)6	(59)2	(81)6	0.00	0	

(1)(1000)	8.00	(76)11	(43)1	(63)1	(29)2	0.00	0	

(2)(1000)	8.00	(80)3	(69)10	(70)1	0.00	0	

(3)(1000)	6.00	(36)4	(40)2	(77)9	(23)1	(60)1	0.00	0	

(4)(1000)	4.00	(70)6	(58)10	0.00	0	

(5)(1100)	4.00	(43)22	(77)1	(54)1	(23)1	0.00	0	

(6)(1000)	4.00	(32)16	(26)1	(33)14	0.00	0	

(7)(1100)	4.00	(55)10	(25)22	0.00	0	

(8)(1100)	3.00	(76)1	(81)4	(70)10	0.00	0	

(9)(85)	4.00	(73)1	(12)1	0.00	0	

(10)(1000)	3.00	(65)14	(32)1	(58)1	0.00	0	

(11)(1100)	3.00	(55)1	(25)1	(61)16	(44)1	0.00	0	

(12)(313)	3.00	(57)1	(26)1	(23)10	0.00	0	

(13)(1000)	3.00	(15)1	(29)11	(37)18	0.00	0	

(14)(1100)	2.00	(80)13	(23)1	(37)1	0.00	0	

(15)(1000)	2.00	(59)10	(29)14	4.00	0	

(16)(1000)	2.00	(23)20	(60)9	0.00	0	

(17)(1100)	2.00	(22)1	(57)18	(26)2	0.00	0	

(18)(1000)	2.00	(36)16	(40)1	(54)6	(60)1	0.00	0	

(19)(1100)	1.00	(44)24	(23)1	(12)1	9.00	0	

(20)(1100)	1.00	(40)26	(60)1	0.00	0	

(21)(1000)	1.00	(32)28	(26)4	0.00	0	

(22)(1100)	1.00	(55)1	(25)1	(15)68	0.00	0	

(23)(1100)	1.00	(22)34	(44)8	0.00	0	

(24)(1100)	1.00	(8)82	(12)37	0.00	0	

(25)(1100)	1.00	(56)18	92.00	0	

(26)(1100)	1.00	(32)1	(63)16	(56)1	4.00	0	

(27)(1100)	1.00	(34)28	(22)1	(21)6	0.00	0	

(33)(1100)	1.00	(52)5	(31)13	(19)23	0.00	0	

(37)(1100)	1.00	(65)15	(11)4	(23)1	(58)1	0.00	0	
max retalho: 5

(0)(73)	2.00	(61)1	(12)1	0.00	0	

(1)(73)	2.00	(25)2	(23)1	0.00	0	

(2)(73)	1.00	(48)1	(25)1	0.00	0	

(3)(73)	1.00	(12)2	(37)1	12.00	0	

(22)(73)	1.00	(25)1	(33)1	(12)1	3.00	0	

(23)(85)	1.00	(59)1	(25)1	1.00	0	

(24)(1100)	1.00	(76)1	(57)1	(48)1	(73)1	(31)6	(77)2	(12)18	(58)5	0.00	0	

(27)(85)	1.00	(34)1	(25)2	1.00	0	

(28)(73)	1.00	(56)1	(12)1	5.00	0	
max retalho: 5

(0)(1100)	1.00	(76)2	(66)3	(22)4	(48)2	(36)1	(73)1	(63)3	(21)1	(23)4	(81)1	(37)2	0.00	0	

(28)(73)	1.00	(73)1	0.00	0	
max retalho: 5

(0)(1100)	1.00	(65)9	515.00	0	

(1)(1100)	1.00	(80)7	540.00	0	

(2)(1100)	1.00	(40)17	420.00	0	

(3)(1100)	1.00	(44)21	176.00	0	

(4)(1100)	1.00	(21)40	260.00	0	

(5)(1100)	1.00	(70)11	330.00	0	

(6)(1100)	1.00	(26)34	216.00	0	

(7)(1100)	1.00	(76)1	(43)9	(22)11	(15)8	(29)1	(8)9	(54)1	(60)2	0.00	0	

(8)(1100)	1.00	(32)2	(25)2	(15)10	(73)1	(61)1	(52)7	(54)3	(56)1	(60)2	0.00	0	
max retalho: 5

(0)(1100)	1.00	(32)6	(15)13	(29)7	(54)5	(60)4	0.00	0	

(2)(313)	1.00	(32)1	(29)9	20.00	0	
max retalho: 5

(1)(313)	1.00	(32)6	(29)1	(45)2	2.00	90	
max retalho: 5

(0)(1000)	1.00	(15)1	(29)1	0	956	
Sobra Total: 1046.00
Perda Total: 2614.00

Total Barras Cortadas:
Barra (1000) : 56
Barra (1100) : 40
Barra (85) : 6
Barra (313) : 5
Barra (73) : 9

Retalhos Gerados:
Retalho (45) : 2
Retalho (956) : 1
