
4 Soluções

Saida Arquivo/Entrada/Class5/D5d15.txt

Minimizar a Perda Total
max retalho: 5

(28)(1100)	2.00	(39)1	(28)1	(32)32	(9)1	0.00	0	

(29)(1100)	1.00	(10)1	(28)37	(9)6	0.00	0	

(30)(1000)	1.00	(19)32	(49)8	0.00	0	

(31)(1000)	1.00	(8)1	(5)63	(7)38	(20)20	(11)1	0.00	0	

(32)(1100)	1.00	(12)80	(70)2	0.00	0	

(33)(1000)	1.00	(31)1	(24)40	(9)1	0.00	0	

(34)(1000)	1.00	(8)60	(11)47	3.00	0	

(35)(1100)	1.00	(10)11	(9)110	0.00	0	

(39)(1100)	4.00	(70)14	(39)3	3.00	0	

(40)(1100)	1.00	(10)110	0.00	0	

(41)(1100)	1.00	(8)1	(39)28	0.00	0	
max retalho: 5

(0)(1100)	9.00	(56)11	(46)7	(81)2	0.00	0	

(1)(1100)	6.00	(75)13	(63)1	(46)1	(16)1	0.00	0	

(2)(1100)	5.00	(73)14	(31)1	(45)1	2.00	0	

(3)(1100)	5.00	(60)12	(76)5	0.00	0	

(4)(1100)	5.00	(31)2	(77)13	(37)1	0.00	0	

(5)(1100)	5.00	(63)2	(52)1	(31)1	(81)11	0.00	0	

(6)(1000)	4.00	(63)5	(81)8	(37)1	0.00	0	

(7)(1100)	4.00	(56)2	(46)1	(76)11	(53)2	0.00	0	

(8)(1100)	3.00	(14)2	(72)12	(16)9	(64)1	0.00	0	

(9)(1100)	3.00	(52)17	(31)6	(14)1	(16)1	0.00	0	

(10)(1100)	3.00	(75)1	(63)1	(74)13	0.00	0	

(11)(269)	3.00	(45)3	(46)2	(42)1	0.00	42	

(12)(53)	3.00	(7)6	(9)1	2.00	0	

(13)(1100)	3.00	(75)5	(79)9	(14)1	0.00	0	

(14)(53)	3.00	(45)1	8.00	0	

(15)(499)	2.00	(73)2	(45)1	(14)22	0.00	0	

(16)(1000)	3.00	(35)25	(14)1	(37)3	0.00	0	

(17)(1000)	2.00	(76)2	(53)16	0.00	0	

(18)(1100)	2.00	(68)1	(35)1	(37)1	(64)15	0.00	0	

(19)(1100)	2.00	(52)3	(41)20	(31)4	0.00	0	

(20)(1100)	2.00	(31)34	(46)1	0.00	0	

(21)(1100)	1.00	(45)4	(46)20	0.00	0	

(22)(1000)	1.00	(35)2	(14)3	(37)24	0.00	0	

(23)(1100)	1.00	(73)2	(68)13	(14)5	0.00	0	

(24)(1000)	1.00	(35)1	(37)1	(16)46	(64)3	0.00	0	

(25)(499)	2.00	(45)3	(46)7	(42)1	0.00	42	

(26)(1000)	1.00	(49)4	(28)10	(16)1	(43)3	(42)9	1.00	378	

(27)(1100)	1.00	(70)10	(16)3	(32)11	0.00	0	

(28)(269)	1.00	(8)22	(12)7	(9)1	0.00	0	

(29)(269)	1.00	(24)6	(14)1	(37)1	(32)1	(42)1	0.00	42	

(30)(1100)	1.00	(75)2	(39)23	(53)1	0.00	0	

(32)(1100)	1.00	(42)21	(19)10	(14)2	0.00	0	
max retalho: 4

(0)(1100)	1.00	(73)15	5.00	0	

(1)(1100)	1.00	(52)17	216.00	0	

(2)(1100)	1.00	(77)8	484.00	0	

(3)(1100)	1.00	(68)7	624.00	0	

(4)(1100)	1.00	(81)9	371.00	0	

(5)(1100)	1.00	(72)11	308.00	0	

(6)(1100)	1.00	(60)11	440.00	0	

(7)(1100)	1.00	(74)10	360.00	0	

(8)(1100)	1.00	(76)11	264.00	0	

(9)(1100)	1.00	(64)11	396.00	0	

(10)(1100)	1.00	(53)11	517.00	0	

(11)(1100)	1.00	(32)14	652.00	0	

(12)(1100)	1.00	(37)15	545.00	0	

(13)(1100)	1.00	(42)8	764.00	0	

(14)(1100)	1.00	(16)27	668.00	0	

(15)(1100)	1.00	(45)9	695.00	0	

(16)(1100)	1.00	(14)28	708.00	0	

(19)(1100)	1.00	(63)3	(31)5	(56)4	(46)7	(42)5	0.00	210	
max retalho: 3

(0)(1000)	1.00	(73)1	(75)2	(63)2	(41)7	(42)2	(35)1	(49)4	(7)7	0.00	0	
max retalho: 3

(0)(1100)	1.00	(75)2	(42)6	(49)1	(7)2	0	635	
Sobra Total: 1475.00
Perda Total: 8073.00

Total Barras Cortadas:
Barra (1000) : 17
Barra (1100) : 92
Barra (53) : 6
Barra (269) : 5
Barra (499) : 4

Retalhos Gerados:
Retalho (42) : 3
Retalho (42) : 2
Retalho (42) : 9
Retalho (42) : 1
Retalho (42) : 5
Retalho (635) : 1

7 Soluções

Saida Arquivo/Entrada/Class5/D5d15.txt

Minimizar a Perda Total
max retalho: 5

(28)(1100)	1.00	(10)110	0.00	0	

(29)(1100)	1.00	(24)45	20.00	0	

(30)(1100)	1.00	(9)122	2.00	0	

(31)(1000)	1.00	(8)1	(5)63	(7)38	(20)20	(11)1	0.00	0	

(32)(1100)	1.00	(49)17	267.00	0	

(33)(1100)	1.00	(12)87	56.00	0	

(34)(1100)	1.00	(19)42	302.00	0	

(37)(269)	1.00	(8)2	(7)16	(43)3	(11)1	1.00	0	
max retalho: 5

(0)(1100)	8.00	(81)13	47.00	0	

(1)(1100)	7.00	(75)14	50.00	0	

(2)(1100)	6.00	(73)15	5.00	0	

(3)(1100)	5.00	(76)14	36.00	0	

(4)(1100)	5.00	(56)19	36.00	0	

(5)(1100)	5.00	(46)23	42.00	0	

(6)(1100)	5.00	(77)14	22.00	0	

(7)(1100)	4.00	(70)15	50.00	0	

(8)(1100)	3.00	(60)18	20.00	0	

(9)(1100)	3.00	(52)21	8.00	0	

(10)(1100)	3.00	(74)14	64.00	0	

(11)(1100)	3.00	(31)35	15.00	0	

(12)(1100)	3.00	(72)15	20.00	0	

(13)(53)	3.00	(8)1	(11)4	1.00	0	

(14)(1100)	2.00	(64)17	12.00	0	

(15)(1100)	2.00	(32)34	12.00	0	

(16)(1100)	2.00	(35)31	15.00	0	

(17)(1100)	2.00	(53)20	40.00	0	

(18)(1100)	2.00	(63)17	29.00	0	

(19)(1100)	2.00	(39)28	8.00	0	

(20)(1100)	2.00	(37)29	27.00	0	

(21)(1100)	2.00	(79)13	73.00	0	

(22)(1100)	1.00	(41)26	34.00	0	

(23)(1100)	1.00	(16)68	12.00	0	

(24)(1100)	1.00	(45)24	20.00	0	

(25)(1100)	1.00	(68)16	12.00	0	

(26)(1100)	1.00	(14)78	8.00	0	

(27)(1100)	1.00	(28)39	8.00	0	

(28)(1000)	1.00	(42)10	(8)1	(10)12	(24)1	(7)11	(9)1	(11)31	1.00	0	

(34)(53)	3.00	(11)1	(42)1	0.00	42	

(35)(1100)	1.00	(8)1	(42)26	0.00	1092	
max retalho: 4

(0)(269)	1.00	(31)8	(14)1	7.00	0	

(1)(269)	1.00	(75)3	(8)1	(35)1	1.00	0	

(2)(1000)	1.00	(45)9	(35)1	(70)8	0.00	0	

(3)(1100)	1.00	(56)16	204.00	0	

(4)(1100)	1.00	(81)10	290.00	0	

(5)(1100)	1.00	(60)17	80.00	0	

(6)(1100)	1.00	(41)21	239.00	0	

(7)(1100)	1.00	(76)14	36.00	0	

(8)(1100)	1.00	(64)13	268.00	0	

(9)(1100)	1.00	(52)16	268.00	0	

(10)(499)	1.00	(8)4	(68)6	(28)2	3.00	0	

(14)(1100)	1.00	(32)22	396.00	0	

(15)(1000)	1.00	(8)45	(53)12	4.00	0	

(17)(1100)	1.00	(73)2	(75)1	(79)1	(46)7	(37)3	(39)9	(16)1	0.00	0	

(19)(499)	1.00	(8)1	(45)1	(74)6	2.00	0	

(29)(499)	1.00	(63)7	(35)1	(16)1	7.00	0	
max retalho: 4

(0)(269)	1.00	(8)25	(14)3	(16)1	11.00	0	

(1)(499)	1.00	(63)3	(31)4	(14)1	(72)2	(28)1	0.00	0	

(2)(269)	1.00	(77)3	(16)2	6.00	0	

(7)(1100)	1.00	(42)10	680.00	0	

(12)(1000)	1.00	(35)4	(16)2	(42)19	30.00	798	
max retalho: 3

(6)(1100)	1.00	(35)12	(14)15	(16)9	(74)1	(42)6	0.00	252	
max retalho: 2

(0)(1000)	1.00	(42)6	(31)3	(45)3	(28)6	(16)22	0.00	0	
max retalho: 2

(0)(1000)	1.00	(42)3	(45)1	(28)1	(16)7	0	689	
Sobra Total: 2957.00
Perda Total: 5727.00

Total Barras Cortadas:
Barra (1000) : 7
Barra (1100) : 100
Barra (53) : 6
Barra (269) : 5
Barra (499) : 4

Retalhos Gerados:
Retalho (42) : 3
Retalho (42) : 26
Retalho (42) : 19
Retalho (42) : 6
Retalho (689) : 1

10 Soluções

Saida Arquivo/Entrada/Class5/D5d15.txt

Minimizar a Perda Total
max retalho: 5

(0)(1100)	11.00	(46)4	(81)10	(53)2	0.00	0	

(1)(1100)	10.00	(75)10	(70)5	0.00	0	

(2)(1100)	6.00	(56)2	(76)13	0.00	0	

(3)(1100)	6.00	(73)15	5.00	0	

(4)(53)	6.00	(8)1	(5)9	0.00	0	

(5)(1000)	5.00	(35)8	(60)12	0.00	0	

(6)(1100)	5.00	(41)2	(10)1	(56)18	0.00	0	

(7)(1000)	4.00	(68)2	(64)4	(32)19	0.00	0	

(8)(1000)	4.00	(31)24	(16)16	0.00	0	

(9)(1100)	4.00	(46)17	(53)6	0.00	0	

(10)(1100)	4.00	(52)19	(28)4	0.00	0	

(11)(1000)	4.00	(77)8	(24)4	(72)4	0.00	0	

(12)(499)	3.00	(77)2	(45)5	(24)2	(72)1	0.00	0	

(13)(1100)	3.00	(12)4	(16)1	(74)14	0.00	0	

(14)(1100)	3.00	(77)10	(45)6	(60)1	0.00	0	

(15)(1100)	2.00	(63)9	(41)13	0.00	0	

(16)(1100)	2.00	(77)1	(24)1	(37)27	0.00	0	

(17)(1100)	2.00	(79)13	(12)3	(37)1	0.00	0	

(18)(1100)	1.00	(68)3	(64)14	0.00	0	

(19)(1100)	1.00	(39)28	8.00	0	

(20)(1000)	1.00	(24)11	(72)10	(16)1	0.00	0	

(21)(269)	1.00	(8)1	(20)13	1.00	0	

(22)(1100)	1.00	(31)9	(35)23	(16)1	0.00	0	

(23)(1000)	1.00	(81)1	(70)13	(9)1	0.00	0	

(24)(269)	1.00	(46)2	(53)3	(9)2	0.00	0	

(25)(1100)	1.00	(63)17	(10)2	(9)1	0.00	0	

(26)(1100)	1.00	(42)26	8.00	0	

(27)(1100)	1.00	(14)78	8.00	0	

(28)(1100)	1.00	(10)110	0.00	0	

(29)(269)	1.00	(8)5	(43)3	(11)9	1.00	0	

(31)(1000)	1.00	(19)32	(49)8	0.00	0	

(32)(1000)	1.00	(14)4	(39)12	(28)2	(42)10	0.00	420	

(35)(1000)	1.00	(68)2	(16)44	(64)2	(32)1	0.00	0	

(37)(1100)	1.00	(35)1	(24)2	(72)14	(9)1	0.00	0	

(41)(269)	1.00	(14)10	(39)2	(9)1	(42)1	0.00	42	

(42)(1000)	1.00	(8)67	(7)65	(9)1	0.00	0	
max retalho: 4

(0)(1100)	1.00	(37)5	915.00	0	

(1)(1100)	1.00	(19)10	910.00	0	

(2)(1100)	1.00	(24)9	884.00	0	

(3)(1100)	1.00	(73)2	(75)1	(52)3	(42)3	(8)5	(10)5	(79)1	(14)6	(5)9	(53)3	(20)7	0.00	0	

(4)(1100)	1.00	(63)9	533.00	0	

(5)(1100)	1.00	(77)3	869.00	0	

(6)(1100)	1.00	(68)9	488.00	0	

(7)(1100)	1.00	(56)9	596.00	0	

(8)(1100)	1.00	(45)5	875.00	0	

(9)(1100)	1.00	(46)8	732.00	0	

(10)(1100)	1.00	(35)17	505.00	0	

(11)(1100)	1.00	(41)11	649.00	0	

(12)(1100)	1.00	(12)69	272.00	0	

(13)(1100)	1.00	(81)3	857.00	0	

(14)(1100)	1.00	(70)5	750.00	0	

(15)(1100)	1.00	(72)4	812.00	0	

(16)(1100)	1.00	(60)8	620.00	0	

(17)(1100)	1.00	(49)9	659.00	0	

(18)(1100)	1.00	(31)15	635.00	0	

(19)(1100)	1.00	(39)23	203.00	0	

(20)(1100)	1.00	(28)31	232.00	0	

(21)(1100)	1.00	(74)7	582.00	0	

(22)(1100)	1.00	(76)6	644.00	0	

(23)(1100)	1.00	(64)15	140.00	0	

(24)(1100)	1.00	(32)13	684.00	0	

(25)(1100)	1.00	(9)116	56.00	0	

(26)(1100)	1.00	(11)39	671.00	0	
max retalho: 4

(0)(269)	1.00	(42)5	(42)1	17.00	42	

(2)(1000)	1.00	(75)1	(42)1	(882)1	1.00	924	
max retalho: 3

(0)(1000)	1.00	(42)2	0	916	
Sobra Total: 2344.00
Perda Total: 15847.00

Total Barras Cortadas:
Barra (1000) : 25
Barra (1100) : 93
Barra (53) : 6
Barra (269) : 5
Barra (499) : 3

Retalhos Gerados:
Retalho (42) : 10
Retalho (42) : 1
Retalho (42) : 1
Retalho (42) : 1
Retalho (882) : 1
Retalho (916) : 1
