
4 Soluções

Saida Arquivo/Entrada/Class5/D5d16.txt

Minimizar a Perda Total
max retalho: 5

(10)(1100)	3.00	(37)29	27.00	0	

(11)(1100)	3.00	(33)33	11.00	0	

(12)(1100)	2.00	(60)18	20.00	0	

(13)(1100)	2.00	(68)16	12.00	0	

(14)(1100)	2.00	(62)17	46.00	0	

(15)(1100)	2.00	(25)44	0.00	0	

(16)(1100)	2.00	(34)32	12.00	0	

(17)(1100)	2.00	(38)28	36.00	0	

(18)(1100)	2.00	(21)52	8.00	0	

(19)(1100)	2.00	(58)18	56.00	0	

(20)(1100)	2.00	(64)17	12.00	0	

(21)(1100)	2.00	(36)30	20.00	0	

(22)(1100)	1.00	(73)15	5.00	0	

(23)(1100)	1.00	(65)16	60.00	0	

(24)(1100)	1.00	(35)31	15.00	0	

(25)(1100)	1.00	(50)22	0.00	0	

(26)(1100)	1.00	(67)16	28.00	0	

(27)(1100)	1.00	(31)35	15.00	0	

(28)(1100)	1.00	(40)27	20.00	0	

(29)(1100)	1.00	(46)23	42.00	0	

(30)(1100)	1.00	(54)18	128.00	0	

(31)(1100)	1.00	(42)21	218.00	0	

(32)(1100)	1.00	(17)60	80.00	0	

(33)(1100)	1.00	(10)53	570.00	0	

(34)(1100)	1.00	(6)85	590.00	0	

(35)(1000)	1.00	(13)16	(61)6	(8)53	2.00	0	
max retalho: 5

(0)(1100)	6.00	(83)13	21.00	0	

(1)(1100)	6.00	(79)13	73.00	0	

(2)(1100)	5.00	(75)14	50.00	0	

(3)(1100)	5.00	(57)19	17.00	0	

(4)(1100)	5.00	(78)14	8.00	0	

(5)(1100)	4.00	(71)15	35.00	0	

(6)(1100)	4.00	(82)13	34.00	0	

(7)(1100)	4.00	(69)15	65.00	0	

(8)(1100)	4.00	(72)15	20.00	0	

(9)(101)	1.00	(34)1	(8)1	(58)1	1.00	0	

(10)(1100)	1.00	(67)7	631.00	0	

(11)(1100)	1.00	(65)12	320.00	0	

(12)(1100)	1.00	(33)11	737.00	0	

(13)(1100)	1.00	(73)12	224.00	0	

(14)(1100)	1.00	(68)10	420.00	0	

(15)(1100)	1.00	(47)10	630.00	0	

(16)(1100)	1.00	(35)20	400.00	0	

(17)(1100)	1.00	(37)11	693.00	0	

(18)(1100)	1.00	(50)10	600.00	0	

(19)(1000)	1.00	(46)3	(34)6	(25)6	(40)5	(29)6	(21)3	(14)5	1.00	0	

(20)(1100)	1.00	(60)12	380.00	0	

(21)(1100)	1.00	(62)7	666.00	0	

(22)(1100)	1.00	(31)9	821.00	0	

(23)(101)	1.00	(25)1	(38)2	0.00	0	
max retalho: 5

(4)(1000)	1.00	(71)5	(75)2	(47)7	(83)2	0.00	0	

(5)(114)	1.00	(47)2	20.00	0	

(6)(327)	2.00	(69)3	(72)1	(47)1	1.00	47	

(7)(1000)	1.00	(78)9	(25)2	(82)3	2.00	0	

(12)(1100)	1.00	(75)1	(79)10	(47)5	0.00	235	
max retalho: 4

(0)(101)	7.00	(83)1	18.00	0	

(1)(114)	4.00	(82)1	32.00	0	

(2)(1000)	4.00	(57)1	(47)20	3.00	940	

(3)(114)	1.00	(25)1	(47)1	42.00	0	

(4)(1100)	1.00	(75)9	(83)4	93.00	0	

(5)(1000)	1.00	(69)1	(82)2	(71)4	(72)6	(47)1	4.00	47	

(9)(327)	1.00	(69)2	(71)2	(47)1	0.00	47	
max retalho: 3

(0)(1000)	1.00	(57)11	(71)1	(47)6	20.00	282	
max retalho: 2

(0)(1100)	3.00	(47)23	19.00	0	
max retalho: 2

(0)(1000)	1.00	(47)2	0	906	
Sobra Total: 5371.00
Perda Total: 10916.00

Total Barras Cortadas:
Barra (1000) : 11
Barra (1100) : 99
Barra (114) : 6
Barra (327) : 3
Barra (101) : 9

Retalhos Gerados:
Retalho (47) : 2
Retalho (47) : 5
Retalho (47) : 80
Retalho (47) : 1
Retalho (47) : 1
Retalho (47) : 6
Retalho (906) : 1

7 Soluções

Saida Arquivo/Entrada/Class5/D5d16.txt

Minimizar a Perda Total
max retalho: 5

10 Soluções

Saida Arquivo/Entrada/Class5/D5d16.txt

Minimizar a Perda Total
max retalho: 5

(10)(1100)	3.00	(37)29	27.00	0	

(11)(1100)	3.00	(33)33	11.00	0	

(12)(1100)	2.00	(60)18	20.00	0	

(13)(1100)	2.00	(68)16	12.00	0	

(14)(1100)	2.00	(62)17	46.00	0	

(15)(1100)	2.00	(25)44	0.00	0	

(16)(1100)	2.00	(34)32	12.00	0	

(17)(1100)	2.00	(38)28	36.00	0	

(18)(1100)	2.00	(21)52	8.00	0	

(19)(1100)	2.00	(58)18	56.00	0	

(20)(1100)	2.00	(64)17	12.00	0	

(21)(1100)	2.00	(36)30	20.00	0	

(22)(1100)	1.00	(73)15	5.00	0	

(23)(1100)	1.00	(65)16	60.00	0	

(24)(1100)	1.00	(35)31	15.00	0	

(25)(1100)	1.00	(50)22	0.00	0	

(26)(1100)	1.00	(67)16	28.00	0	

(27)(1100)	1.00	(31)35	15.00	0	

(28)(1100)	1.00	(40)27	20.00	0	

(29)(1100)	1.00	(46)23	42.00	0	

(30)(1100)	1.00	(54)18	128.00	0	

(31)(1100)	1.00	(42)21	218.00	0	

(32)(1100)	1.00	(17)60	80.00	0	

(33)(1100)	1.00	(10)53	570.00	0	

(34)(1100)	1.00	(6)85	590.00	0	

(38)(327)	1.00	(61)5	(14)1	8.00	0	

(39)(101)	1.00	(61)1	(29)1	(8)1	3.00	0	
max retalho: 5

(0)(1100)	6.00	(83)13	21.00	0	

(1)(1100)	6.00	(79)13	73.00	0	

(2)(1100)	5.00	(75)14	50.00	0	

(3)(1100)	5.00	(57)19	17.00	0	

(4)(1100)	5.00	(78)14	8.00	0	

(5)(1100)	4.00	(71)15	35.00	0	

(6)(1100)	4.00	(82)13	34.00	0	

(7)(1100)	4.00	(69)15	65.00	0	

(8)(1100)	4.00	(72)15	20.00	0	

(9)(1100)	1.00	(67)7	631.00	0	

(10)(1100)	1.00	(65)12	320.00	0	

(11)(1100)	1.00	(33)11	737.00	0	

(12)(1100)	1.00	(73)12	224.00	0	

(13)(1100)	1.00	(68)10	420.00	0	

(14)(1100)	1.00	(47)10	630.00	0	

(15)(1100)	1.00	(35)20	400.00	0	

(16)(1100)	1.00	(37)11	693.00	0	

(17)(1100)	1.00	(50)10	600.00	0	

(18)(1100)	1.00	(8)53	676.00	0	

(19)(1100)	1.00	(60)12	380.00	0	

(20)(1100)	1.00	(62)7	666.00	0	

(21)(1100)	1.00	(34)7	862.00	0	

(22)(1000)	1.00	(46)3	(25)1	(13)16	(38)2	(40)5	(29)5	(31)1	(21)3	(58)1	(14)4	0.00	0	
max retalho: 5

(0)(114)	8.00	(31)1	(83)1	0.00	0	

(1)(1000)	1.00	(78)1	(69)9	(82)1	(71)2	(75)1	2.00	0	

(2)(1100)	1.00	(71)3	(75)2	(79)2	(72)8	3.00	0	

(3)(114)	1.00	(57)2	0.00	0	

(9)(327)	2.00	(82)3	(79)1	2.00	0	

(10)(1000)	1.00	(75)8	(79)5	5.00	0	

(11)(101)	1.00	(25)4	1.00	0	
