
Saida Arquivo/Entrada/Class10/D10d12.txt

Minimizar a Perda Total
max retalho: 5
(0)(1100)	18.00	(106)1	(233)4	(59)1	3.00	0	
(1)(1100)	10.00	(145)1	(121)2	(83)1	(210)3	0.00	0	
(2)(1100)	10.00	(114)1	(83)1	(225)4	3.00	0	
(3)(1100)	9.00	(137)8	4.00	0	
(4)(1100)	8.00	(74)1	(225)4	(67)1	(59)1	0.00	0	
(5)(1100)	7.00	(106)5	(83)1	(67)1	(210)2	0.00	0	
(6)(1100)	7.00	(122)9	2.00	0	
(7)(1100)	5.00	(98)8	(99)1	(217)1	0.00	0	
(8)(1100)	5.00	(99)3	(76)2	(217)3	0.00	0	
(9)(1100)	5.00	(121)5	(99)5	0.00	0	
(10)(1100)	4.00	(91)12	8.00	0	
(11)(1100)	3.00	(218)5	10.00	0	
(12)(1100)	3.00	(145)6	(114)2	2.00	0	
(13)(1100)	1.00	(121)9	11.00	0	
(20)(1000)	4.00	(145)6	(129)1	1.00	0	
max retalho: 5
(2)(1100)	1.00	(145)1	(98)1	(218)2	(210)2	1.00	0	
(3)(1100)	1.00	(145)1	(114)6	(106)2	(59)1	0.00	0	
(6)(1100)	1.00	(145)2	(106)1	(98)2	(74)1	(217)2	0.00	0	
max retalho: 5
(0)(1000)	1.00	(137)4	(129)1	(98)1	(225)1	0.00	0	
(5)(1100)	1.00	(145)1	(76)9	(67)4	3.00	0	
max retalho: 5
(3)(1100)	1.00	(129)1	(98)1	(91)3	(83)2	(76)3	(67)3	5.00	0	
max retalho: 5
(0)(1000)	1.00	(129)3	(122)1	0	491	
Sobra Total: 491.00
Perda Total: 226.00

Total Barras Cortadas:
Barra (1000) : 6
Barra (1100) : 100
Barra (389) : 0
Barra (194) : 0
Barra (379) : 0
Barra (195) : 0
Barra (369) : 0

Retalhos Gerados:
Retalho (491) : 1
