
Saida Arquivo/Entrada/Class10/D10d7.txt

Minimizar a Perda Total
max retalho: 5
(0)(1100)	16.00	(235)4	(85)1	(69)1	6.00	0	
(1)(1100)	16.00	(218)5	10.00	0	
(2)(1100)	10.00	(220)5	0.00	0	
(3)(1100)	9.00	(124)2	(101)1	(227)3	(69)1	1.00	0	
(4)(1100)	7.00	(131)1	(132)2	(116)5	(62)2	1.00	0	
(5)(1100)	7.00	(124)1	(107)7	(227)1	0.00	0	
(6)(1100)	6.00	(92)11	(85)1	3.00	0	
(7)(1100)	4.00	(132)7	(107)1	(69)1	0.00	0	
(8)(1100)	3.00	(61)18	2.00	0	
(9)(1100)	3.00	(116)3	(69)10	(62)1	0.00	0	
(10)(1100)	3.00	(139)7	(124)1	3.00	0	
(11)(1100)	3.00	(85)12	(77)1	3.00	0	
(12)(1100)	2.00	(109)10	10.00	0	
(13)(1100)	2.00	(92)1	(84)1	(77)12	0.00	0	
(14)(1100)	1.00	(131)3	(132)3	(62)5	1.00	0	
(15)(1100)	1.00	(84)13	8.00	0	
(16)(1000)	1.00	(107)5	(77)2	(62)5	1.00	0	
(17)(1100)	1.00	(109)2	(101)1	(84)1	(61)1	(212)3	0.00	0	
(20)(1000)	9.00	(85)1	(227)4	7.00	0	
max retalho: 5
(0)(1100)	1.00	(109)3	(101)1	(61)11	1.00	0	
(2)(1100)	1.00	(139)3	(235)1	(69)2	(62)5	0.00	0	
(6)(1100)	1.00	(124)1	(116)3	(109)2	(218)1	(69)1	(61)2	1.00	0	
(18)(1100)	1.00	(107)1	(92)2	(84)7	(220)1	1.00	0	
max retalho: 5
(2)(1000)	1.00	(132)2	(84)2	(85)4	(227)1	1.00	0	
max retalho: 5
(1)(1100)	1.00	(131)5	(109)1	(84)1	(69)1	(61)3	0.00	0	
max retalho: 5
(2)(1000)	1.00	(131)2	(109)3	(69)4	135.00	0	
Sobra Total: 0.00
Perda Total: 546.00

Total Barras Cortadas:
Barra (1000) : 12
Barra (1100) : 99
Barra (206) : 0
Barra (381) : 0
Barra (196) : 0
Barra (371) : 0
Barra (186) : 0

Retalhos Gerados:
