
Saida Arquivo/Entrada/Class10/D10d16.txt

Minimizar a Perda Total
max retalho: 5
(0)(1100)	15.00	(118)1	(71)1	(212)4	(63)1	0.00	0	
(1)(1100)	14.00	(141)2	(124)4	(93)1	(229)1	0.00	0	
(2)(1100)	12.00	(93)1	(236)4	(63)1	0.00	0	
(3)(1100)	10.00	(141)4	(78)1	(229)2	0.00	0	
(4)(1100)	7.00	(93)5	(94)6	(71)1	0.00	0	
(5)(1100)	7.00	(133)2	(118)6	(63)2	0.00	0	
(6)(1100)	6.00	(101)9	(94)2	3.00	0	
(7)(1100)	5.00	(109)10	10.00	0	
(8)(1100)	5.00	(220)5	0.00	0	
(9)(1100)	4.00	(78)14	8.00	0	
(10)(1100)	3.00	(140)1	(124)2	(237)3	1.00	0	
(11)(1100)	3.00	(133)4	(71)8	0.00	0	
(12)(1100)	2.00	(116)8	(101)1	(71)1	0.00	0	
(13)(1100)	1.00	(140)1	(93)1	(237)1	(70)9	0.00	0	
(15)(1100)	1.00	(133)4	(109)1	(229)2	1.00	0	
(20)(1000)	3.00	(78)1	(229)4	6.00	0	
max retalho: 5
(1)(1100)	1.00	(140)4	(109)1	(86)5	1.00	0	
(2)(1100)	1.00	(116)1	(118)1	(109)6	(212)1	0.00	0	
(4)(1100)	1.00	(141)1	(93)2	(236)2	(229)1	(71)1	1.00	0	
(5)(1000)	1.00	(133)3	(124)1	(237)2	3.00	0	
max retalho: 5
(3)(1100)	1.00	(94)2	(86)2	(78)4	(212)2	4.00	0	
max retalho: 5
(6)(1000)	1.00	(140)1	(124)1	(116)1	(118)1	(86)1	(71)2	(63)2	148.00	0	
Sobra Total: 0.00
Perda Total: 279.00

Total Barras Cortadas:
Barra (1000) : 5
Barra (1100) : 99
Barra (210) : 0
Barra (394) : 0
Barra (200) : 0
Barra (384) : 0
Barra (190) : 0

Retalhos Gerados:
