
Saida Arquivo/Entrada/Class10/D10d15.txt

Minimizar a Perda Total
max retalho: 5
(0)(1100)	15.00	(138)2	(123)1	(233)1	(234)2	0.00	0	
(1)(1100)	11.00	(83)1	(234)4	(76)1	5.00	0	
(2)(1100)	9.00	(115)5	(106)1	(209)2	1.00	0	
(3)(1100)	8.00	(138)3	(233)1	(226)2	1.00	0	
(4)(1100)	8.00	(146)7	(76)1	2.00	0	
(5)(1100)	7.00	(83)8	(218)2	0.00	0	
(6)(1100)	4.00	(68)16	12.00	0	
(7)(1100)	4.00	(98)1	(83)2	(76)11	0.00	0	
(8)(1100)	4.00	(130)7	(115)1	(75)1	0.00	0	
(9)(1100)	3.00	(138)7	(130)1	4.00	0	
(10)(1100)	3.00	(122)9	2.00	0	
(11)(1100)	2.00	(100)11	0.00	0	
(12)(1100)	2.00	(91)1	(233)3	(234)1	(76)1	0.00	0	
(13)(1100)	2.00	(218)5	10.00	0	
(14)(1100)	1.00	(106)1	(83)1	(75)1	(209)4	0.00	0	
(15)(1100)	1.00	(106)6	(83)1	(76)5	1.00	0	
(16)(1100)	1.00	(138)1	(122)1	(60)14	0.00	0	
(17)(1100)	1.00	(98)9	(218)1	0.00	0	
max retalho: 5
(0)(1100)	1.00	(100)2	(68)4	(209)3	1.00	0	
(1)(1100)	1.00	(138)5	(68)6	2.00	0	
(3)(1100)	1.00	(130)2	(233)1	(226)1	(76)5	1.00	0	
(6)(1100)	1.00	(146)1	(122)4	(115)1	(100)2	(75)2	1.00	0	
max retalho: 5
(0)(1100)	1.00	(130)1	(106)1	(100)1	(91)2	(233)1	(83)1	(234)1	32.00	0	
max retalho: 5
(0)(1100)	1.00	(100)2	(218)2	0	464	
Sobra Total: 464.00
Perda Total: 212.00

Total Barras Cortadas:
Barra (1000) : 0
Barra (1100) : 92
Barra (205) : 0
Barra (390) : 0
Barra (196) : 0
Barra (380) : 0
Barra (197) : 0

Retalhos Gerados:
Retalho (464) : 1
