
Saida Arquivo/Entrada/Class10/D10d13.txt

Minimizar a Perda Total
max retalho: 5
(0)(1100)	13.00	(220)5	0.00	0	
(1)(1100)	13.00	(102)1	(85)1	(228)4	1.00	0	
(2)(1100)	8.00	(101)7	(102)2	(94)2	1.00	0	
(3)(1100)	6.00	(124)8	(102)1	6.00	0	
(4)(1100)	6.00	(124)1	(125)7	(101)1	0.00	0	
(5)(1100)	7.00	(85)1	(236)4	(70)1	1.00	0	
(6)(1100)	6.00	(235)3	(236)1	(79)2	1.00	0	
(7)(1100)	5.00	(148)6	(70)3	2.00	0	
(8)(1100)	4.00	(148)1	(132)4	(212)2	0.00	0	
(9)(1100)	3.00	(132)6	(77)4	0.00	0	
(10)(1100)	2.00	(94)1	(236)4	(62)1	0.00	0	
(11)(1100)	2.00	(102)10	(79)1	1.00	0	
(12)(1100)	2.00	(117)7	(70)4	1.00	0	
(13)(1100)	2.00	(109)10	10.00	0	
(14)(1100)	1.00	(140)7	(117)1	3.00	0	
(15)(1100)	1.00	(79)13	(70)1	3.00	0	
max retalho: 5
(0)(1100)	1.00	(148)3	(124)2	(102)4	0.00	0	
(1)(1100)	1.00	(101)1	(235)1	(236)1	(77)4	(220)1	0.00	0	
(2)(1100)	1.00	(132)1	(125)4	(117)4	0.00	0	
(3)(1100)	1.00	(124)2	(109)5	(102)3	1.00	0	
(10)(1100)	1.00	(124)2	(220)1	(70)6	(212)1	0.00	0	
max retalho: 5
(0)(1100)	1.00	(148)2	(140)2	(79)1	(220)2	5.00	0	
max retalho: 5
(0)(1100)	1.00	(132)1	(109)1	(101)1	(94)2	(85)2	(77)2	(62)1	184.00	0	
Sobra Total: 0.00
Perda Total: 300.00

Total Barras Cortadas:
Barra (1000) : 0
Barra (1100) : 88
Barra (210) : 0
Barra (394) : 0
Barra (200) : 0
Barra (384) : 0
Barra (202) : 0

Retalhos Gerados:
