
Saida Arquivo/Entrada/Class10/D10d20.txt

Minimizar a Perda Total
max retalho: 5
(0)(1100)	16.00	(127)1	(79)1	(222)4	6.00	0	
(1)(1100)	11.00	(142)1	(238)4	6.00	0	
(2)(1100)	10.00	(127)1	(81)1	(223)4	0.00	0	
(3)(1100)	9.00	(134)5	(119)3	(72)1	1.00	0	
(4)(1100)	6.00	(96)1	(72)2	(215)4	0.00	0	
(5)(1100)	6.00	(103)4	(104)6	(64)1	0.00	0	
(6)(1100)	5.00	(126)2	(79)2	(230)3	0.00	0	
(7)(1100)	2.00	(119)5	(72)7	1.00	0	
(8)(1100)	2.00	(64)17	12.00	0	
(9)(1100)	2.00	(134)2	(96)5	(88)4	0.00	0	
(10)(1100)	1.00	(126)4	(127)4	(88)1	0.00	0	
(11)(1100)	1.00	(134)2	(88)8	(64)2	0.00	0	
(12)(1100)	1.00	(103)3	(79)10	1.00	0	
(13)(1100)	1.00	(126)8	(88)1	4.00	0	
(14)(1100)	1.00	(126)2	(72)10	(64)2	0.00	0	
(15)(1100)	1.00	(142)3	(223)3	5.00	0	
(16)(1100)	1.00	(111)3	(96)1	(222)3	5.00	0	
(17)(1100)	1.00	(127)1	(79)1	(222)3	(56)4	4.00	0	
(19)(1100)	9.00	(127)1	(79)1	(223)4	2.00	0	
max retalho: 5
(0)(1100)	1.00	(126)3	(72)1	(215)3	5.00	0	
(2)(1100)	1.00	(103)1	(238)2	(72)1	(64)7	1.00	0	
(4)(1100)	1.00	(134)3	(119)1	(88)4	(223)1	4.00	0	
max retalho: 5
(0)(1100)	1.00	(126)2	(119)2	(79)4	(222)1	(72)1	0.00	0	
max retalho: 5
(0)(1100)	1.00	(142)1	(127)2	(119)1	(103)1	(96)2	(88)1	(72)1	(64)2	2.00	0	
max retalho: 5
(0)(1100)	1.00	(103)5	(72)5	225.00	0	
Sobra Total: 0.00
Perda Total: 471.00

Total Barras Cortadas:
Barra (1000) : 0
Barra (1100) : 92
Barra (200) : 0
Barra (385) : 0
Barra (201) : 0
Barra (375) : 0
Barra (191) : 0

Retalhos Gerados:
