
Saida Arquivo/Entrada/Class10/D10d1.txt

Minimizar a Perda Total
max retalho: 5
(0)(1100)	15.00	(89)1	(81)1	(232)4	2.00	0	
(1)(1100)	13.00	(88)2	(231)4	0.00	0	
(2)(1100)	8.00	(96)1	(88)2	(207)4	0.00	0	
(3)(1100)	7.00	(88)2	(239)3	(207)1	0.00	0	
(4)(1100)	7.00	(128)7	(104)1	(96)1	4.00	0	
(5)(1100)	6.00	(119)6	(113)1	(215)1	(58)1	0.00	0	
(6)(1100)	4.00	(239)2	(207)3	1.00	0	
(7)(1100)	5.00	(104)10	(58)1	2.00	0	
(8)(1100)	2.00	(113)9	(81)1	2.00	0	
(9)(1100)	3.00	(119)8	(89)1	(58)1	1.00	0	
(10)(1100)	1.00	(239)2	(89)1	(232)2	(65)1	4.00	0	
(11)(1100)	1.00	(136)8	12.00	0	
(12)(1100)	1.00	(119)1	(89)11	2.00	0	
(15)(1100)	1.00	(111)8	(113)1	(96)1	3.00	0	
(19)(1100)	17.00	(113)1	(89)1	(224)4	2.00	0	
max retalho: 5
(0)(1100)	1.00	(96)6	(231)2	(58)1	4.00	0	
(1)(1100)	1.00	(239)3	(89)1	(73)4	2.00	0	
(3)(1100)	1.00	(128)1	(113)8	(66)1	2.00	0	
(6)(1100)	1.00	(104)4	(224)1	(65)2	(66)5	0.00	0	
max retalho: 5
(0)(1100)	1.00	(136)1	(119)1	(113)1	(88)1	(89)3	(65)4	(58)2	1.00	0	
max retalho: 5
(0)(1100)	1.00	(136)1	(119)1	(239)1	(231)1	(66)2	(207)1	36.00	0	
max retalho: 5
(0)(1100)	1.00	(136)1	0	964	
Sobra Total: 964.00
Perda Total: 179.00

Total Barras Cortadas:
Barra (1000) : 0
Barra (1100) : 98
Barra (204) : 0
Barra (388) : 0
Barra (194) : 0
Barra (378) : 0
Barra (184) : 0

Retalhos Gerados:
Retalho (964) : 1
