
Saida Arquivo/Entrada/Class10/D10d14.txt

Minimizar a Perda Total
max retalho: 5
(0)(1100)	16.00	(238)1	(239)3	(72)2	1.00	0	
(1)(1100)	16.00	(88)2	(231)4	0.00	0	
(2)(1100)	10.00	(127)1	(95)1	(223)2	(216)2	0.00	0	
(3)(1100)	9.00	(88)1	(80)1	(72)1	(215)4	0.00	0	
(4)(1100)	7.00	(112)1	(95)1	(223)4	1.00	0	
(5)(1100)	6.00	(135)1	(95)3	(97)7	1.00	0	
(6)(1100)	6.00	(143)1	(238)4	5.00	0	
(7)(1100)	6.00	(143)1	(239)4	1.00	0	
(8)(1100)	4.00	(120)2	(215)4	0.00	0	
(9)(1000)	5.00	(135)1	(216)4	1.00	0	
(10)(1100)	4.00	(238)3	(239)1	(73)2	1.00	0	
(11)(1100)	3.00	(119)6	(95)1	(97)3	0.00	0	
(12)(1100)	2.00	(135)4	(127)1	(216)2	1.00	0	
(13)(1100)	2.00	(95)8	(97)1	(88)2	(65)1	2.00	0	
(14)(1100)	1.00	(120)1	(97)1	(88)10	3.00	0	
(20)(1100)	2.00	(104)3	(95)1	(231)3	0.00	0	
max retalho: 5
(1)(1100)	1.00	(135)6	(120)1	(97)1	(72)1	1.00	0	
(2)(1100)	1.00	(127)2	(238)3	(65)2	2.00	0	
(4)(1100)	1.00	(143)2	(127)2	(112)1	(104)2	(239)1	1.00	0	
(13)(1100)	1.00	(112)4	(215)3	7.00	0	
max retalho: 5
(3)(1100)	1.00	(112)1	(104)1	(97)3	(80)1	(231)1	(65)1	(216)1	1.00	0	
max retalho: 5
(0)(1100)	1.00	(127)2	(120)1	(80)5	(72)1	(223)1	31.00	0	
Sobra Total: 0.00
Perda Total: 126.00

Total Barras Cortadas:
Barra (1000) : 5
Barra (1100) : 100
Barra (399) : 0
Barra (207) : 0
Barra (389) : 0
Barra (198) : 0
Barra (379) : 0

Retalhos Gerados:
