
Saida Arquivo/Entrada/Class10/D10d18.txt

Minimizar a Perda Total
max retalho: 5
(0)(1100)	17.00	(139)4	(92)1	(226)2	0.00	0	
(1)(1100)	17.00	(92)1	(235)4	(68)1	0.00	0	
(2)(1100)	15.00	(92)1	(233)4	(76)1	0.00	0	
(3)(1100)	10.00	(130)1	(115)6	(69)1	(210)1	1.00	0	
(4)(1000)	9.00	(92)1	(226)4	4.00	0	
(5)(1000)	8.00	(107)7	(99)1	(84)1	(68)1	0.00	0	
(6)(1100)	6.00	(122)9	2.00	0	
(7)(1000)	6.00	(130)6	(76)2	(68)1	0.00	0	
(8)(1000)	5.00	(84)1	(76)1	(210)4	0.00	0	
(9)(1100)	4.00	(99)4	(92)1	(68)9	0.00	0	
(10)(1100)	4.00	(84)13	8.00	0	
(11)(1100)	3.00	(61)18	2.00	0	
(12)(1100)	3.00	(137)8	4.00	0	
(13)(1100)	2.00	(91)12	8.00	0	
(14)(1100)	1.00	(99)11	11.00	0	
(15)(1000)	1.00	(92)10	(76)1	4.00	0	
(16)(1100)	1.00	(218)5	10.00	0	
(17)(1100)	1.00	(69)15	(61)1	4.00	0	
(20)(1100)	9.00	(130)1	(114)6	(76)1	(210)1	0.00	0	
max retalho: 5
(1)(1100)	1.00	(114)1	(218)2	(61)9	1.00	0	
(2)(1100)	1.00	(122)6	(92)4	0.00	0	
(4)(1100)	1.00	(139)1	(115)4	(107)1	(91)2	(76)1	(68)2	0.00	0	
(5)(1100)	1.00	(92)2	(233)1	(226)3	5.00	0	
(6)(1100)	1.00	(137)3	(130)2	(92)1	(69)4	(61)1	0.00	0	
max retalho: 5
(2)(1000)	1.00	(91)2	(233)2	(84)2	(61)3	1.00	0	
max retalho: 5
(1)(1100)	1.00	(139)1	(130)2	(99)3	(76)1	(68)3	(61)2	2.00	0	
max retalho: 5
(3)(1000)	1.00	(99)5	(91)1	(92)1	(76)3	94.00	0	
Sobra Total: 0.00
Perda Total: 256.00

Total Barras Cortadas:
Barra (1000) : 31
Barra (1100) : 99
Barra (205) : 0
Barra (391) : 0
Barra (195) : 0
Barra (381) : 0
Barra (185) : 0

Retalhos Gerados:
