
Saida Arquivo/Entrada/Class10/D10d3.txt

Minimizar a Perda Total
max retalho: 5
(0)(1100)	19.00	(223)4	(208)1	0.00	0	
(1)(1100)	15.00	(105)1	(231)4	(67)1	4.00	0	
(2)(1100)	6.00	(136)8	12.00	0	
(3)(1100)	5.00	(120)7	(65)4	0.00	0	
(4)(1100)	4.00	(105)8	(65)4	0.00	0	
(5)(1100)	4.00	(105)1	(74)8	(65)3	(208)1	0.00	0	
(6)(1100)	3.00	(105)1	(97)1	(65)1	(208)4	1.00	0	
(7)(1100)	3.00	(120)5	(216)2	(67)1	1.00	0	
(8)(1100)	3.00	(128)1	(74)1	(224)4	2.00	0	
(9)(1100)	2.00	(97)4	(89)8	0.00	0	
(10)(1100)	2.00	(135)5	(120)3	(65)1	0.00	0	
(11)(1100)	1.00	(120)2	(113)1	(105)5	(74)3	0.00	0	
(12)(1100)	1.00	(239)4	(74)1	(67)1	3.00	0	
(13)(1100)	1.00	(97)10	(65)2	0.00	0	
(14)(1100)	1.00	(120)4	(90)4	(65)4	0.00	0	
(15)(1100)	1.00	(113)8	(65)3	1.00	0	
(17)(1100)	1.00	(120)4	(112)4	(105)1	(67)1	0.00	0	
max retalho: 5
(0)(1100)	1.00	(136)6	(120)1	(82)2	0.00	0	
(1)(1100)	1.00	(128)2	(105)4	(216)1	(208)1	0.00	0	
(3)(1100)	1.00	(135)2	(97)3	(89)1	(223)2	4.00	0	
max retalho: 5
(0)(1100)	1.00	(128)2	(97)1	(89)1	(239)1	(208)2	3.00	0	
max retalho: 5
(0)(1100)	1.00	(136)1	(120)1	(97)1	(89)2	(74)1	(224)1	(67)1	204.00	0	
Sobra Total: 0.00
Perda Total: 359.00

Total Barras Cortadas:
Barra (1000) : 0
Barra (1100) : 77
Barra (388) : 0
Barra (208) : 0
Barra (379) : 0
Barra (198) : 0
Barra (380) : 0

Retalhos Gerados:
