
Saida Arquivo/Entrada/Class10/D10d8.txt

Minimizar a Perda Total
max retalho: 5
(0)(1100)	17.00	(127)1	(230)1	(80)1	(221)3	0.00	0	
(1)(1100)	11.00	(103)1	(230)4	(72)1	5.00	0	
(2)(1100)	9.00	(142)1	(238)4	6.00	0	
(3)(1100)	8.00	(142)7	(103)1	3.00	0	
(4)(1100)	8.00	(127)5	(102)3	(79)1	(80)1	0.00	0	
(5)(1100)	7.00	(134)5	(214)2	2.00	0	
(6)(1100)	6.00	(125)6	(127)2	(95)1	1.00	0	
(7)(1100)	5.00	(110)10	0.00	0	
(8)(1100)	5.00	(125)1	(119)1	(214)4	0.00	0	
(9)(1100)	5.00	(103)3	(79)10	1.00	0	
(10)(1100)	4.00	(102)10	(79)1	1.00	0	
(11)(1100)	3.00	(150)6	(134)1	(64)1	2.00	0	
(12)(1100)	3.00	(142)3	(223)3	5.00	0	
(13)(1100)	2.00	(127)1	(87)1	(221)4	2.00	0	
(14)(1100)	1.00	(127)1	(87)3	(72)1	(64)10	0.00	0	
(15)(1000)	2.00	(72)5	(64)10	0.00	0	
(16)(1100)	1.00	(125)2	(119)6	(72)1	(64)1	0.00	0	
(17)(1100)	1.00	(125)1	(79)1	(64)14	0.00	0	
(20)(1000)	2.00	(125)8	0.00	0	
max retalho: 5
(0)(1100)	1.00	(142)1	(134)1	(110)1	(102)4	(230)1	(72)1	4.00	0	
(2)(1100)	1.00	(125)1	(119)2	(110)3	(64)3	(214)1	1.00	0	
max retalho: 5
(1)(1100)	1.00	(150)2	(134)1	(119)1	(110)4	(102)1	5.00	0	
max retalho: 5
(4)(1000)	1.00	(150)1	(110)1	(102)1	(103)1	(87)2	0	361	
Sobra Total: 361.00
Perda Total: 197.00

Total Barras Cortadas:
Barra (1000) : 5
Barra (1100) : 99
Barra (396) : 0
Barra (203) : 0
Barra (386) : 0
Barra (204) : 0
Barra (376) : 0

Retalhos Gerados:
Retalho (361) : 1
