
Saida Arquivo/Entrada/Class9/D9d18.txt

Minimizar a Perda Total
max retalho: 3
(0)(1100)	16.00	(52)21	8.00	0	
(1)(1100)	12.00	(37)25	(29)5	(30)1	0.00	0	
(2)(1100)	12.00	(29)3	(5)1	(56)18	0.00	0	
(3)(1100)	10.00	(29)1	(7)1	(48)22	(8)1	0.00	0	
(4)(1100)	6.00	(25)44	0.00	0	
(5)(1100)	6.00	(32)11	(17)44	0.00	0	
(6)(1100)	5.00	(30)34	(40)2	0.00	0	
(7)(1100)	4.00	(55)20	0.00	0	
(8)(1100)	4.00	(14)2	(33)32	(8)2	0.00	0	
(9)(1100)	3.00	(22)50	0.00	0	
(10)(1100)	3.00	(29)37	(5)2	(17)1	0.00	0	
(11)(1100)	2.00	(14)78	8.00	0	
(12)(1100)	2.00	(45)24	(5)1	(7)1	(8)1	0.00	0	
(13)(1100)	2.00	(7)157	1.00	0	
(14)(1100)	1.00	(53)19	(37)1	(56)1	0.00	0	
(15)(1100)	1.00	(5)1	(7)1	(32)34	0.00	0	
(16)(1100)	1.00	(10)110	0.00	0	
(17)(1100)	1.00	(8)137	4.00	0	
(18)(1100)	1.00	(5)220	0.00	0	
max retalho: 3
(0)(1100)	1.00	(29)5	(55)5	(40)17	0.00	0	
(2)(1100)	1.00	(53)4	(14)20	(5)1	(33)18	(8)1	1.00	0	
(5)(1100)	1.00	(5)2	(48)1	(25)41	(17)1	0.00	0	
(7)(1100)	1.00	(53)2	(37)13	(56)9	(8)1	1.00	0	
max retalho: 3
(0)(1100)	1.00	(22)10	(32)27	(8)2	0.00	0	
(4)(1100)	1.00	(29)2	(22)14	(5)47	(55)9	4.00	0	
max retalho: 3
(1)(1000)	1.00	(52)3	(45)4	(30)3	(22)9	(7)3	(25)2	(8)38	1.00	0	
max retalho: 3
(1)(1100)	1.00	(53)12	(22)2	(10)42	0.00	0	
max retalho: 3
(2)(1000)	1.00	(29)20	(22)5	(8)4	278.00	0	
Sobra Total: 0.00
Perda Total: 435.00

Total Barras Cortadas:
Barra (1000) : 2
Barra (1100) : 99
Barra (45) : 0
Barra (266) : 0
Barra (32) : 0
Barra (254) : 0
Barra (490) : 0

Retalhos Gerados:
