
Saida Arquivo/Entrada/Class9/D9d13.txt

Minimizar a Perda Total
max retalho: 3
(0)(1100)	16.00	(56)1	(41)1	(59)17	0.00	0	
(1)(1100)	13.00	(46)2	(48)21	0.00	0	
(2)(1100)	10.00	(38)26	(56)2	0.00	0	
(3)(1100)	10.00	(56)18	(41)1	(51)1	0.00	0	
(4)(1100)	5.00	(32)28	(17)12	0.00	0	
(5)(1100)	5.00	(53)19	(38)2	(17)1	0.00	0	
(6)(1100)	3.00	(21)52	8.00	0	
(7)(1100)	3.00	(14)78	8.00	0	
(8)(1100)	3.00	(45)1	(30)33	(24)2	(17)1	0.00	0	
(9)(1100)	2.00	(26)42	8.00	0	
(10)(1100)	2.00	(41)25	(24)1	(51)1	0.00	0	
(11)(1100)	1.00	(45)7	(24)32	(17)1	0.00	0	
(12)(1100)	1.00	(46)1	(23)35	(48)5	(9)1	0.00	0	
(16)(1100)	1.00	(6)118	(49)8	0.00	0	
max retalho: 3
(0)(1100)	1.00	(21)2	(14)70	(26)3	0.00	0	
(2)(1100)	1.00	(45)20	(21)1	(14)2	(49)1	(51)2	0.00	0	
(3)(1100)	1.00	(48)4	(41)3	(17)16	(9)57	0.00	0	
(6)(1100)	1.00	(53)3	(41)13	(24)17	0.00	0	
(7)(1100)	1.00	(38)8	(30)18	(32)8	0.00	0	
max retalho: 3
(0)(1100)	1.00	(21)7	(26)36	(17)1	0.00	0	
(6)(1100)	1.00	(38)6	(21)1	(56)10	(59)4	(51)1	4.00	0	
max retalho: 3
(0)(1100)	1.00	(46)1	(21)38	(51)5	1.00	0	
max retalho: 3
(0)(1100)	1.00	(46)4	(30)11	(6)5	(41)3	(17)1	(59)1	(51)7	0.00	0	
max retalho: 3
(0)(1100)	1.00	(46)5	(6)1	(24)2	(51)4	0	612	
Sobra Total: 612.00
Perda Total: 69.00

Total Barras Cortadas:
Barra (1000) : 0
Barra (1100) : 85
Barra (113) : 0
Barra (347) : 0
Barra (100) : 0
Barra (334) : 0
Barra (102) : 0

Retalhos Gerados:
Retalho (612) : 1
