
Saida Arquivo/Entrada/Class9/D9d12.txt

Minimizar a Perda Total
max retalho: 3
(0)(1100)	8.00	(7)1	(48)1	(58)18	1.00	0	
(1)(1100)	8.00	(37)28	(40)1	(24)1	0.00	0	
(2)(1100)	8.00	(45)22	(30)1	(40)2	0.00	0	
(3)(1100)	7.00	(55)20	0.00	0	
(4)(1100)	7.00	(6)2	(7)1	(47)23	0.00	0	
(5)(1100)	6.00	(32)28	(17)12	0.00	0	
(6)(1100)	5.00	(22)50	0.00	0	
(7)(1100)	5.00	(37)1	(7)1	(48)22	0.00	0	
(8)(1100)	5.00	(53)20	(40)1	0.00	0	
(9)(1100)	5.00	(6)1	(47)2	(40)25	0.00	0	
(10)(1100)	4.00	(30)34	(40)2	0.00	0	
(11)(1100)	3.00	(30)2	(40)2	(24)40	0.00	0	
(12)(1100)	3.00	(14)78	8.00	0	
(13)(1100)	3.00	(6)2	(17)64	0.00	0	
(14)(1100)	2.00	(37)7	(29)29	0.00	0	
(15)(1100)	2.00	(52)21	8.00	0	
(16)(1100)	2.00	(9)122	2.00	0	
max retalho: 3
(0)(1100)	1.00	(37)14	(6)1	(48)12	0.00	0	
(1)(1100)	1.00	(22)48	(6)2	(32)1	0.00	0	
(2)(1100)	1.00	(24)12	(58)14	0.00	0	
(4)(1100)	1.00	(30)22	(55)8	0.00	0	
(5)(1100)	1.00	(37)2	(14)63	(48)3	0.00	0	
(6)(1100)	1.00	(29)17	(6)2	(7)12	(17)30	1.00	0	
(11)(1100)	1.00	(45)14	(6)29	(47)2	(40)5	2.00	0	
max retalho: 3
(0)(1100)	1.00	(14)1	(6)71	(24)25	(58)1	2.00	0	
(4)(1100)	1.00	(37)3	(7)42	(55)6	(32)2	(25)12	1.00	0	
max retalho: 3
(0)(1100)	1.00	(52)3	(53)4	(37)7	(6)1	(7)1	(48)5	(32)6	(9)3	1.00	0	
max retalho: 3
(0)(345)	1.00	(53)1	(32)4	164.00	0	
Sobra Total: 0.00
Perda Total: 223.00

Total Barras Cortadas:
Barra (1000) : 0
Barra (1100) : 93
Barra (123) : 0
Barra (358) : 0
Barra (110) : 0
Barra (345) : 1
Barra (112) : 0

Retalhos Gerados:
