
Saida Arquivo/Entrada/Class9/D9d9.txt

Minimizar a Perda Total
max retalho: 3
(0)(1100)	13.00	(55)20	0.00	0	
(1)(1100)	11.00	(52)21	8.00	0	
(2)(1100)	9.00	(30)34	(24)3	(8)1	0.00	0	
(3)(1100)	7.00	(44)25	0.00	0	
(4)(1100)	7.00	(39)28	8.00	0	
(5)(1100)	7.00	(36)30	(14)1	(6)1	0.00	0	
(6)(1100)	7.00	(6)2	(32)34	0.00	0	
(7)(1100)	6.00	(21)52	8.00	0	
(8)(1100)	5.00	(37)7	(29)29	0.00	0	
(9)(1100)	4.00	(12)1	(47)23	(7)1	0.00	0	
(10)(1100)	2.00	(15)73	5.00	0	
(11)(1100)	1.00	(14)78	8.00	0	
(12)(1100)	1.00	(12)91	8.00	0	
(13)(1100)	1.00	(12)1	(54)20	(8)1	0.00	0	
(14)(1100)	2.00	(59)18	(30)1	(8)1	0.00	0	
(15)(1100)	1.00	(6)183	2.00	0	
(16)(1100)	1.00	(54)2	(24)41	(8)1	0.00	0	
(17)(1100)	1.00	(8)137	4.00	0	
max retalho: 3
(0)(1100)	1.00	(29)16	(6)2	(24)26	0.00	0	
(1)(1100)	1.00	(55)4	(30)29	(8)1	2.00	0	
(2)(1100)	1.00	(59)4	(37)3	(21)10	(6)1	(47)3	(39)4	(8)30	0.00	0	
(3)(1100)	1.00	(12)23	(14)1	(54)15	0.00	0	
(4)(1100)	1.00	(44)10	(6)110	0.00	0	
(7)(1100)	1.00	(52)7	(15)49	1.00	0	
max retalho: 3
(0)(1100)	1.00	(52)1	(44)2	(29)7	(14)3	(55)13	0.00	0	
max retalho: 3
(0)(1100)	1.00	(52)2	(44)4	(14)58	(7)1	1.00	0	
max retalho: 3
(0)(1100)	1.00	(52)5	(12)49	(6)2	(54)1	(30)1	(24)1	(7)5	(8)2	81.00	0	
Sobra Total: 0.00
Perda Total: 309.00

Total Barras Cortadas:
Barra (1000) : 0
Barra (1100) : 95
Barra (44) : 0
Barra (265) : 0
Barra (31) : 0
Barra (267) : 0
Barra (488) : 0

Retalhos Gerados:
