
Saida Arquivo/Entrada/Class9/D9d4.txt

Minimizar a Perda Total
max retalho: 3
(0)(1100)	14.00	(49)20	(45)2	(30)1	0.00	0	
(1)(1100)	13.00	(55)20	0.00	0	
(2)(1000)	11.00	(27)1	(19)1	(53)18	0.00	0	
(3)(1100)	9.00	(27)1	(19)2	(45)23	0.00	0	
(4)(1100)	8.00	(52)21	8.00	0	
(5)(1100)	8.00	(57)19	(5)1	(6)2	0.00	0	
(6)(1100)	6.00	(27)36	(19)2	(30)3	0.00	0	
(7)(1100)	5.00	(42)26	8.00	0	
(8)(1100)	4.00	(19)2	(30)35	(6)2	0.00	0	
(9)(1100)	4.00	(50)22	0.00	0	
(10)(1100)	3.00	(25)44	0.00	0	
(11)(1100)	3.00	(28)39	8.00	0	
(12)(1100)	2.00	(13)84	8.00	0	
(13)(1100)	2.00	(19)57	(5)1	(6)2	0.00	0	
(14)(1100)	2.00	(10)110	0.00	0	
(15)(1100)	2.00	(22)50	0.00	0	
(16)(1100)	2.00	(19)1	(53)19	(37)2	0.00	0	
(17)(1100)	1.00	(5)220	0.00	0	
(18)(1100)	1.00	(6)183	2.00	0	
(19)(1100)	1.00	(34)23	(53)6	0.00	0	
(20)(1000)	8.00	(19)2	(37)26	0.00	0	
max retalho: 3
(0)(1100)	1.00	(49)10	(28)21	(5)2	(6)2	0.00	0	
(1)(1100)	1.00	(19)1	(45)15	(37)10	(30)1	(6)1	0.00	0	
(3)(1100)	1.00	(13)83	(5)3	(6)1	0.00	0	
(5)(1100)	1.00	(42)18	(6)2	(55)6	2.00	0	
(6)(1100)	1.00	(49)3	(25)36	(27)1	(5)4	(6)1	0.00	0	
(9)(1100)	1.00	(57)3	(50)2	(10)56	(53)1	(22)9	(6)3	0.00	0	
max retalho: 3
(1)(1100)	1.00	(52)7	(53)6	(37)9	(5)6	(55)1	0.00	0	
(3)(1100)	1.00	(49)5	(19)37	(5)4	(6)22	0.00	0	
max retalho: 3
(1)(1000)	1.00	(57)5	(5)77	(55)6	0.00	0	
(7)(1000)	1.00	(27)21	(52)6	(30)4	1.00	0	
max retalho: 3
(0)(1100)	1.00	(49)1	(52)6	(30)19	(55)3	4.00	0	
max retalho: 3
(0)(1100)	1.00	(52)1	0	1048	
Sobra Total: 1048.00
Perda Total: 153.00

Total Barras Cortadas:
Barra (1000) : 21
Barra (1100) : 100
Barra (117) : 0
Barra (352) : 0
Barra (105) : 0
Barra (339) : 0
Barra (106) : 0

Retalhos Gerados:
Retalho (1048) : 1
