
Saida Arquivo/Entrada/Class9/D9d14.txt

Minimizar a Perda Total
max retalho: 3
(0)(1100)	12.00	(53)20	(40)1	0.00	0	
(1)(1100)	10.00	(48)21	(41)1	(51)1	0.00	0	
(2)(1100)	9.00	(41)9	(17)1	(51)14	0.00	0	
(3)(1100)	8.00	(45)4	(40)23	0.00	0	
(4)(1100)	7.00	(15)1	(41)2	(59)17	0.00	0	
(5)(1100)	7.00	(38)26	(30)1	(41)2	0.00	0	
(6)(1100)	7.00	(33)5	(17)1	(51)18	0.00	0	
(7)(1100)	6.00	(47)22	(33)2	0.00	0	
(8)(1100)	5.00	(47)2	(23)43	(17)1	0.00	0	
(9)(1100)	4.00	(30)34	(40)2	0.00	0	
(10)(1100)	4.00	(22)50	0.00	0	
(11)(1100)	3.00	(7)2	(33)2	(17)60	0.00	0	
(12)(1100)	3.00	(25)44	0.00	0	
(13)(1100)	2.00	(45)22	(47)1	(23)2	(17)1	0.00	0	
(14)(1100)	2.00	(18)61	2.00	0	
(15)(1100)	1.00	(15)73	5.00	0	
(16)(1100)	1.00	(15)1	(7)2	(51)21	0.00	0	
(17)(1100)	1.00	(56)12	(48)7	(41)2	(10)1	0.00	0	
(20)(1000)	2.00	(48)20	(40)1	0.00	0	
max retalho: 3
(0)(1100)	1.00	(45)10	(15)43	5.00	0	
(1)(1100)	1.00	(38)19	(30)2	(23)1	(59)5	0.00	0	
(3)(1100)	1.00	(48)18	(41)1	(25)7	(10)2	0.00	0	
(6)(1000)	1.00	(53)4	(22)7	(7)6	(40)3	(41)5	(33)6	(18)1	(51)1	0.00	0	
max retalho: 3
(0)(1100)	1.00	(30)9	(23)22	(18)18	0.00	0	
(1)(1100)	1.00	(15)1	(17)48	(10)1	(51)5	4.00	0	
(4)(1100)	1.00	(45)5	(10)40	(59)8	3.00	0	
max retalho: 3
(1)(1100)	1.00	(47)4	(30)14	(23)4	(25)16	0.00	0	
max retalho: 3
(5)(1000)	1.00	(47)4	(30)1	(23)9	(41)1	(17)1	(10)14	0	377	
Sobra Total: 377.00
Perda Total: 21.00

Total Barras Cortadas:
Barra (1000) : 4
Barra (1100) : 99
Barra (113) : 0
Barra (347) : 0
Barra (100) : 0
Barra (335) : 0
Barra (102) : 0

Retalhos Gerados:
Retalho (377) : 1
