
Saida Arquivo/Entrada/Class9/D9d5.txt

Minimizar a Perda Total
max retalho: 3
(0)(1100)	13.00	(58)18	(27)1	(29)1	0.00	0	
(1)(1100)	11.00	(27)2	(11)1	(45)23	0.00	0	
(2)(1100)	11.00	(52)21	8.00	0	
(3)(1100)	10.00	(51)20	(37)2	(6)1	0.00	0	
(4)(1100)	7.00	(37)28	(29)2	(6)1	0.00	0	
(5)(1100)	5.00	(19)1	(4)2	(29)37	0.00	0	
(6)(1100)	5.00	(44)25	0.00	0	
(7)(1100)	5.00	(22)50	0.00	0	
(8)(1100)	4.00	(26)42	8.00	0	
(9)(1100)	3.00	(58)17	(19)6	0.00	0	
(10)(1100)	3.00	(55)20	0.00	0	
(11)(1100)	3.00	(21)52	8.00	0	
(12)(1100)	3.00	(27)40	(4)2	(6)2	0.00	0	
(13)(1100)	2.00	(42)26	8.00	0	
(14)(1100)	2.00	(14)78	8.00	0	
(15)(1100)	2.00	(34)32	(6)2	0.00	0	
(16)(1100)	1.00	(11)100	0.00	0	
(17)(1100)	1.00	(49)22	(4)2	(14)1	0.00	0	
(18)(1100)	1.00	(4)275	0.00	0	
(20)(1000)	1.00	(58)17	(4)2	(6)1	0.00	0	
max retalho: 3
(0)(1100)	1.00	(37)25	(6)29	1.00	0	
(1)(1100)	1.00	(58)13	(44)1	(29)10	(6)2	0.00	0	
(2)(1100)	1.00	(49)10	(52)10	(45)2	0.00	0	
(4)(1100)	1.00	(51)12	(26)2	(19)4	(45)8	0.00	0	
(10)(1100)	1.00	(27)3	(11)26	(14)17	(55)9	0.00	0	
max retalho: 3
(0)(1100)	1.00	(11)26	(45)5	(6)98	1.00	0	
max retalho: 3
(1)(1100)	1.00	(42)8	(4)1	(44)2	(29)18	(6)25	0.00	0	
max retalho: 3
(5)(1000)	1.00	(51)1	(19)1	(44)1	(21)11	(22)3	(6)2	0	577	
Sobra Total: 577.00
Perda Total: 178.00

Total Barras Cortadas:
Barra (1000) : 2
Barra (1100) : 99
Barra (118) : 0
Barra (353) : 0
Barra (105) : 0
Barra (340) : 0
Barra (107) : 0

Retalhos Gerados:
Retalho (577) : 1
