
Saida Arquivo/Entrada/Class9/D9d10.txt

Minimizar a Perda Total
max retalho: 3
(0)(1100)	13.00	(50)22	0.00	0	
(1)(1100)	11.00	(45)21	(36)4	(5)1	(6)1	0.00	0	
(2)(1100)	8.00	(29)37	(21)1	(6)1	0.00	0	
(3)(1100)	8.00	(28)39	8.00	0	
(4)(1000)	8.00	(58)17	(13)1	1.00	0	
(5)(1100)	7.00	(35)1	(27)39	(6)2	0.00	0	
(6)(1100)	7.00	(57)15	(35)7	0.00	0	
(7)(1100)	7.00	(42)26	8.00	0	
(8)(1100)	6.00	(58)16	(11)6	(53)2	0.00	0	
(9)(1100)	5.00	(33)33	(11)1	0.00	0	
(10)(1100)	4.00	(51)20	(45)1	(29)1	(6)1	0.00	0	
(11)(1100)	4.00	(35)31	(5)3	0.00	0	
(12)(1100)	4.00	(27)2	(45)23	(5)1	(6)1	0.00	0	
(13)(1100)	3.00	(10)110	0.00	0	
(14)(1100)	2.00	(13)84	8.00	0	
(15)(1100)	1.00	(18)61	2.00	0	
(16)(1100)	1.00	(21)52	8.00	0	
(17)(1100)	1.00	(5)220	0.00	0	
(20)(1000)	9.00	(53)18	(29)1	(5)1	(6)2	0.00	0	
max retalho: 3
(0)(1100)	1.00	(50)1	(28)23	(29)14	0.00	0	
(2)(1100)	1.00	(33)7	(5)1	(6)144	0.00	0	
(3)(1100)	1.00	(18)50	(11)1	(21)9	0.00	0	
(7)(1100)	1.00	(42)9	(51)5	(45)2	(13)29	0.00	0	
max retalho: 3
(1)(1100)	1.00	(50)12	(33)14	(36)1	2.00	0	
(2)(1000)	1.00	(57)6	(53)4	(21)21	5.00	0	
(9)(1100)	1.00	(58)12	(11)23	(29)5	(5)1	1.00	0	
max retalho: 3
(4)(1100)	1.00	(57)3	(50)1	(33)6	(35)5	(27)1	(29)4	(13)9	(5)48	(6)1	0.00	0	
max retalho: 3
(2)(1000)	1.00	(27)32	(10)12	(5)1	11.00	0	
Sobra Total: 0.00
Perda Total: 173.00

Total Barras Cortadas:
Barra (1000) : 19
Barra (1100) : 99
Barra (41) : 0
Barra (262) : 0
Barra (497) : 0
Barra (264) : 0
Barra (484) : 0

Retalhos Gerados:
