
Saida Arquivo/Entrada/Class9/D9d17.txt

Minimizar a Perda Total
max retalho: 3
(0)(1100)	14.00	(31)1	(8)1	(57)18	(35)1	0.00	0	
(1)(1100)	14.00	(50)22	0.00	0	
(2)(1100)	13.00	(54)19	(47)1	(27)1	0.00	0	
(3)(1100)	11.00	(47)22	(31)1	(35)1	0.00	0	
(4)(1100)	11.00	(39)28	8.00	0	
(5)(1100)	4.00	(31)3	(19)53	0.00	0	
(6)(1100)	4.00	(32)33	(8)1	(12)3	0.00	0	
(7)(1100)	5.00	(24)2	(8)1	(58)18	0.00	0	
(8)(1100)	3.00	(47)1	(27)39	0.00	0	
(9)(1100)	3.00	(16)68	(12)1	0.00	0	
(10)(1100)	3.00	(11)100	0.00	0	
(11)(1100)	2.00	(8)137	4.00	0	
(12)(1100)	1.00	(55)20	0.00	0	
(13)(1100)	1.00	(12)91	8.00	0	
(14)(1100)	1.00	(9)122	2.00	0	
(15)(1100)	1.00	(31)32	(16)6	(12)1	0.00	0	
(16)(1100)	1.00	(42)26	8.00	0	
(20)(1000)	5.00	(58)16	(34)1	(19)2	0.00	0	
max retalho: 3
(1)(1100)	1.00	(57)6	(58)11	(12)10	0.00	0	
(2)(1100)	1.00	(32)27	(24)1	(8)1	(34)6	0.00	0	
(4)(1100)	1.00	(54)1	(55)18	(8)7	0.00	0	
(5)(1100)	1.00	(31)1	(50)1	(42)1	(27)1	(19)50	0.00	0	
(7)(1100)	1.00	(16)23	(9)1	(57)1	(50)7	(35)9	1.00	0	
(10)(1000)	1.00	(31)16	(9)56	0.00	0	
max retalho: 3
(1)(1100)	1.00	(9)2	(57)6	(34)1	(27)12	(11)2	(12)30	0.00	0	
max retalho: 3
(2)(1100)	1.00	(39)5	(31)1	(24)1	(8)13	(9)4	(34)12	(12)25	2.00	0	
max retalho: 3
(2)(1100)	1.00	(47)13	(50)5	(34)7	1.00	0	
max retalho: 3
(0)(493)	1.00	(47)4	(8)1	297.00	0	
Sobra Total: 0.00
Perda Total: 415.00

Total Barras Cortadas:
Barra (1000) : 6
Barra (1100) : 100
Barra (52) : 0
Barra (272) : 0
Barra (39) : 0
Barra (259) : 0
Barra (493) : 1

Retalhos Gerados:
