
Saida Arquivo/Entrada/Class6/D6d18.txt

Minimizar a Perda Total
max retalho: 5
(0)(1100)	10.00	(335)3	95.00	0	
(1)(1100)	9.00	(323)3	131.00	0	
(2)(1100)	6.00	(268)4	28.00	0	
(3)(1100)	6.00	(258)4	68.00	0	
(4)(1100)	6.00	(270)4	20.00	0	
(5)(1000)	6.00	(300)3	(70)1	(15)2	0.00	0	
(6)(1100)	5.00	(203)5	85.00	0	
(7)(1100)	5.00	(204)5	80.00	0	
(8)(1100)	5.00	(333)3	101.00	0	
(9)(1000)	5.00	(302)1	(226)3	(16)1	4.00	0	
(10)(1100)	4.00	(172)6	68.00	0	
(11)(1100)	5.00	(312)2	(235)2	(5)1	1.00	0	
(12)(1100)	4.00	(214)5	30.00	0	
(13)(1100)	3.00	(182)6	8.00	0	
(14)(1100)	3.00	(135)8	20.00	0	
(15)(1100)	3.00	(170)6	80.00	0	
(16)(1100)	2.00	(103)10	70.00	0	
(17)(1100)	2.00	(237)4	152.00	0	
(18)(1000)	2.00	(91)2	(291)2	(59)4	0.00	0	
(19)(1100)	2.00	(193)5	135.00	0	
(20)(1000)	2.00	(300)1	(302)2	(70)1	(26)1	0.00	0	
(21)(1100)	2.00	(291)3	(38)5	(16)2	5.00	0	
(22)(1100)	1.00	(114)9	74.00	0	
(23)(1100)	1.00	(112)9	92.00	0	
(24)(1100)	1.00	(147)7	71.00	0	
(25)(1100)	1.00	(235)4	160.00	0	
(26)(1100)	1.00	(247)4	112.00	0	
(27)(1100)	1.00	(124)8	108.00	0	
(28)(1100)	1.00	(291)3	(16)14	3.00	0	
(29)(1000)	1.00	(103)1	(279)3	(59)1	1.00	0	
(33)(1000)	1.00	(80)8	(82)4	(16)2	0.00	0	
(40)(1000)	8.00	(312)2	(70)2	(235)1	1.00	0	
max retalho: 5
(0)(1100)	1.00	(114)5	(103)5	(15)1	0.00	0	
(1)(1100)	1.00	(268)2	(47)1	(258)2	1.00	0	
(2)(1100)	1.00	(103)1	(291)2	(26)1	(193)2	3.00	0	
(4)(1100)	1.00	(47)3	(247)1	(237)3	1.00	0	
(5)(1100)	1.00	(291)1	(59)6	(47)1	(204)2	0.00	0	
(6)(1100)	1.00	(16)3	(182)2	(172)4	0.00	0	
(11)(1100)	1.00	(312)1	(103)1	(91)1	(47)4	(203)2	0.00	0	
(12)(1100)	1.00	(112)1	(300)2	(70)1	(26)4	(214)1	0.00	0	
max retalho: 5
(1)(1100)	1.00	(124)1	(112)6	(114)2	(38)2	0.00	0	
(3)(1000)	1.00	(135)2	(103)1	(235)1	(26)1	(182)2	2.00	0	
(17)(1000)	1.00	(147)3	(270)2	(15)1	4.00	0	
max retalho: 5
(2)(1100)	1.00	(135)2	(114)1	(258)1	(49)1	(26)2	(16)1	(170)2	1.00	0	
max retalho: 5
(3)(1000)	1.00	(147)1	(135)1	(103)1	(268)1	0	347	
Sobra Total: 347.00
Perda Total: 6261.00

Total Barras Cortadas:
Barra (1000) : 28
Barra (1100) : 99
Barra (305) : 0
Barra (460) : 0
Barra (297) : 0

Retalhos Gerados:
Retalho (347) : 1
