
Saida Arquivo/Entrada/Class6/D6d8.txt

Minimizar a Perda Total
max retalho: 5
(0)(1100)	10.00	(285)3	(241)1	4.00	0	
(1)(1100)	9.00	(161)1	(307)3	(9)2	0.00	0	
(2)(1100)	8.00	(184)1	(295)3	(31)1	0.00	0	
(3)(1100)	9.00	(161)2	(140)1	(318)2	2.00	0	
(4)(1100)	7.00	(263)1	(209)4	1.00	0	
(5)(1100)	7.00	(274)4	4.00	0	
(6)(1100)	4.00	(195)2	(328)2	(53)1	1.00	0	
(7)(1100)	3.00	(220)5	0.00	0	
(8)(1100)	3.00	(86)1	(253)4	2.00	0	
(9)(1100)	3.00	(119)7	(107)2	(53)1	0.00	0	
(10)(1100)	2.00	(219)5	5.00	0	
(11)(1100)	2.00	(130)3	(86)8	(21)1	1.00	0	
(12)(1100)	2.00	(193)3	(161)1	(318)1	(42)1	0.00	0	
(13)(1000)	2.00	(107)3	(97)7	0.00	0	
(14)(1100)	3.00	(172)1	(316)2	(284)1	(9)1	3.00	0	
(15)(1100)	2.00	(96)9	(97)2	(42)1	0.00	0	
(16)(1100)	3.00	(284)1	(63)2	(230)3	0.00	0	
(17)(1100)	2.00	(193)1	(316)1	(318)1	(241)1	(32)1	0.00	0	
(18)(1000)	2.00	(195)5	(21)1	4.00	0	
(19)(1100)	1.00	(195)5	(63)1	(31)2	0.00	0	
(20)(1100)	1.00	(128)8	(75)1	1.00	0	
(21)(1100)	2.00	(130)7	(75)1	(53)2	(9)1	0.00	0	
(22)(1100)	1.00	(96)1	(75)2	(65)1	(263)3	0.00	0	
(23)(1100)	1.00	(96)3	(75)10	(53)1	(9)1	0.00	0	
(24)(1100)	1.00	(97)1	(241)4	(21)1	(9)2	0.00	0	
(25)(1100)	1.00	(151)6	(97)2	0.00	0	
(26)(1100)	1.00	(63)2	(251)1	(241)3	0.00	0	
(27)(1100)	1.00	(184)1	(284)3	(32)2	0.00	0	
(30)(1100)	1.00	(130)2	(307)2	(75)3	1.00	0	
(40)(1000)	3.00	(284)3	(53)2	(42)1	0.00	0	
max retalho: 5
(0)(1100)	1.00	(195)4	(97)1	(219)1	4.00	0	
(2)(1100)	1.00	(97)1	(42)18	(21)1	(219)1	7.00	0	
(4)(1100)	1.00	(184)2	(128)4	(220)1	0.00	0	
(5)(1100)	1.00	(163)1	(128)1	(284)1	(65)1	(42)1	(209)2	0.00	0	
(6)(1100)	1.00	(107)5	(96)5	(53)1	(31)1	1.00	0	
(9)(1100)	1.00	(151)1	(130)1	(307)1	(86)3	(253)1	1.00	0	
(12)(1100)	1.00	(140)2	(86)3	(75)3	(63)1	(274)1	0.00	0	
max retalho: 5
(1)(1000)	1.00	(328)1	(119)2	(263)1	(21)8	3.00	0	
(3)(1000)	1.00	(316)1	(63)1	(65)2	(241)2	(9)1	0.00	0	
max retalho: 5
(0)(1100)	1.00	(193)2	(97)2	(295)1	(219)1	6.00	0	
(8)(1100)	1.00	(161)1	(263)1	(219)1	(220)2	17.00	0	
max retalho: 5
(3)(1000)	1.00	(97)1	(295)1	(53)1	(31)1	0	524	
Sobra Total: 524.00
Perda Total: 173.00

Total Barras Cortadas:
Barra (1000) : 10
Barra (1100) : 99
Barra (334) : 0
Barra (170) : 0
Barra (325) : 0

Retalhos Gerados:
Retalho (524) : 1
