
Saida Arquivo/Entrada/Class6/D6d17.txt

Minimizar a Perda Total
max retalho: 5
(0)(1100)	13.00	(141)2	(87)1	(243)1	(244)2	0.00	0	
(1)(1100)	6.00	(254)3	(168)2	2.00	0	
(2)(1100)	6.00	(277)3	(43)1	(221)1	5.00	0	
(3)(1100)	6.00	(142)1	(319)3	1.00	0	
(4)(1100)	6.00	(309)1	(298)2	(76)2	(43)1	0.00	0	
(5)(1100)	6.00	(108)2	(221)4	0.00	0	
(6)(1100)	4.00	(309)3	(168)1	5.00	0	
(7)(1100)	4.00	(275)4	0.00	0	
(8)(1100)	4.00	(120)1	(77)1	(55)1	(212)4	0.00	0	
(9)(1100)	4.00	(331)1	(200)3	(168)1	1.00	0	
(10)(1100)	4.00	(265)1	(22)1	(212)3	(177)1	0.00	0	
(11)(1100)	3.00	(156)7	8.00	0	
(12)(1100)	3.00	(120)7	(108)2	(22)2	0.00	0	
(13)(1100)	2.00	(131)7	(43)4	(11)1	0.00	0	
(14)(1100)	2.00	(319)1	(22)1	(189)4	3.00	0	
(15)(1100)	1.00	(110)10	0.00	0	
(16)(1100)	2.00	(287)3	(77)3	8.00	0	
(17)(1100)	1.00	(142)3	(331)2	(12)1	0.00	0	
(18)(1100)	1.00	(331)3	(55)1	(45)1	7.00	0	
(19)(1100)	1.00	(298)3	(66)3	8.00	0	
(20)(1100)	1.00	(87)1	(168)6	5.00	0	
(21)(1100)	1.00	(331)1	(308)1	(99)4	(43)1	(22)1	0.00	0	
(22)(1100)	1.00	(33)1	(177)6	5.00	0	
max retalho: 5
(0)(1100)	1.00	(308)2	(43)4	(156)2	0.00	0	
(1)(1100)	1.00	(287)3	(22)1	(210)1	7.00	0	
(2)(1100)	1.00	(131)1	(110)2	(298)1	(66)6	(55)1	0.00	0	
(3)(1100)	1.00	(131)3	(108)1	(243)1	(177)1	(179)1	0.00	0	
(9)(1100)	1.00	(110)3	(55)14	0.00	0	
(11)(1100)	1.00	(120)1	(331)1	(87)3	(43)2	(254)1	(12)4	0.00	0	
(18)(1100)	1.00	(108)1	(110)4	(309)1	(77)1	(33)5	1.00	0	
max retalho: 5
(0)(1100)	1.00	(210)3	(156)3	2.00	0	
(3)(1100)	1.00	(142)1	(131)1	(108)2	(275)1	(43)1	(45)1	(233)1	(11)1	4.00	0	
max retalho: 5
(0)(1100)	1.00	(87)4	(43)1	(22)1	(168)2	0	351	
Sobra Total: 351.00
Perda Total: 157.00

Total Barras Cortadas:
Barra (1000) : 0
Barra (1100) : 92
Barra (291) : 0
Barra (458) : 0
Barra (282) : 0

Retalhos Gerados:
Retalho (351) : 1
