
Saida Arquivo/Entrada/Class6/D6d12.txt

Minimizar a Perda Total
max retalho: 5
(0)(1100)	10.00	(312)2	(235)2	6.00	0	
(1)(1100)	9.00	(47)2	(245)3	(247)1	(24)1	0.00	0	
(2)(1100)	8.00	(300)3	(191)1	9.00	0	
(3)(1100)	8.00	(333)3	101.00	0	
(4)(1000)	6.00	(166)1	(277)2	(279)1	1.00	0	
(5)(1100)	6.00	(212)5	40.00	0	
(6)(1100)	5.00	(112)2	(277)3	(15)3	0.00	0	
(7)(1100)	5.00	(235)1	(224)3	(191)1	2.00	0	
(8)(1100)	4.00	(256)4	76.00	0	
(9)(1100)	4.00	(214)5	30.00	0	
(10)(1100)	4.00	(203)5	85.00	0	
(11)(1100)	3.00	(180)6	20.00	0	
(12)(1100)	2.00	(268)4	28.00	0	
(13)(1100)	2.00	(156)7	8.00	0	
(14)(1100)	2.00	(91)12	8.00	0	
(15)(1100)	2.00	(166)3	(289)2	(24)1	0.00	0	
(16)(1100)	2.00	(177)6	38.00	0	
(17)(1000)	1.00	(333)3	1.00	0	
(18)(1100)	1.00	(68)16	12.00	0	
(19)(1100)	1.00	(133)8	36.00	0	
(20)(1100)	1.00	(89)12	32.00	0	
(21)(1100)	1.00	(310)2	(47)1	(36)12	1.00	0	
(22)(1100)	1.00	(122)9	2.00	0	
(23)(1100)	1.00	(80)13	60.00	0	
(24)(1100)	1.00	(112)9	92.00	0	
(25)(1100)	1.00	(310)3	(26)6	14.00	0	
(26)(1100)	1.00	(59)18	38.00	0	
(27)(1100)	1.00	(101)10	90.00	0	
(28)(1100)	1.00	(145)7	85.00	0	
(29)(1100)	1.00	(310)1	(312)2	(15)11	1.00	0	
(30)(1100)	1.00	(154)2	(124)1	(310)2	(47)1	1.00	0	
(31)(1100)	1.00	(321)3	(112)1	(24)1	1.00	0	
(36)(1100)	1.00	(310)2	(57)8	(15)1	9.00	0	
max retalho: 5
(1)(1100)	1.00	(312)1	(289)1	(247)1	(24)3	(180)1	0.00	0	
(2)(1100)	1.00	(133)3	(112)2	(68)7	1.00	0	
(3)(1100)	1.00	(156)5	(89)3	(26)2	1.00	0	
(5)(1100)	1.00	(310)2	(68)1	(268)1	(36)4	0.00	0	
(11)(1100)	1.00	(80)4	(268)2	(15)2	(214)1	0.00	0	
(19)(1100)	1.00	(145)1	(101)2	(300)1	(47)1	(203)2	0.00	0	
(22)(1000)	1.00	(154)1	(133)2	(68)1	(256)2	0.00	0	
max retalho: 5
(0)(1100)	1.00	(122)3	(89)2	(59)1	(24)1	(235)2	3.00	0	
max retalho: 5
(0)(1100)	1.00	(312)1	(89)1	(91)1	(68)1	(59)2	(24)1	(26)1	(191)1	(180)1	1.00	0	
max retalho: 5
(1)(1000)	1.00	(214)1	(191)2	0	404	
Sobra Total: 404.00
Perda Total: 2665.00

Total Barras Cortadas:
Barra (1000) : 9
Barra (1100) : 99
Barra (312) : 0
Barra (477) : 0
Barra (313) : 0

Retalhos Gerados:
Retalho (404) : 1
