
Saida Arquivo/Entrada/Class6/D6d16.txt

Minimizar a Perda Total
max retalho: 5
(0)(1100)	9.00	(305)3	(185)1	0.00	0	
(1)(1100)	8.00	(326)1	(85)1	(196)1	(164)3	1.00	0	
(2)(1100)	6.00	(304)3	(185)1	3.00	0	
(3)(1100)	6.00	(116)2	(315)2	(238)1	0.00	0	
(4)(1100)	5.00	(326)2	(250)1	(196)1	2.00	0	
(5)(1100)	5.00	(148)1	(238)4	0.00	0	
(6)(1100)	5.00	(150)1	(117)1	(50)1	(261)3	0.00	0	
(7)(1100)	5.00	(117)1	(106)1	(175)5	2.00	0	
(8)(1100)	4.00	(50)2	(250)4	0.00	0	
(9)(1100)	5.00	(138)1	(294)3	(50)1	(29)1	1.00	0	
(10)(1100)	3.00	(148)5	(150)1	(29)1	(8)1	(173)1	0.00	0	
(11)(1100)	3.00	(294)1	(20)1	(196)4	2.00	0	
(12)(1100)	3.00	(304)3	(94)2	0.00	0	
(13)(1100)	3.00	(127)7	(85)2	(41)1	0.00	0	
(14)(1100)	2.00	(273)4	8.00	0	
(15)(1100)	2.00	(282)3	(229)1	(20)1	5.00	0	
(16)(1100)	2.00	(94)1	(50)1	(229)4	(20)2	0.00	0	
(17)(1100)	2.00	(271)3	(52)1	(18)1	(217)1	0.00	0	
(18)(1100)	1.00	(106)10	(20)2	0.00	0	
(19)(1100)	2.00	(83)1	(250)2	(29)2	(229)2	1.00	0	
(20)(1100)	2.00	(148)1	(52)1	(41)1	(217)3	(208)1	0.00	0	
(21)(1100)	1.00	(73)15	5.00	0	
(22)(1100)	1.00	(150)5	(175)2	0.00	0	
(23)(1100)	1.00	(41)1	(29)1	(206)5	0.00	0	
(24)(1100)	1.00	(138)6	(116)2	(20)2	0.00	0	
(25)(1100)	1.00	(52)21	8.00	0	
(27)(1100)	1.00	(150)1	(116)5	(20)1	(175)2	0.00	0	
(28)(1100)	1.00	(294)1	(62)13	0.00	0	
(31)(1100)	1.00	(294)2	(261)1	(250)1	1.00	0	
(40)(1000)	3.00	(117)1	(294)3	1.00	0	
max retalho: 5
(1)(1100)	1.00	(148)5	(73)1	(250)1	(18)2	1.00	0	
(2)(1000)	1.00	(304)2	(196)2	0.00	0	
(3)(1000)	1.00	(240)2	(173)3	1.00	0	
(4)(1100)	1.00	(326)1	(83)2	(206)2	(196)1	0.00	0	
(5)(1100)	1.00	(150)2	(106)6	(41)4	0.00	0	
(7)(1100)	1.00	(305)1	(83)1	(282)1	(20)3	(185)2	0.00	0	
(9)(1100)	1.00	(127)1	(94)1	(85)6	(41)1	(164)2	0.00	0	
max retalho: 5
(1)(1100)	1.00	(83)1	(73)5	(273)1	(52)2	(240)1	(18)1	(8)2	1.00	0	
(6)(1100)	1.00	(138)1	(83)4	(294)1	(250)1	(41)2	4.00	0	
max retalho: 5
(2)(1100)	1.00	(150)1	(94)1	(73)2	(273)1	(229)1	(20)1	(185)1	3.00	0	
max retalho: 5
(4)(1000)	1.00	(148)1	(73)1	(273)1	(261)1	(173)1	72.00	0	
Sobra Total: 0.00
Perda Total: 184.00

Total Barras Cortadas:
Barra (1000) : 6
Barra (1100) : 99
Barra (295) : 0
Barra (463) : 0
Barra (286) : 0

Retalhos Gerados:
