
Saida Arquivo/Entrada/Class6/D6d11.txt

Minimizar a Perda Total
max retalho: 5
(0)(1100)	9.00	(296)2	(252)2	4.00	0	
(1)(1100)	7.00	(285)1	(286)2	(22)1	(221)1	0.00	0	
(2)(1100)	7.00	(150)3	(20)1	(210)3	0.00	0	
(3)(1100)	7.00	(317)3	(85)1	(32)2	0.00	0	
(4)(1100)	6.00	(285)3	(22)1	(221)1	2.00	0	
(5)(1100)	6.00	(308)2	(242)2	0.00	0	
(6)(1100)	6.00	(329)1	(319)1	(252)1	(198)1	2.00	0	
(7)(1100)	4.00	(308)2	(231)2	(22)1	0.00	0	
(8)(1100)	4.00	(220)5	0.00	0	
(9)(1100)	4.00	(87)1	(22)1	(198)5	1.00	0	
(10)(1100)	3.00	(173)5	(150)1	(85)1	0.00	0	
(11)(1100)	3.00	(329)2	(221)2	0.00	0	
(12)(1100)	3.00	(43)1	(254)4	(20)2	1.00	0	
(13)(1100)	3.00	(120)8	(108)1	(32)1	0.00	0	
(14)(1100)	3.00	(152)6	(108)1	(20)4	0.00	0	
(15)(1100)	2.00	(317)2	(85)2	(296)1	0.00	0	
(16)(1100)	2.00	(87)2	(231)4	2.00	0	
(17)(1100)	2.00	(152)5	(85)4	0.00	0	
(18)(1100)	1.00	(54)4	(221)4	0.00	0	
(19)(1100)	2.00	(264)4	(22)2	0.00	0	
(20)(1100)	1.00	(108)10	(10)2	0.00	0	
(21)(1100)	1.00	(97)10	(85)1	(43)1	2.00	0	
(22)(1100)	1.00	(108)9	(64)2	0.00	0	
(24)(1100)	1.00	(118)2	(85)1	(275)1	(252)2	0.00	0	
(25)(1100)	1.00	(87)12	(54)1	2.00	0	
(26)(1100)	1.00	(53)3	(187)5	6.00	0	
(27)(1000)	1.00	(150)1	(221)3	(187)1	0.00	0	
(31)(1000)	1.00	(129)6	(221)1	5.00	0	
(35)(1100)	1.00	(150)5	(329)1	(20)1	1.00	0	
(40)(1100)	1.00	(162)5	(285)1	5.00	0	
max retalho: 5
(0)(1100)	1.00	(173)3	(317)1	(43)1	(220)1	1.00	0	
(1)(1100)	1.00	(85)1	(296)2	(53)3	(43)1	(221)1	0.00	0	
(3)(1100)	1.00	(185)1	(141)5	(210)1	0.00	0	
(5)(1100)	1.00	(120)1	(108)4	(43)2	(231)2	0.00	0	
(13)(1100)	1.00	(76)1	(43)3	(254)2	(198)1	(187)1	2.00	0	
max retalho: 5
(1)(1100)	1.00	(285)1	(54)1	(43)1	(22)2	(10)1	(221)3	1.00	0	
max retalho: 5
(2)(1100)	1.00	(173)1	(118)2	(308)1	(87)1	(53)1	(22)1	(220)1	1.00	0	
max retalho: 5
(5)(1000)	1.00	(118)1	(120)1	(286)1	(54)1	(32)2	(20)2	0	318	
Sobra Total: 318.00
Perda Total: 97.00

Total Barras Cortadas:
Barra (1000) : 3
Barra (1100) : 99
Barra (316) : 0
Barra (482) : 0
Barra (317) : 0

Retalhos Gerados:
Retalho (318) : 1
