
Saida Arquivo/Entrada/Class6/D6d4.txt

Minimizar a Perda Total
max retalho: 5
(0)(1100)	13.00	(65)1	(200)1	(167)1	(334)2	0.00	0	
(1)(1100)	10.00	(309)1	(56)1	(35)1	(232)1	(234)2	0.00	0	
(2)(1100)	7.00	(44)1	(244)3	(324)1	0.00	0	
(3)(1100)	6.00	(125)1	(324)3	3.00	0	
(4)(1100)	5.00	(276)1	(33)1	(158)5	1.00	0	
(5)(1100)	5.00	(65)2	(323)3	1.00	0	
(6)(1000)	4.00	(88)1	(67)1	(211)4	1.00	0	
(7)(1100)	4.00	(56)1	(255)4	(23)1	1.00	0	
(8)(1100)	4.00	(88)1	(299)1	(44)1	(223)3	0.00	0	
(9)(1100)	3.00	(297)2	(232)1	(136)2	2.00	0	
(10)(1100)	4.00	(35)2	(23)6	(223)4	0.00	0	
(11)(1100)	4.00	(265)4	40.00	0	
(12)(1100)	4.00	(67)4	(265)2	(267)1	(35)1	0.00	0	
(13)(1100)	2.00	(88)1	(202)5	2.00	0	
(14)(1100)	2.00	(88)1	(244)2	(232)1	(146)2	0.00	0	
(15)(1100)	2.00	(135)8	20.00	0	
(16)(1100)	2.00	(65)1	(33)1	(167)6	0.00	0	
(17)(1100)	2.00	(179)6	26.00	0	
(18)(1100)	2.00	(288)3	(234)1	2.00	0	
(19)(1100)	1.00	(265)2	(267)2	(35)1	1.00	0	
(20)(1100)	1.00	(276)3	(35)1	(234)1	3.00	0	
(21)(1100)	1.00	(88)2	(12)1	(114)8	0.00	0	
(22)(1100)	1.00	(56)1	(35)2	(323)3	5.00	0	
(23)(1100)	1.00	(100)11	0.00	0	
(24)(1100)	1.00	(88)1	(12)1	(200)5	0.00	0	
(25)(1100)	1.00	(255)1	(169)5	0.00	0	
(26)(1100)	1.00	(297)1	(223)1	(200)1	(190)2	0.00	0	
(27)(1100)	1.00	(267)4	32.00	0	
(28)(1100)	1.00	(88)1	(77)4	(234)3	2.00	0	
(40)(1000)	6.00	(100)1	(299)3	3.00	0	
max retalho: 5
(1)(1100)	1.00	(297)1	(244)3	(35)2	1.00	0	
(2)(1100)	1.00	(88)4	(323)2	(102)1	0.00	0	
(4)(1000)	1.00	(33)2	(232)2	(234)2	2.00	0	
(5)(1100)	1.00	(88)1	(200)2	(158)3	(136)1	2.00	0	
(12)(1100)	1.00	(244)1	(167)2	(146)1	(125)3	1.00	0	
(25)(1100)	1.00	(100)4	(65)1	(276)1	(56)1	(267)1	(12)3	0.00	0	
max retalho: 5
(1)(1100)	1.00	(255)1	(202)2	(114)1	(324)1	3.00	0	
(7)(1100)	1.00	(297)1	(299)1	(200)1	(169)1	(135)1	0.00	0	
max retalho: 5
(1)(1000)	1.00	(44)1	(211)1	(202)1	(179)1	(135)1	(114)2	1.00	0	
(11)(1000)	1.00	(276)1	(265)1	(135)1	(324)1	0.00	0	
max retalho: 5
(3)(1000)	1.00	(297)1	(56)2	(33)2	(211)2	103.00	0	
Sobra Total: 0.00
Perda Total: 476.00

Total Barras Cortadas:
Barra (1000) : 14
Barra (1100) : 98
Barra (254) : 0
Barra (417) : 0
Barra (255) : 0

Retalhos Gerados:
