
Saida Arquivo/Entrada/Class6/D6d19.txt

Minimizar a Perda Total
max retalho: 5
(0)(1100)	8.00	(327)2	(19)1	(230)1	(197)1	0.00	0	
(1)(1100)	7.00	(295)3	(19)1	(9)1	(186)1	1.00	0	
(2)(1100)	7.00	(138)1	(316)3	(7)2	0.00	0	
(3)(1100)	6.00	(139)1	(239)4	5.00	0	
(4)(1100)	6.00	(218)5	10.00	0	
(5)(1100)	4.00	(116)1	(63)1	(51)1	(174)5	0.00	0	
(6)(1100)	5.00	(116)1	(63)1	(230)4	1.00	0	
(7)(1100)	4.00	(63)1	(207)4	(209)1	0.00	0	
(8)(1100)	4.00	(304)2	(306)1	(186)1	0.00	0	
(9)(1100)	4.00	(107)1	(306)3	(74)1	1.00	0	
(10)(1100)	3.00	(283)3	(241)1	(9)1	1.00	0	
(11)(1100)	3.00	(138)5	(139)1	(74)1	(197)1	0.00	0	
(12)(1100)	3.00	(283)3	(251)1	0.00	0	
(13)(1100)	3.00	(116)4	(9)1	(209)3	0.00	0	
(14)(1100)	2.00	(42)1	(176)6	2.00	0	
(15)(1100)	2.00	(72)15	(19)1	1.00	0	
(16)(1100)	2.00	(149)5	(116)1	(30)1	(209)1	0.00	0	
(17)(1100)	2.00	(95)1	(19)1	(197)5	1.00	0	
(18)(1100)	1.00	(128)8	(74)1	2.00	0	
(19)(1100)	2.00	(139)5	(327)1	(74)1	4.00	0	
(20)(1100)	1.00	(139)2	(327)1	(165)3	0.00	0	
(21)(1100)	1.00	(95)3	(74)11	1.00	0	
(22)(1100)	1.00	(107)4	(63)10	(42)1	0.00	0	
(23)(1100)	1.00	(139)1	(95)1	(30)1	(209)4	0.00	0	
(24)(1100)	1.00	(139)1	(316)3	(9)1	4.00	0	
(25)(1100)	1.00	(274)4	4.00	0	
(27)(1100)	1.00	(84)2	(272)3	(40)1	(19)4	0.00	0	
(29)(1100)	1.00	(138)1	(239)1	(241)3	0.00	0	
max retalho: 5
(0)(1100)	1.00	(74)6	(63)2	(176)3	2.00	0	
(1)(1100)	1.00	(283)2	(42)12	(19)1	(9)1	2.00	0	
(2)(1100)	1.00	(107)1	(84)11	(63)1	6.00	0	
(3)(1100)	1.00	(128)5	(19)2	(209)2	4.00	0	
(5)(1100)	1.00	(105)3	(316)1	(274)1	(51)3	(42)1	0.00	0	
(8)(1100)	1.00	(139)1	(95)3	(262)1	(207)2	0.00	0	
(9)(1100)	1.00	(128)1	(239)1	(9)4	(174)4	1.00	0	
max retalho: 5
(0)(1100)	1.00	(272)3	(63)1	(19)1	(197)1	5.00	0	
(3)(1100)	1.00	(306)1	(295)1	(74)2	(186)1	(165)1	0.00	0	
max retalho: 5
(5)(1000)	1.00	(107)1	(63)4	(51)1	(30)1	(19)4	(165)1	0	319	
Sobra Total: 319.00
Perda Total: 156.00

Total Barras Cortadas:
Barra (1000) : 1
Barra (1100) : 95
Barra (296) : 0
Barra (454) : 0
Barra (287) : 0

Retalhos Gerados:
Retalho (319) : 1
