
Saida Arquivo/Entrada/Class6/D6d10.txt

Minimizar a Perda Total
max retalho: 5
(0)(1100)	9.00	(115)1	(104)2	(259)3	0.00	0	
(1)(1100)	7.00	(181)1	(271)3	(50)1	(27)1	(29)1	0.00	0	
(2)(1100)	5.00	(159)1	(313)2	(315)1	0.00	0	
(3)(1100)	5.00	(125)4	(104)1	(248)2	0.00	0	
(4)(1100)	5.00	(192)1	(227)4	0.00	0	
(5)(1100)	5.00	(181)1	(39)1	(6)2	(217)4	0.00	0	
(6)(1100)	4.00	(148)1	(115)5	(94)4	1.00	0	
(7)(1100)	3.00	(281)1	(282)2	(60)1	(39)5	0.00	0	
(8)(1100)	4.00	(169)3	(282)2	(29)1	0.00	0	
(9)(1100)	3.00	(169)5	(127)2	1.00	0	
(10)(1100)	3.00	(158)1	(159)3	(238)1	(227)1	0.00	0	
(11)(1100)	3.00	(158)2	(6)1	(194)4	2.00	0	
(12)(1100)	2.00	(137)8	4.00	0	
(13)(1100)	3.00	(192)1	(83)1	(206)4	1.00	0	
(14)(1100)	2.00	(238)2	(6)1	(206)3	0.00	0	
(15)(1100)	3.00	(125)1	(281)3	(71)1	(60)1	1.00	0	
(16)(1100)	2.00	(158)2	(125)1	(315)2	(29)1	0.00	0	
(17)(1100)	2.00	(325)3	(94)1	(6)5	1.00	0	
(18)(1100)	1.00	(71)15	(29)1	(6)1	0.00	0	
(19)(1100)	1.00	(315)2	(248)1	(27)1	(194)1	1.00	0	
(20)(1100)	1.00	(125)1	(303)3	(60)1	(6)1	0.00	0	
(21)(1100)	1.00	(281)1	(29)6	(215)3	0.00	0	
(22)(1100)	1.00	(60)8	(206)3	2.00	0	
(24)(1100)	1.00	(315)1	(62)1	(250)2	(29)1	(194)1	0.00	0	
max retalho: 5
(0)(1100)	1.00	(137)7	(93)1	(29)1	(18)1	1.00	0	
(1)(1100)	1.00	(282)1	(271)2	(29)2	(217)1	1.00	0	
(2)(1100)	1.00	(181)2	(159)1	(127)1	(71)3	(238)1	1.00	0	
(9)(1100)	1.00	(313)1	(292)1	(248)1	(39)4	(29)3	4.00	0	
max retalho: 5
(0)(1100)	1.00	(181)1	(148)1	(125)1	(127)3	(83)1	(50)1	(27)1	(29)2	(18)2	11.00	0	
max retalho: 5
(0)(1100)	1.00	(148)2	0	804	
Sobra Total: 804.00
Perda Total: 50.00

Total Barras Cortadas:
Barra (1000) : 0
Barra (1100) : 82
Barra (321) : 0
Barra (488) : 0
Barra (312) : 0

Retalhos Gerados:
Retalho (804) : 1
