
Saida Arquivo/Entrada/Class6/D6d5.txt

Minimizar a Perda Total
max retalho: 5
(0)(1100)	12.00	(290)1	(292)2	(225)1	1.00	0	
(1)(1100)	9.00	(280)1	(16)1	(160)1	(327)1	(317)1	0.00	0	
(2)(1100)	7.00	(236)2	(16)1	(306)2	0.00	0	
(3)(1100)	7.00	(290)1	(280)2	(248)1	2.00	0	
(4)(1100)	6.00	(92)1	(27)1	(327)3	0.00	0	
(5)(1100)	5.00	(269)3	(39)2	(215)1	0.00	0	
(6)(1100)	4.00	(162)6	(127)1	1.00	0	
(7)(1100)	4.00	(6)1	(204)2	(171)4	2.00	0	
(8)(1100)	3.00	(183)6	2.00	0	
(9)(1100)	3.00	(192)5	(139)1	1.00	0	
(10)(1100)	3.00	(48)2	(204)2	(171)2	(127)2	0.00	0	
(11)(1100)	3.00	(71)3	(60)1	(118)7	1.00	0	
(12)(1100)	3.00	(16)1	(162)1	(306)3	4.00	0	
(13)(1100)	3.00	(269)1	(194)1	(317)2	3.00	0	
(14)(1100)	2.00	(92)1	(81)1	(269)3	(60)2	0.00	0	
(15)(1100)	2.00	(60)1	(48)1	(329)3	5.00	0	
(16)(1100)	2.00	(269)2	(139)1	(106)1	(317)1	0.00	0	
(17)(1100)	1.00	(81)7	(215)1	(317)1	1.00	0	
(18)(1100)	2.00	(60)1	(259)4	4.00	0	
(19)(1100)	2.00	(60)4	(215)4	0.00	0	
(20)(1100)	1.00	(70)5	(204)2	(171)2	0.00	0	
(21)(1100)	1.00	(39)2	(204)5	2.00	0	
(22)(1100)	1.00	(81)5	(48)5	(227)2	1.00	0	
(23)(1100)	1.00	(60)1	(329)2	(95)4	2.00	0	
(24)(1100)	1.00	(160)5	(150)2	0.00	0	
(25)(1100)	1.00	(258)3	(215)1	(106)1	5.00	0	
(26)(1100)	1.00	(92)11	(48)1	(39)1	1.00	0	
(27)(1100)	1.00	(71)1	(192)2	(129)5	0.00	0	
(39)(1100)	2.00	(92)2	(280)2	(27)1	(329)1	0.00	0	
max retalho: 5
(0)(1100)	1.00	(292)2	(48)4	(162)2	0.00	0	
(1)(1100)	1.00	(71)2	(204)2	(183)3	1.00	0	
(3)(1100)	1.00	(70)2	(48)1	(37)3	(160)5	1.00	0	
(5)(1100)	1.00	(81)1	(48)1	(171)3	(127)1	(327)1	4.00	0	
(9)(1100)	1.00	(71)1	(258)1	(248)1	(192)2	(139)1	0.00	0	
max retalho: 5
(2)(1100)	1.00	(48)6	(215)2	(6)2	(204)1	(162)1	4.00	0	
max retalho: 5
(0)(1100)	1.00	(81)4	(71)6	(48)2	(236)1	(16)1	2.00	0	
Sobra Total: 0.00
Perda Total: 113.00

Total Barras Cortadas:
Barra (1000) : 0
Barra (1100) : 100
Barra (409) : 0
Barra (244) : 0
Barra (400) : 0

Retalhos Gerados:
