
Saida Arquivo/Entrada/Class5/D5d7.txt

Minimizar a Perda Total
max retalho: 3
(0)(1100)	8.00	(80)12	(70)2	0.00	0	
(1)(1100)	6.00	(73)15	5.00	0	
(2)(1100)	5.00	(43)1	(45)1	(63)15	(67)1	0.00	0	
(3)(1100)	5.00	(70)15	(38)1	(12)1	0.00	0	
(4)(1100)	4.00	(69)13	(8)1	(65)3	0.00	0	
(5)(1100)	4.00	(48)22	(36)1	(8)1	0.00	0	
(6)(1100)	4.00	(52)21	8.00	0	
(7)(1100)	4.00	(36)5	(40)23	0.00	0	
(8)(1100)	4.00	(59)12	(56)7	0.00	0	
(9)(1100)	4.00	(78)14	8.00	0	
(10)(1100)	3.00	(55)20	0.00	0	
(11)(1100)	4.00	(76)2	(59)15	(63)1	0.00	0	
(12)(1100)	3.00	(45)2	(9)1	(77)13	0.00	0	
(13)(1100)	3.00	(76)14	(26)1	(5)2	0.00	0	
(14)(1100)	3.00	(42)26	8.00	0	
(15)(1100)	2.00	(36)30	(8)1	(12)1	0.00	0	
(16)(1100)	2.00	(43)2	(9)1	(67)15	0.00	0	
(17)(1100)	2.00	(36)1	(38)28	0.00	0	
(18)(1100)	2.00	(26)1	(9)2	(33)32	0.00	0	
(19)(1100)	2.00	(26)42	8.00	0	
(20)(1100)	2.00	(5)3	(31)35	0.00	0	
(21)(1100)	1.00	(66)11	(48)7	(38)1	0.00	0	
(22)(1100)	1.00	(43)22	(77)2	0.00	0	
(23)(1100)	1.00	(44)25	0.00	0	
(24)(1100)	1.00	(38)1	(9)1	(81)13	0.00	0	
(25)(1100)	1.00	(34)32	(12)1	0.00	0	
(26)(1100)	1.00	(11)100	0.00	0	
(27)(1100)	1.00	(45)20	(40)5	0.00	0	
(28)(1100)	1.00	(75)11	(8)4	(9)27	0.00	0	
(30)(1100)	1.00	(22)18	(70)2	(15)7	(5)1	(35)8	(12)1	(81)2	0.00	0	
(39)(1100)	1.00	(80)4	(65)12	0.00	0	
max retalho: 3
(0)(1100)	1.00	(80)6	(5)1	(67)9	(12)1	0.00	0	
(1)(1100)	1.00	(11)4	(36)29	(12)1	0.00	0	
(2)(1100)	1.00	(66)9	(69)7	(23)1	0.00	0	
(3)(1100)	1.00	(43)6	(40)11	(8)1	(9)1	(77)5	0.00	0	
(4)(1100)	1.00	(38)11	(5)2	(33)20	(12)1	0.00	0	
(5)(1100)	1.00	(43)2	(63)7	(52)11	1.00	0	
(7)(1100)	1.00	(34)2	(13)12	(48)18	(12)1	0.00	0	
(14)(1100)	1.00	(76)4	(26)2	(5)1	(31)12	(19)15	(81)1	1.00	0	
(17)(1100)	1.00	(55)15	(45)2	(23)8	1.00	0	
max retalho: 3
(0)(1100)	1.00	(26)13	(73)5	(44)9	1.00	0	
(3)(1100)	1.00	(43)3	(42)3	(65)7	(67)3	(23)4	(12)8	1.00	0	
max retalho: 3
(1)(1100)	1.00	(80)3	(70)4	(38)8	(26)1	(5)1	(77)1	(56)3	0.00	0	
max retalho: 3
(1)(1100)	1.00	(78)2	(69)2	(5)25	(63)2	(9)59	(12)2	0.00	0	
max retalho: 3
(6)(1000)	1.00	(11)1	(80)1	(70)1	(59)1	(5)6	(8)22	(12)8	0	478	
Sobra Total: 478.00
Perda Total: 139.00

Total Barras Cortadas:
Barra (1000) : 1
Barra (1100) : 99
Barra (132) : 0
Barra (361) : 0
Barra (119) : 0

Retalhos Gerados:
Retalho (478) : 1
