
Saida Arquivo/Entrada/Class5/D5d10.txt

Minimizar a Perda Total
max retalho: 3
(0)(1100)	8.00	(48)2	(62)13	(66)3	0.00	0	
(1)(1100)	8.00	(76)8	(82)6	0.00	0	
(2)(1100)	5.00	(41)12	(76)8	0.00	0	
(3)(1100)	5.00	(79)13	(58)1	(15)1	0.00	0	
(4)(1100)	5.00	(69)15	(48)1	(12)1	(5)1	0.00	0	
(5)(1100)	5.00	(82)6	(38)16	0.00	0	
(6)(1100)	4.00	(41)1	(59)14	(38)6	(5)1	0.00	0	
(7)(1100)	4.00	(8)1	(45)24	(12)1	0.00	0	
(8)(1100)	3.00	(55)20	0.00	0	
(9)(1100)	3.00	(8)1	(11)1	(47)23	0.00	0	
(10)(1100)	3.00	(58)18	(48)1	(8)1	0.00	0	
(11)(1100)	3.00	(73)15	5.00	0	
(12)(1100)	3.00	(8)1	(77)4	(49)16	0.00	0	
(13)(1100)	3.00	(33)33	11.00	0	
(14)(1100)	2.00	(52)21	8.00	0	
(15)(1100)	2.00	(83)2	(77)12	(5)2	0.00	0	
(16)(1100)	2.00	(50)22	0.00	0	
(17)(1100)	2.00	(43)25	(15)1	(5)2	0.00	0	
(18)(1100)	2.00	(80)12	(70)2	0.00	0	
(19)(1100)	2.00	(81)12	(62)1	(66)1	0.00	0	
(20)(1100)	1.00	(20)55	0.00	0	
(21)(1100)	1.00	(25)44	0.00	0	
(22)(1100)	1.00	(18)61	2.00	0	
(23)(1100)	1.00	(83)10	(45)6	0.00	0	
(24)(1100)	1.00	(22)50	0.00	0	
(25)(1100)	1.00	(29)32	(43)4	0.00	0	
(26)(1100)	1.00	(29)1	(66)16	(15)1	0.00	0	
(27)(1100)	1.00	(62)2	(66)1	(70)13	0.00	0	
(28)(1100)	1.00	(37)19	(14)2	(8)46	1.00	0	
(39)(1100)	1.00	(46)10	(16)40	0.00	0	
max retalho: 3
(0)(1100)	1.00	(79)8	(52)9	0.00	0	
(1)(1100)	1.00	(14)43	(83)6	0.00	0	
(2)(1100)	1.00	(25)11	(55)15	0.00	0	
(3)(1100)	1.00	(41)12	(43)12	(5)18	2.00	0	
(4)(1100)	1.00	(50)2	(66)8	(59)8	0.00	0	
(5)(1100)	1.00	(69)6	(11)1	(15)45	0.00	0	
(8)(1100)	1.00	(20)44	(11)20	0.00	0	
(9)(1100)	1.00	(46)1	(14)1	(77)6	(26)22	(5)1	1.00	0	
(15)(1100)	1.00	(48)3	(18)28	(8)28	(76)3	0.00	0	
(25)(1100)	1.00	(58)4	(73)2	(18)16	(11)4	(12)15	(70)3	0.00	0	
max retalho: 3
(0)(1100)	1.00	(50)8	(29)12	(22)1	(47)7	1.00	0	
(1)(1100)	1.00	(25)25	(18)4	(22)13	(49)1	(38)1	(15)2	0.00	0	
(8)(1100)	1.00	(79)1	(81)1	(14)9	(52)5	(20)4	(59)1	(15)12	(5)47	0.00	0	
max retalho: 3
(0)(1100)	1.00	(83)1	(62)3	(77)2	(55)1	(22)13	(11)10	(80)1	(26)1	(15)8	0.00	0	
max retalho: 3
(7)(1000)	1.00	(83)2	(50)1	(8)3	(33)2	(11)5	(80)3	(82)1	(38)5	127.00	0	
Sobra Total: 0.00
Perda Total: 198.00

Total Barras Cortadas:
Barra (1000) : 1
Barra (1100) : 98
Barra (50) : 0
Barra (264) : 0
Barra (493) : 0

Retalhos Gerados:
