
Saida Arquivo/Entrada/Class5/D5d8.txt

Minimizar a Perda Total
max retalho: 3
(0)(1100)	5.00	(41)1	(9)1	(75)14	0.00	0	
(1)(1100)	5.00	(62)17	(36)1	(10)1	0.00	0	
(2)(1100)	5.00	(9)1	(65)15	(58)2	0.00	0	
(3)(1100)	4.00	(78)14	8.00	0	
(4)(1100)	4.00	(53)19	(38)2	(17)1	0.00	0	
(5)(1100)	4.00	(53)1	(10)2	(79)13	0.00	0	
(6)(1100)	4.00	(30)1	(36)1	(49)20	(54)1	0.00	0	
(7)(1100)	4.00	(61)18	2.00	0	
(8)(1100)	3.00	(30)2	(36)28	(32)1	0.00	0	
(9)(1100)	3.00	(64)14	(68)3	0.00	0	
(10)(1100)	2.00	(41)2	(30)1	(38)26	0.00	0	
(11)(1100)	2.00	(30)5	(54)17	(32)1	0.00	0	
(12)(1100)	2.00	(41)26	(34)1	0.00	0	
(13)(1100)	2.00	(28)1	(67)16	0.00	0	
(14)(1100)	2.00	(31)33	(13)1	(32)2	0.00	0	
(15)(1100)	2.00	(9)2	(34)31	(28)1	0.00	0	
(16)(1100)	2.00	(42)26	8.00	0	
(17)(1100)	1.00	(56)1	(58)18	0.00	0	
(18)(1100)	2.00	(34)6	(32)28	0.00	0	
(19)(1100)	1.00	(68)11	(32)11	0.00	0	
(20)(1100)	1.00	(41)1	(59)17	(56)1	0.00	0	
(21)(1100)	1.00	(34)1	(82)13	0.00	0	
(22)(1100)	1.00	(28)39	8.00	0	
(23)(1100)	1.00	(13)84	8.00	0	
(24)(1100)	1.00	(30)36	(10)2	0.00	0	
(25)(1100)	1.00	(34)8	(13)1	(5)3	(32)25	0.00	0	
(26)(1100)	1.00	(9)1	(63)11	(21)18	(10)2	0.00	0	
(27)(1100)	1.00	(74)13	(20)6	(9)2	0.00	0	
(28)(1100)	1.00	(57)19	(17)1	0.00	0	
(29)(1100)	1.00	(66)3	(24)9	(71)3	(27)16	(21)1	(10)2	0.00	0	
(30)(1100)	1.00	(45)16	(10)38	0.00	0	
max retalho: 3
(0)(1100)	1.00	(41)20	(20)14	0.00	0	
(1)(1100)	1.00	(78)13	(13)2	(28)1	(32)1	0.00	0	
(3)(1100)	1.00	(56)2	(58)17	2.00	0	
(4)(1100)	1.00	(64)8	(9)3	(34)16	(17)1	0.00	0	
(6)(1100)	1.00	(68)10	(36)3	(59)5	(17)1	0.00	0	
(7)(1100)	1.00	(9)55	(67)9	2.00	0	
(8)(1100)	1.00	(82)5	(17)40	(10)1	0.00	0	
(11)(1100)	1.00	(53)5	(9)2	(42)10	(79)5	2.00	0	
(20)(1100)	1.00	(71)3	(28)7	(75)5	(21)15	1.00	0	
max retalho: 3
(0)(1100)	1.00	(31)17	(20)25	(36)2	1.00	0	
(1)(1100)	1.00	(41)1	(9)11	(13)1	(54)14	(79)1	(56)2	0.00	0	
(2)(1100)	1.00	(82)4	(59)6	(28)7	(32)6	(10)3	0.00	0	
(3)(1100)	1.00	(62)2	(9)1	(38)25	(17)1	0.00	0	
max retalho: 3
(0)(1100)	1.00	(36)15	(56)10	0.00	0	
(1)(1100)	1.00	(62)1	(53)4	(30)5	(20)4	(13)13	(59)1	(61)1	(49)3	(10)16	0.00	0	
max retalho: 3
(0)(1100)	1.00	(64)1	(30)2	(13)3	(56)4	0	713	
Sobra Total: 713.00
Perda Total: 80.00

Total Barras Cortadas:
Barra (1000) : 0
Barra (1100) : 86
Barra (108) : 0
Barra (322) : 0
Barra (96) : 0

Retalhos Gerados:
Retalho (713) : 1
