
Saida Arquivo/Entrada/Class5/D5d6.txt

Minimizar a Perda Total
max retalho: 3
(0)(1000)	9.00	(79)11	(69)1	(62)1	0.00	0	
(1)(1100)	7.00	(54)5	(83)10	0.00	0	
(2)(1100)	6.00	(82)13	(17)2	0.00	0	
(3)(1100)	6.00	(8)1	(75)11	(81)1	(62)3	0.00	0	
(4)(1100)	5.00	(8)1	(81)10	(48)2	(62)3	0.00	0	
(5)(1100)	5.00	(65)16	(12)1	(48)1	0.00	0	
(6)(1100)	4.00	(19)2	(47)1	(72)14	(7)1	0.00	0	
(7)(1100)	4.00	(73)15	5.00	0	
(8)(1100)	4.00	(8)1	(65)2	(74)13	0.00	0	
(9)(1100)	4.00	(47)4	(48)19	0.00	0	
(10)(1100)	3.00	(29)29	(37)7	0.00	0	
(11)(1100)	3.00	(17)1	(19)10	(47)19	0.00	0	
(12)(1100)	3.00	(8)1	(75)7	(81)7	0.00	0	
(13)(1100)	3.00	(40)2	(19)1	(77)13	0.00	0	
(14)(1100)	3.00	(58)16	(48)1	(62)2	0.00	0	
(15)(1100)	3.00	(40)26	(30)2	0.00	0	
(16)(1100)	2.00	(17)1	(8)1	(43)25	0.00	0	
(17)(1100)	2.00	(40)14	(54)10	0.00	0	
(18)(1100)	2.00	(39)28	8.00	0	
(19)(1100)	2.00	(26)42	8.00	0	
(20)(1100)	2.00	(61)18	2.00	0	
(21)(1100)	2.00	(50)22	0.00	0	
(22)(1100)	1.00	(21)52	8.00	0	
(23)(1100)	1.00	(44)25	0.00	0	
(24)(1100)	1.00	(19)1	(8)1	(37)29	0.00	0	
(25)(1100)	1.00	(43)1	(37)1	(51)20	0.00	0	
(26)(1100)	1.00	(17)63	(8)1	(21)1	0.00	0	
(27)(1100)	1.00	(52)21	8.00	0	
(28)(1100)	1.00	(14)78	8.00	0	
(29)(1100)	1.00	(19)2	(72)1	(30)33	0.00	0	
(30)(1100)	1.00	(12)91	8.00	0	
(31)(1100)	1.00	(69)10	(41)10	0.00	0	
(32)(1100)	1.00	(10)110	0.00	0	
(33)(1000)	1.00	(14)1	(16)56	(18)5	0.00	0	
(35)(1000)	1.00	(43)1	(33)29	0.00	0	
(40)(1000)	1.00	(69)10	(14)1	(74)4	0.00	0	
max retalho: 3
(1)(1100)	1.00	(21)46	134.00	0	
(2)(1100)	1.00	(19)2	(44)18	(18)15	0.00	0	
(3)(1000)	1.00	(52)9	(77)6	(69)1	1.00	0	
(4)(1100)	1.00	(65)3	(43)1	(72)11	(51)1	(18)1	1.00	0	
(6)(1100)	1.00	(73)12	(50)1	(39)4	(18)1	0.00	0	
(8)(1100)	1.00	(81)5	(83)2	(74)3	(51)6	1.00	0	
(9)(1100)	1.00	(19)1	(75)5	(47)14	(48)1	0.00	0	
(10)(1100)	1.00	(82)9	(40)3	(29)1	(14)15	3.00	0	
(12)(1100)	1.00	(29)24	(8)1	(79)5	1.00	0	
max retalho: 3
(1)(1100)	1.00	(37)26	(26)5	(7)1	1.00	0	
(4)(1100)	1.00	(75)4	(54)5	(69)6	(58)2	0.00	0	
(6)(1100)	1.00	(61)3	(17)31	(8)6	(72)2	(18)11	0.00	0	
max retalho: 3
(1)(1100)	1.00	(43)16	(58)4	(26)1	(62)2	(30)1	0.00	0	
max retalho: 3
(2)(1100)	1.00	(50)1	(19)5	(8)3	(12)3	(26)4	(62)1	(51)4	(39)7	(18)14	0.00	0	
max retalho: 3
(0)(1100)	1.00	(17)1	(19)37	(43)5	(44)1	(18)5	31.00	0	
Sobra Total: 0.00
Perda Total: 261.00

Total Barras Cortadas:
Barra (1000) : 13
Barra (1100) : 100
Barra (52) : 0
Barra (281) : 0
Barra (54) : 0

Retalhos Gerados:
