
Saida Arquivo/Entrada/Class5/D5d5.txt

Minimizar a Perda Total
max retalho: 3
(0)(1100)	7.00	(56)11	(28)1	(76)6	0.00	0	
(1)(1100)	6.00	(47)1	(81)13	0.00	0	
(2)(1100)	6.00	(54)1	(14)1	(72)1	(60)16	0.00	0	
(3)(1100)	5.00	(78)14	8.00	0	
(4)(1100)	4.00	(52)21	8.00	0	
(5)(1100)	4.00	(64)16	(52)1	(10)1	(14)1	0.00	0	
(6)(1100)	4.00	(54)17	(24)7	(14)1	0.00	0	
(7)(1100)	4.00	(35)1	(72)14	(57)1	0.00	0	
(8)(1100)	3.00	(39)28	8.00	0	
(9)(1100)	3.00	(60)2	(49)20	0.00	0	
(10)(1100)	3.00	(21)1	(72)1	(53)19	0.00	0	
(11)(1100)	3.00	(10)1	(7)1	(57)19	0.00	0	
(12)(1100)	3.00	(31)34	(14)1	(32)1	0.00	0	
(13)(1100)	3.00	(56)1	(58)18	0.00	0	
(14)(1100)	3.00	(24)2	(72)3	(76)11	0.00	0	
(15)(1100)	3.00	(75)1	(47)1	(18)1	(80)12	0.00	0	
(16)(1100)	2.00	(14)2	(16)1	(32)33	0.00	0	
(17)(1100)	2.00	(55)20	0.00	0	
(18)(1100)	2.00	(42)26	8.00	0	
(19)(1000)	3.00	(54)3	(35)2	(24)2	(72)10	0.00	0	
(20)(1100)	2.00	(54)1	(14)1	(43)24	0.00	0	
(21)(1100)	1.00	(20)55	0.00	0	
(22)(1100)	1.00	(54)1	(24)1	(83)10	(72)1	(60)2	0.00	0	
(23)(1100)	1.00	(22)50	0.00	0	
(24)(1100)	1.00	(31)5	(35)27	0.00	0	
(25)(1100)	1.00	(35)1	(24)42	(57)1	0.00	0	
(26)(1100)	1.00	(21)52	8.00	0	
(27)(1100)	1.00	(31)1	(49)1	(51)20	0.00	0	
(28)(1100)	1.00	(18)61	2.00	0	
(29)(1100)	1.00	(79)3	(58)14	(51)1	0.00	0	
(30)(1100)	1.00	(68)11	(32)1	(80)4	0.00	0	
(31)(1100)	1.00	(25)25	(14)1	(81)5	(28)2	0.00	0	
(40)(1100)	2.00	(24)1	(80)10	(69)4	0.00	0	
max retalho: 3
(0)(1100)	1.00	(52)8	(81)1	(83)7	(22)1	0.00	0	
(1)(1100)	1.00	(56)2	(58)13	(14)1	(22)10	0.00	0	
(2)(1100)	1.00	(10)1	(35)1	(49)13	(22)19	0.00	0	
(4)(1100)	1.00	(21)9	(14)1	(39)23	0.00	0	
(5)(1100)	1.00	(64)15	(21)1	(18)3	(43)1	(11)2	0.00	0	
(6)(1100)	1.00	(52)1	(24)14	(72)7	(69)3	1.00	0	
(7)(1100)	1.00	(60)4	(28)17	(32)12	0.00	0	
(8)(1100)	1.00	(52)1	(47)4	(78)10	(80)1	0.00	0	
(11)(1100)	1.00	(20)33	(55)8	0.00	0	
(19)(1100)	1.00	(31)6	(14)55	(16)9	0.00	0	
max retalho: 3
(0)(1100)	1.00	(35)9	(14)4	(81)9	0.00	0	
(2)(1100)	1.00	(75)5	(42)10	(56)2	(7)1	(32)4	(57)1	1.00	0	
max retalho: 3
(0)(1000)	1.00	(54)5	(20)1	(21)6	(24)3	(81)1	(51)2	(53)6	(11)1	0.00	0	
(4)(1100)	1.00	(52)6	(20)11	(22)3	(80)2	(57)6	0.00	0	
max retalho: 3
(6)(1000)	1.00	(52)1	(54)1	(20)5	(24)1	(28)1	(78)1	(57)1	0	607	
Sobra Total: 607.00
Perda Total: 124.00

Total Barras Cortadas:
Barra (1000) : 5
Barra (1100) : 98
Barra (108) : 0
Barra (336) : 0
Barra (95) : 0

Retalhos Gerados:
Retalho (607) : 1
