
Saida Arquivo/Entrada/Class5/D5d16.txt

Minimizar a Perda Total
max retalho: 3
(0)(1100)	8.00	(40)2	(47)1	(83)11	(60)1	0.00	0	
(1)(1100)	7.00	(57)15	(35)7	0.00	0	
(2)(1100)	6.00	(8)1	(65)1	(79)13	0.00	0	
(3)(1100)	5.00	(38)1	(6)2	(75)14	0.00	0	
(4)(1100)	6.00	(47)4	(72)11	(60)2	0.00	0	
(5)(1100)	5.00	(78)14	8.00	0	
(6)(1100)	5.00	(69)13	(8)1	(65)3	0.00	0	
(7)(1100)	4.00	(34)1	(82)13	0.00	0	
(8)(1100)	3.00	(71)8	(38)14	0.00	0	
(9)(1100)	3.00	(13)1	(82)2	(71)13	0.00	0	
(10)(1100)	3.00	(33)33	11.00	0	
(11)(1100)	3.00	(17)1	(10)1	(37)29	0.00	0	
(12)(1100)	2.00	(6)2	(68)16	0.00	0	
(13)(1100)	2.00	(38)1	(8)1	(62)17	0.00	0	
(14)(1100)	2.00	(36)25	(40)5	0.00	0	
(15)(1100)	2.00	(25)44	0.00	0	
(16)(1100)	2.00	(21)52	8.00	0	
(17)(1100)	2.00	(46)1	(10)1	(58)18	0.00	0	
(18)(1100)	2.00	(34)32	(6)2	0.00	0	
(19)(1100)	2.00	(6)2	(64)17	0.00	0	
(20)(1100)	2.00	(31)1	(47)22	(35)1	0.00	0	
(21)(1100)	1.00	(67)12	(37)8	0.00	0	
(22)(1100)	1.00	(6)2	(47)4	(60)15	0.00	0	
(23)(1100)	1.00	(73)15	5.00	0	
(24)(1100)	1.00	(50)22	0.00	0	
(25)(1100)	1.00	(34)1	(6)2	(31)34	0.00	0	
(26)(1100)	1.00	(46)22	(82)1	(6)1	0.00	0	
(27)(1100)	1.00	(13)2	(17)6	(54)18	0.00	0	
(35)(1100)	1.00	(29)6	(6)6	(8)1	(42)21	0.00	0	
max retalho: 3
(0)(1100)	1.00	(73)1	(17)13	(8)2	(79)10	0.00	0	
(1)(1100)	1.00	(78)9	(67)5	(60)1	3.00	0	
(2)(1100)	1.00	(17)9	(75)12	(47)1	0.00	0	
(5)(1100)	1.00	(36)10	(61)5	(8)9	(33)11	0.00	0	
(6)(1100)	1.00	(50)10	(6)1	(10)47	(62)2	0.00	0	
(8)(1100)	1.00	(25)10	(40)6	(6)11	(68)8	0.00	0	
(34)(1100)	1.00	(57)5	(13)11	(82)2	(31)6	(21)3	(37)3	(72)2	4.00	0	
max retalho: 3
(0)(1100)	1.00	(73)4	(61)1	(8)3	(60)12	3.00	0	
(2)(1100)	1.00	(38)9	(17)3	(65)7	(83)3	3.00	0	
max retalho: 3
(0)(1100)	1.00	(34)2	(71)7	(73)7	(6)4	0.00	0	
(1)(1100)	1.00	(67)6	(69)4	(17)6	(8)1	(62)5	2.00	0	
max retalho: 3
(0)(1100)	1.00	(46)2	(71)2	(17)15	(6)35	(8)25	(31)2	(10)1	(58)1	(14)5	1.00	0	
max retalho: 3
(0)(327)	1.00	(17)5	(6)1	(68)2	100.00	0	
Sobra Total: 0.00
Perda Total: 210.00

Total Barras Cortadas:
Barra (1000) : 0
Barra (1100) : 96
Barra (114) : 0
Barra (327) : 1
Barra (101) : 0

Retalhos Gerados:
