
Saida Arquivo/Entrada/Class5/D5d1.txt

Minimizar a Perda Total
max retalho: 3
(0)(1100)	7.00	(63)4	(51)14	(67)2	0.00	0	
(1)(1100)	7.00	(38)1	(9)1	(81)13	0.00	0	
(2)(1100)	7.00	(82)5	(51)1	(71)9	0.00	0	
(3)(1100)	6.00	(5)2	(57)18	(64)1	0.00	0	
(4)(1100)	6.00	(82)1	(53)2	(48)19	0.00	0	
(5)(1100)	5.00	(5)1	(30)1	(23)3	(83)12	0.00	0	
(6)(1100)	3.00	(61)18	2.00	0	
(7)(1100)	3.00	(57)1	(23)1	(60)17	0.00	0	
(8)(1100)	3.00	(5)1	(63)11	(67)6	0.00	0	
(9)(1100)	3.00	(5)1	(74)13	(19)7	0.00	0	
(10)(1100)	3.00	(42)26	8.00	0	
(11)(1100)	3.00	(56)17	(71)2	(6)1	0.00	0	
(12)(1100)	3.00	(82)13	(5)1	(23)1	(6)1	0.00	0	
(13)(1100)	2.00	(49)20	(30)4	0.00	0	
(14)(1100)	2.00	(28)1	(67)16	0.00	0	
(15)(1100)	2.00	(38)14	(71)8	0.00	0	
(16)(1100)	2.00	(70)5	(75)10	0.00	0	
(17)(1100)	2.00	(28)39	8.00	0	
(18)(1100)	2.00	(30)29	(23)10	0.00	0	
(19)(1100)	1.00	(21)52	8.00	0	
(20)(1100)	1.00	(25)44	0.00	0	
(21)(1100)	1.00	(59)16	(38)1	(56)2	(6)1	0.00	0	
(22)(1100)	1.00	(19)1	(23)47	0.00	0	
(23)(1100)	1.00	(78)10	(46)6	(16)2	(6)2	0.00	0	
(30)(1100)	1.00	(5)1	(34)15	(50)11	(16)2	3.00	0	
(34)(1100)	1.00	(17)27	(39)8	(6)54	5.00	0	
max retalho: 3
(0)(1100)	1.00	(61)15	(21)2	(9)1	(6)1	(64)2	0.00	0	
(1)(1100)	1.00	(19)2	(67)7	(13)2	(81)7	0.00	0	
(2)(1100)	1.00	(70)14	(21)5	(9)1	(6)1	0.00	0	
(5)(1100)	1.00	(51)10	(19)2	(46)12	0.00	0	
(6)(1100)	1.00	(63)4	(25)14	(83)6	0.00	0	
(7)(1100)	1.00	(53)1	(71)3	(60)1	(16)48	(6)1	0.00	0	
(11)(1100)	1.00	(49)6	(5)4	(42)6	(30)2	(50)3	(27)12	0.00	0	
(22)(1100)	1.00	(82)2	(38)5	(26)3	(28)4	(53)6	(56)2	(6)21	0.00	0	
max retalho: 3
(0)(1100)	1.00	(60)13	(64)5	0.00	0	
(1)(1100)	1.00	(5)13	(74)6	(53)9	(19)6	0.00	0	
(7)(1100)	1.00	(21)35	(9)13	(23)1	(75)3	0.00	0	
max retalho: 3
(0)(1100)	1.00	(5)55	(19)23	(64)6	4.00	0	
(14)(1100)	1.00	(63)3	(30)3	(21)6	(9)1	(67)2	(57)4	(25)6	(13)10	(27)1	(16)1	1.00	0	
max retalho: 3
(0)(1100)	1.00	(59)7	(63)1	(6)6	(64)2	0	460	
Sobra Total: 460.00
Perda Total: 67.00

Total Barras Cortadas:
Barra (1000) : 0
Barra (1100) : 92
Barra (114) : 0
Barra (343) : 0
Barra (101) : 0

Retalhos Gerados:
Retalho (460) : 1
