
Saida Arquivo/Entrada/Class5/D5d17.txt

Minimizar a Perda Total
max retalho: 3
(0)(1100)	6.00	(76)14	(36)1	0.00	0	
(1)(1100)	6.00	(32)1	(15)1	(81)13	0.00	0	
(2)(1100)	6.00	(65)1	(80)1	(69)13	(58)1	0.00	0	
(3)(1100)	5.00	(65)12	(80)4	0.00	0	
(4)(1100)	4.00	(66)16	(36)1	(8)1	0.00	0	
(5)(1100)	4.00	(43)22	(77)2	0.00	0	
(6)(1100)	4.00	(29)1	(21)1	(70)15	0.00	0	
(7)(1100)	4.00	(36)1	(40)1	(77)13	(23)1	0.00	0	
(8)(1100)	3.00	(32)34	(12)1	0.00	0	
(9)(1100)	3.00	(29)29	(37)7	0.00	0	
(10)(1100)	2.00	(61)18	2.00	0	
(11)(1100)	2.00	(80)12	(70)2	0.00	0	
(12)(1100)	3.00	(59)12	(56)7	0.00	0	
(13)(1100)	2.00	(15)1	(29)1	(70)1	(58)17	0.00	0	
(14)(1100)	2.00	(40)14	(54)10	0.00	0	
(15)(1100)	2.00	(25)44	0.00	0	
(16)(1100)	2.00	(44)25	0.00	0	
(17)(1100)	2.00	(55)20	0.00	0	
(18)(1100)	2.00	(57)1	(23)1	(60)17	0.00	0	
(19)(1100)	2.00	(57)18	(8)1	(33)2	0.00	0	
(20)(1100)	1.00	(57)1	(8)1	(23)45	0.00	0	
(21)(1100)	1.00	(63)15	(29)2	(23)1	(37)2	0.00	0	
(22)(1100)	1.00	(36)25	(40)5	0.00	0	
(23)(1100)	1.00	(33)33	11.00	0	
(24)(1100)	1.00	(34)20	(21)20	0.00	0	
(25)(1100)	1.00	(43)2	(15)1	(37)27	0.00	0	
(26)(1100)	1.00	(15)73	5.00	0	
(27)(1100)	1.00	(26)42	8.00	0	
(28)(1100)	1.00	(22)50	0.00	0	
(31)(1100)	1.00	(73)6	(31)7	(19)23	(8)1	0.00	0	
max retalho: 3
(0)(1100)	1.00	(63)8	(8)1	(12)49	0.00	0	
(1)(1100)	1.00	(76)5	(40)18	0.00	0	
(2)(1100)	1.00	(80)6	(52)1	(81)7	1.00	0	
(3)(1100)	1.00	(61)4	(23)37	5.00	0	
(5)(1100)	1.00	(8)55	(33)20	0.00	0	
(6)(1100)	1.00	(43)12	(36)16	(8)1	0.00	0	
(8)(1100)	1.00	(22)1	(59)9	(8)3	(58)9	1.00	0	
(10)(1100)	1.00	(34)9	(15)19	(44)6	(60)1	(37)5	0.00	0	
(12)(1100)	1.00	(11)4	(25)15	(21)9	(70)7	2.00	0	
max retalho: 3
(0)(1100)	1.00	(66)6	(32)1	(61)11	1.00	0	
(1)(1100)	1.00	(76)6	(43)3	(52)9	(21)2	5.00	0	
(2)(1100)	1.00	(55)4	(22)1	(63)4	(8)21	(54)5	(12)14	0.00	0	
max retalho: 3
(0)(1100)	1.00	(66)5	(48)4	(31)10	(8)2	(21)12	0.00	0	
max retalho: 3
(0)(1100)	1.00	(32)2	(80)1	(69)2	(57)1	(36)2	(26)6	(15)2	(73)2	(52)1	(40)2	(29)1	(31)2	(23)1	(37)3	0.00	0	
max retalho: 3
(0)(313)	1.00	(26)1	(52)1	(37)1	198.00	0	
Sobra Total: 0.00
Perda Total: 241.00

Total Barras Cortadas:
Barra (1000) : 0
Barra (1100) : 90
Barra (85) : 0
Barra (313) : 1
Barra (73) : 0

Retalhos Gerados:
