
Saida Arquivo/Entrada/Class5/D5d15.txt

Minimizar a Perda Total
max retalho: 3
(0)(1100)	10.00	(75)10	(70)5	0.00	0	
(1)(1100)	8.00	(81)13	(37)1	(5)2	0.00	0	
(2)(1100)	7.00	(46)17	(53)6	0.00	0	
(3)(1100)	6.00	(56)2	(76)13	0.00	0	
(4)(1100)	6.00	(73)15	5.00	0	
(5)(1100)	5.00	(77)13	(45)2	(9)1	0.00	0	
(6)(1100)	5.00	(41)2	(10)1	(56)18	0.00	0	
(7)(1100)	4.00	(8)1	(72)1	(60)17	0.00	0	
(8)(1100)	3.00	(52)21	8.00	0	
(9)(1100)	3.00	(12)4	(16)1	(74)14	0.00	0	
(10)(1100)	3.00	(68)3	(64)14	0.00	0	
(11)(1100)	3.00	(31)34	(14)1	(32)1	0.00	0	
(12)(1100)	3.00	(31)5	(35)27	0.00	0	
(13)(1100)	2.00	(72)15	(9)1	(11)1	0.00	0	
(14)(1100)	2.00	(63)15	(37)4	(7)1	0.00	0	
(15)(1100)	2.00	(39)28	8.00	0	
(16)(1100)	3.00	(68)3	(32)28	0.00	0	
(17)(1100)	1.00	(68)3	(16)56	0.00	0	
(18)(1100)	1.00	(45)19	(24)10	(5)1	0.00	0	
(19)(1100)	1.00	(63)1	(41)25	(5)1	(7)1	0.00	0	
(20)(1100)	1.00	(37)29	(16)1	(11)1	0.00	0	
(21)(1100)	1.00	(28)39	8.00	0	
(22)(1100)	1.00	(14)78	8.00	0	
(23)(1100)	1.00	(41)1	(70)15	(9)1	0.00	0	
(24)(1100)	1.00	(42)26	8.00	0	
(25)(1100)	1.00	(10)110	0.00	0	
(30)(1100)	1.00	(79)4	(49)16	0.00	0	
(33)(1100)	1.00	(19)41	(79)4	(5)1	0.00	0	
(40)(1000)	1.00	(79)12	(12)3	(16)1	0.00	0	
max retalho: 3
(1)(1100)	1.00	(8)1	(46)1	(9)115	(11)1	0.00	0	
(2)(1100)	1.00	(63)4	(31)1	(81)10	(7)1	0.00	0	
(3)(1100)	1.00	(56)1	(24)36	(7)4	(76)2	0.00	0	
(4)(1100)	1.00	(72)11	(11)28	0.00	0	
(7)(1000)	1.00	(45)8	(64)5	(20)16	0.00	0	
(8)(1100)	1.00	(63)5	(42)3	(77)8	(12)1	(16)1	(5)3	0.00	0	
(11)(1100)	1.00	(8)1	(37)15	(7)1	(53)10	0.00	0	
(21)(1100)	1.00	(75)2	(52)9	(19)1	(28)10	(16)11	(7)1	0.00	0	
max retalho: 3
(1)(1100)	1.00	(52)1	(14)17	(70)2	(60)3	(39)4	(5)41	(43)3	0.00	0	
(3)(1100)	1.00	(79)6	(16)39	2.00	0	
(5)(1100)	1.00	(8)4	(79)1	(56)8	(16)1	(7)1	(74)7	0.00	0	
(15)(1100)	1.00	(73)2	(31)2	(10)7	(68)1	(45)1	(46)2	(49)1	(7)1	(76)4	(20)4	(11)16	1.00	0	
max retalho: 3
(1)(1100)	1.00	(63)4	(52)5	(12)11	(72)2	(39)5	(7)3	(32)3	0.00	0	
max retalho: 3
(2)(1100)	1.00	(52)1	(41)11	(8)26	(37)1	(7)50	2.00	0	
max retalho: 3
(2)(1100)	1.00	(8)47	(12)60	4.00	0	
max retalho: 3
(0)(499)	1.00	(8)1	(70)1	0	421	
Sobra Total: 421.00
Perda Total: 103.00

Total Barras Cortadas:
Barra (1000) : 2
Barra (1100) : 100
Barra (53) : 0
Barra (269) : 0
Barra (499) : 1

Retalhos Gerados:
Retalho (421) : 1
