
Saida Arquivo/Entrada/Class5/D5d13.txt

Minimizar a Perda Total
max retalho: 3
(0)(1100)	6.00	(58)1	(65)1	(80)1	(69)13	0.00	0	
(1)(1100)	5.00	(52)21	8.00	0	
(2)(1100)	5.00	(58)18	(23)1	(11)3	0.00	0	
(3)(1100)	4.00	(21)1	(83)13	0.00	0	
(4)(1100)	4.00	(57)18	(35)1	(7)1	(32)1	0.00	0	
(5)(1100)	4.00	(65)12	(80)4	0.00	0	
(6)(1100)	3.00	(76)14	(36)1	0.00	0	
(7)(1100)	3.00	(79)12	(58)1	(47)2	0.00	0	
(8)(1100)	3.00	(35)30	(7)1	(32)1	(11)1	0.00	0	
(9)(1100)	2.00	(55)20	0.00	0	
(10)(1100)	2.00	(68)3	(32)28	0.00	0	
(11)(1100)	2.00	(76)1	(21)1	(59)17	0.00	0	
(12)(1100)	2.00	(76)1	(53)18	(11)1	(59)1	0.00	0	
(13)(1100)	2.00	(30)34	(23)3	(11)1	0.00	0	
(14)(1100)	2.00	(50)22	0.00	0	
(15)(1100)	2.00	(51)20	(11)2	(29)2	0.00	0	
(16)(1100)	2.00	(62)17	(23)2	0.00	0	
(17)(1100)	1.00	(26)1	(30)1	(29)36	0.00	0	
(18)(1100)	1.00	(23)4	(36)28	0.00	0	
(19)(1100)	1.00	(21)52	8.00	0	
(20)(1100)	1.00	(35)1	(7)1	(23)46	0.00	0	
(21)(1100)	1.00	(25)44	0.00	0	
(22)(1100)	1.00	(28)39	8.00	0	
(23)(1100)	1.00	(58)1	(14)3	(65)8	(80)6	0.00	0	
(24)(1100)	1.00	(58)4	(23)1	(48)17	(29)1	0.00	0	
(25)(1100)	1.00	(72)3	(7)1	(73)12	1.00	0	
(26)(1100)	1.00	(44)25	0.00	0	
(28)(1100)	1.00	(24)13	(61)5	(27)14	(15)7	0.00	0	
max retalho: 3
(0)(1100)	1.00	(79)7	(59)9	(15)1	1.00	0	
(1)(1100)	1.00	(47)1	(35)9	(72)10	(7)1	(11)1	0.00	0	
(2)(1100)	1.00	(7)1	(55)3	(29)32	0.00	0	
(4)(1100)	1.00	(32)11	(11)68	0.00	0	
(5)(1100)	1.00	(7)3	(76)3	(23)37	0.00	0	
(6)(1100)	1.00	(79)1	(53)10	(59)1	(36)12	0.00	0	
(7)(1100)	1.00	(61)8	(30)15	(18)9	0.00	0	
(8)(1100)	1.00	(58)8	(7)13	(21)21	(52)2	0.00	0	
(9)(1100)	1.00	(68)11	(47)7	(11)2	1.00	0	
(26)(1100)	1.00	(40)3	(28)1	(65)1	(80)2	(69)5	(25)2	(83)4	0.00	0	
max retalho: 3
(0)(1100)	1.00	(26)5	(55)15	(32)2	(52)1	(29)1	0.00	0	
(1)(1100)	1.00	(47)8	(35)10	(32)6	(36)5	2.00	0	
(3)(1100)	1.00	(18)18	(7)50	(15)18	(52)3	0.00	0	
max retalho: 3
(0)(1100)	1.00	(57)2	(35)2	(40)7	(30)1	(18)1	(76)4	(32)4	(52)3	0.00	0	
max retalho: 3
(0)(1100)	1.00	(57)2	(76)5	(32)3	(11)2	(59)1	0	429	
Sobra Total: 429.00
Perda Total: 61.00

Total Barras Cortadas:
Barra (1000) : 0
Barra (1100) : 79
Barra (76) : 0
Barra (305) : 0
Barra (64) : 0

Retalhos Gerados:
Retalho (429) : 1
