
Saida Arquivo/Entrada/Class5/D5d20.txt

Minimizar a Perda Total
max retalho: 3
(0)(1000)	9.00	(75)4	(70)10	0.00	0	
(1)(1100)	7.00	(73)15	5.00	0	
(2)(1100)	6.00	(64)14	(68)3	0.00	0	
(3)(1100)	6.00	(46)2	(18)1	(66)15	0.00	0	
(4)(1100)	4.00	(50)22	0.00	0	
(5)(1100)	5.00	(46)1	(62)17	0.00	0	
(6)(1100)	5.00	(10)2	(72)15	0.00	0	
(7)(1100)	5.00	(65)14	(11)12	(58)1	0.00	0	
(8)(1100)	4.00	(75)12	(44)3	(62)1	(6)1	0.00	0	
(9)(1000)	4.00	(65)3	(69)11	(46)1	0.00	0	
(10)(1100)	4.00	(6)2	(68)16	0.00	0	
(11)(1100)	4.00	(54)17	(32)1	(72)2	(6)1	0.00	0	
(12)(1100)	4.00	(67)12	(37)8	0.00	0	
(13)(1100)	3.00	(11)1	(14)1	(43)25	0.00	0	
(14)(1100)	3.00	(32)28	(68)3	0.00	0	
(15)(1100)	3.00	(32)1	(35)30	(18)1	0.00	0	
(16)(1100)	3.00	(46)22	(41)2	(6)1	0.00	0	
(17)(1100)	3.00	(42)26	8.00	0	
(18)(1100)	3.00	(76)8	(41)12	0.00	0	
(19)(1100)	3.00	(10)1	(67)16	(18)1	0.00	0	
(20)(1100)	2.00	(54)5	(83)10	0.00	0	
(21)(1100)	3.00	(75)1	(65)1	(80)12	0.00	0	
(22)(1100)	2.00	(67)1	(41)25	(8)1	0.00	0	
(23)(1100)	2.00	(25)44	0.00	0	
(24)(1000)	1.00	(79)11	(69)1	(62)1	0.00	0	
(25)(1100)	1.00	(18)61	2.00	0	
(26)(1100)	1.00	(21)52	8.00	0	
(27)(1100)	1.00	(75)1	(58)1	(29)3	(80)11	0.00	0	
(28)(1100)	1.00	(39)28	8.00	0	
(29)(1100)	1.00	(55)20	0.00	0	
(31)(1000)	1.00	(69)1	(46)1	(59)15	0.00	0	
(33)(1100)	1.00	(21)1	(35)2	(72)5	(33)3	(22)25	0.00	0	
(40)(1000)	3.00	(44)1	(58)13	(62)1	(70)2	0.00	0	
max retalho: 3
(0)(1100)	1.00	(41)11	(18)2	(68)9	1.00	0	
(2)(1100)	1.00	(75)5	(21)1	(64)11	0.00	0	
(3)(1100)	1.00	(79)8	(18)26	0.00	0	
(4)(1100)	1.00	(32)15	(35)2	(25)22	0.00	0	
(6)(1100)	1.00	(65)4	(11)14	(14)29	(70)4	0.00	0	
(7)(1100)	1.00	(44)1	(21)2	(69)8	(66)7	0.00	0	
max retalho: 3
(1)(1000)	1.00	(50)16	(8)6	(66)1	(43)2	0.00	0	
(3)(1100)	1.00	(46)7	(18)9	(6)31	(43)10	0.00	0	
(7)(1100)	1.00	(42)5	(44)8	(35)9	(73)2	(6)2	(8)8	1.00	0	
max retalho: 3
(2)(1100)	1.00	(54)8	(58)2	(14)26	(83)1	(50)2	5.00	0	
max retalho: 3
(0)(1000)	1.00	(75)5	(76)1	(67)1	(14)1	(41)3	(6)1	(43)6	(80)1	1.00	0	
max retalho: 3
(5)(1000)	1.00	(67)1	(83)8	(41)1	(6)1	(8)3	(43)3	69.00	0	
Sobra Total: 0.00
Perda Total: 154.00

Total Barras Cortadas:
Barra (1000) : 21
Barra (1100) : 99
Barra (110) : 0
Barra (323) : 0
Barra (98) : 0

Retalhos Gerados:
