
Saida Arquivo/Entrada/Class5/D5d3.txt

Minimizar a Perda Total
max retalho: 3
(0)(1100)	7.00	(41)1	(71)1	(59)16	(38)1	(6)1	0.00	0	
(1)(1100)	7.00	(62)16	(48)2	(6)2	0.00	0	
(2)(1100)	7.00	(74)13	(69)2	0.00	0	
(3)(1100)	4.00	(37)2	(51)20	(6)1	0.00	0	
(4)(1100)	4.00	(70)1	(58)17	(38)1	(6)1	0.00	0	
(5)(1100)	4.00	(72)13	(40)2	(30)1	(27)2	0.00	0	
(6)(1100)	3.00	(37)8	(67)12	0.00	0	
(7)(1100)	3.00	(55)20	0.00	0	
(8)(1100)	3.00	(5)1	(7)1	(80)13	(48)1	0.00	0	
(9)(1100)	3.00	(34)32	(6)2	0.00	0	
(10)(1100)	3.00	(68)3	(32)28	0.00	0	
(11)(1100)	3.00	(37)1	(7)1	(48)22	0.00	0	
(12)(1100)	3.00	(40)26	(30)2	0.00	0	
(13)(1100)	3.00	(40)2	(30)7	(27)30	0.00	0	
(14)(1100)	2.00	(40)2	(30)1	(36)26	(27)2	0.00	0	
(15)(1100)	2.00	(26)42	8.00	0	
(16)(1100)	1.00	(41)26	(7)1	(27)1	0.00	0	
(17)(1100)	1.00	(47)19	(23)9	0.00	0	
(18)(1100)	1.00	(5)1	(30)1	(71)15	0.00	0	
(19)(1100)	1.00	(44)25	0.00	0	
(20)(1100)	1.00	(37)28	(5)1	(23)1	(36)1	0.00	0	
(21)(1100)	1.00	(5)2	(9)1	(23)47	0.00	0	
(22)(1100)	1.00	(41)1	(71)1	(38)26	0.00	0	
(23)(1100)	1.00	(70)15	(38)1	(6)2	0.00	0	
(24)(1100)	1.00	(47)2	(30)32	(23)2	0.00	0	
(25)(1100)	1.00	(15)73	5.00	0	
(26)(1100)	1.00	(5)1	(76)5	(65)11	0.00	0	
(27)(1100)	1.00	(14)78	8.00	0	
(28)(1100)	1.00	(41)1	(18)55	(69)1	0.00	0	
(29)(1100)	1.00	(79)8	(7)1	(11)22	(73)3	0.00	0	
max retalho: 3
(0)(1100)	1.00	(68)2	(47)17	(51)3	(6)2	0.00	0	
(1)(1100)	1.00	(5)2	(67)10	(36)11	(6)4	0.00	0	
(2)(1100)	1.00	(5)1	(41)26	(7)2	(9)1	(6)1	0.00	0	
(3)(1100)	1.00	(44)5	(23)38	(6)1	0.00	0	
(5)(1100)	1.00	(35)17	(5)2	(38)13	1.00	0	
(7)(1100)	1.00	(26)21	(14)1	(76)7	(6)1	2.00	0	
(12)(1100)	1.00	(58)7	(74)2	(9)34	(34)7	2.00	0	
(13)(1100)	1.00	(70)6	(14)6	(59)4	(15)24	0.00	0	
(15)(1100)	1.00	(5)2	(72)2	(11)1	(71)13	(6)2	0.00	0	
max retalho: 3
(0)(1100)	1.00	(37)27	(5)2	(7)1	(48)1	(6)6	0.00	0	
(1)(1100)	1.00	(5)1	(30)12	(55)7	(48)2	(36)7	2.00	0	
(2)(1100)	1.00	(5)1	(51)5	(40)1	(44)2	(32)5	(69)8	0.00	0	
max retalho: 3
(0)(1100)	1.00	(14)1	(5)23	(72)1	(62)3	(65)3	(80)2	(48)2	(36)2	(38)1	(6)1	(73)2	0.00	0	
max retalho: 3
(0)(1100)	1.00	(51)7	(7)1	(44)13	(80)2	4.00	0	
max retalho: 3
(0)(1100)	1.00	(68)10	(51)1	0	369	
Sobra Total: 369.00
Perda Total: 40.00

Total Barras Cortadas:
Barra (1000) : 0
Barra (1100) : 90
Barra (123) : 0
Barra (352) : 0
Barra (111) : 0

Retalhos Gerados:
Retalho (369) : 1
