
Saida Arquivo/Entrada/Class5/D5d4.txt

Minimizar a Perda Total
max retalho: 3
(0)(1100)	8.00	(77)13	(45)1	(24)1	(30)1	0.00	0	
(1)(1100)	7.00	(78)14	8.00	0	
(2)(1100)	7.00	(24)1	(41)2	(71)14	0.00	0	
(3)(1100)	6.00	(56)1	(41)1	(59)17	0.00	0	
(4)(1100)	5.00	(60)18	(5)4	0.00	0	
(5)(1100)	5.00	(66)15	(5)1	(46)1	(59)1	0.00	0	
(6)(1100)	5.00	(37)8	(67)12	0.00	0	
(7)(1100)	5.00	(61)18	2.00	0	
(8)(1100)	5.00	(56)18	(5)2	(41)2	0.00	0	
(9)(1000)	4.00	(70)1	(58)2	(74)11	0.00	0	
(10)(1100)	4.00	(16)1	(63)17	(13)1	0.00	0	
(11)(1100)	4.00	(56)1	(37)1	(53)19	0.00	0	
(12)(1100)	3.00	(55)20	0.00	0	
(13)(1100)	3.00	(53)6	(46)17	0.00	0	
(14)(1100)	2.00	(16)1	(30)35	(34)1	0.00	0	
(15)(1100)	2.00	(35)1	(5)1	(57)18	(34)1	0.00	0	
(16)(1100)	2.00	(45)2	(49)20	(30)1	0.00	0	
(17)(1000)	2.00	(66)1	(24)1	(70)13	0.00	0	
(18)(1100)	2.00	(81)12	(70)1	(58)1	0.00	0	
(19)(1100)	2.00	(12)2	(9)1	(34)31	(13)1	0.00	0	
(20)(1100)	1.00	(24)2	(37)28	(16)1	0.00	0	
(21)(1100)	1.00	(45)23	(5)1	(30)2	0.00	0	
(22)(1000)	1.00	(58)16	(13)1	(59)1	0.00	0	
(23)(1100)	1.00	(68)3	(64)14	0.00	0	
(24)(1100)	1.00	(24)1	(5)2	(82)13	0.00	0	
(25)(1100)	1.00	(28)39	8.00	0	
(26)(1100)	1.00	(35)30	(16)1	(34)1	0.00	0	
(27)(1100)	1.00	(68)3	(16)56	0.00	0	
(28)(1100)	1.00	(24)1	(5)2	(41)26	0.00	0	
(29)(1100)	1.00	(5)6	(32)9	(23)34	0.00	0	
(30)(1000)	1.00	(24)1	(70)1	(26)32	(74)1	0.00	0	
(31)(1100)	1.00	(68)16	(12)1	0.00	0	
(39)(1100)	1.00	(33)6	(34)25	(13)4	0.00	0	
(40)(1000)	7.00	(56)1	(81)11	(53)1	0.00	0	
max retalho: 3
(0)(1100)	1.00	(45)10	(81)8	2.00	0	
(1)(1000)	1.00	(68)8	(63)2	(55)6	0.00	0	
(2)(1100)	1.00	(35)3	(16)11	(64)7	(53)7	0.00	0	
(3)(1100)	1.00	(77)4	(70)4	(58)1	(28)9	(67)3	1.00	0	
(4)(1100)	1.00	(66)8	(57)10	2.00	0	
(7)(1100)	1.00	(24)24	(58)7	(28)1	(9)10	0.00	0	
(8)(1100)	1.00	(41)1	(55)2	(13)73	0.00	0	
(9)(1100)	1.00	(45)7	(33)1	(30)25	2.00	0	
(11)(1100)	1.00	(45)1	(74)8	(32)9	(34)5	5.00	0	
max retalho: 3
(0)(1000)	1.00	(66)2	(37)1	(20)3	(78)1	(82)7	(59)2	1.00	0	
(6)(1100)	1.00	(24)2	(60)8	(49)1	(37)4	(5)15	(64)1	(57)2	(61)2	0.00	0	
max retalho: 3
(2)(1100)	1.00	(58)3	(49)4	(37)10	(16)1	(78)3	(55)2	0.00	0	
max retalho: 3
(2)(1100)	1.00	(35)4	(81)2	(60)8	(28)4	(30)1	(46)2	(13)1	(71)1	0.00	0	
max retalho: 3
(2)(1100)	1.00	(37)10	(28)7	(63)7	(46)2	1.00	0	
max retalho: 3
(0)(326)	1.00	(35)3	(37)1	(28)2	(30)1	98.00	0	
Sobra Total: 0.00
Perda Total: 186.00

Total Barras Cortadas:
Barra (1000) : 17
Barra (1100) : 100
Barra (112) : 0
Barra (326) : 1
Barra (100) : 0

Retalhos Gerados:
