
4 Soluções

Saida Arquivo/Entrada/Class2/D2d12.txt

Minimizar a Perda Total
max retalho: 5

(0)(1100)	32.00	(144)3	(332)2	4.00	0	

(1)(1100)	20.00	(186)1	(188)2	(132)4	10.00	0	

(2)(1100)	17.00	(186)5	(165)1	5.00	0	

(3)(1100)	16.00	(188)1	(165)5	87.00	0	

(4)(1000)	14.00	(155)4	(121)3	17.00	0	

(5)(1100)	12.00	(165)1	(153)6	17.00	0	

(6)(1000)	7.00	(176)2	(153)1	(132)1	(121)3	0.00	0	

(7)(1000)	6.00	(188)5	60.00	0	

(8)(422)	3.00	(188)2	46.00	0	

(9)(1000)	8.00	(332)3	4.00	0	

(10)(1000)	2.00	(165)5	(175)1	0.00	175	

(11)(1100)	2.00	(121)8	132.00	0	
max retalho: 4

(0)(269)	2.00	(132)1	(121)1	16.00	0	

(1)(422)	1.00	(176)1	(165)1	81.00	0	

(2)(431)	1.00	(155)2	(121)1	0.00	0	

(3)(1100)	1.00	(188)1	(153)2	(132)2	(332)1	10.00	0	

(5)(269)	1.00	(144)1	(121)1	4.00	0	
max retalho: 4

(0)(431)	1.00	(121)3	68.00	0	
Sobra Total: 350.00
Perda Total: 3236.00

Total Barras Cortadas:
Barra (1000) : 37
Barra (1100) : 100
Barra (431) : 2
Barra (269) : 3
Barra (422) : 4

Retalhos Gerados:
Retalho (175) : 2

7 Soluções

Saida Arquivo/Entrada/Class2/D2d12.txt

Minimizar a Perda Total
max retalho: 5

(0)(1000)	35.00	(186)3	(153)1	(144)2	1.00	0	

(1)(1100)	29.00	(332)3	104.00	0	

(2)(1100)	19.00	(165)6	110.00	0	

(3)(1100)	17.00	(188)5	(153)1	7.00	0	

(4)(1100)	10.00	(132)8	44.00	0	

(5)(269)	9.00	(144)1	(121)1	4.00	0	

(6)(1100)	8.00	(155)7	15.00	0	

(7)(1100)	8.00	(121)9	11.00	0	

(8)(1100)	4.00	(153)7	29.00	0	

(9)(422)	4.00	(144)2	(132)1	2.00	0	

(10)(1000)	2.00	(188)3	(144)3	4.00	0	

(11)(431)	3.00	(165)1	(144)1	(121)1	1.00	0	

(12)(1100)	2.00	(176)6	44.00	0	

(13)(431)	1.00	(165)1	(132)2	2.00	0	
max retalho: 5

(0)(1100)	1.00	(332)2	436.00	0	

(1)(1000)	1.00	(188)2	(153)1	(155)2	(121)1	40.00	0	

(3)(1100)	1.00	(132)5	440.00	0	

(4)(1100)	1.00	(176)3	572.00	0	
max retalho: 5

(0)(1000)	1.00	(165)2	(144)1	(121)1	0	405	
Sobra Total: 405.00
Perda Total: 7657.00

Total Barras Cortadas:
Barra (1000) : 39
Barra (1100) : 100
Barra (431) : 4
Barra (269) : 9
Barra (422) : 4

Retalhos Gerados:
Retalho (405) : 1

10 Soluções

Saida Arquivo/Entrada/Class2/D2d12.txt

Minimizar a Perda Total
max retalho: 5

(0)(1000)	35.00	(186)3	(153)1	(144)2	1.00	0	

(1)(1000)	29.00	(332)3	4.00	0	

(2)(1100)	18.00	(188)5	(155)1	5.00	0	

(3)(1100)	15.00	(176)1	(165)4	(132)2	0.00	0	

(4)(1100)	12.00	(165)5	(153)1	(121)1	1.00	0	

(5)(1100)	10.00	(153)3	(155)1	(121)4	2.00	0	

(6)(269)	9.00	(132)2	5.00	0	

(7)(1100)	5.00	(144)5	(132)1	(121)2	6.00	0	

(8)(1000)	5.00	(155)4	(132)1	(121)2	6.00	0	

(9)(422)	4.00	(155)1	(132)2	3.00	0	

(10)(431)	4.00	(155)1	(132)2	12.00	0	

(11)(1100)	2.00	(153)1	(155)1	(132)6	0.00	0	

(12)(1100)	1.00	(132)1	(121)8	0.00	0	
max retalho: 5

(0)(1100)	1.00	(188)1	(153)1	(132)3	(121)3	0.00	0	

(1)(1000)	1.00	(188)1	(144)1	(332)2	4.00	0	
max retalho: 5

(0)(1000)	1.00	(188)1	(153)1	(144)1	(132)1	(121)3	20.00	0	
Sobra Total: 0.00
Perda Total: 462.00

Total Barras Cortadas:
Barra (1000) : 71
Barra (1100) : 64
Barra (431) : 4
Barra (269) : 9
Barra (422) : 4

Retalhos Gerados:
