
4 Soluções

Saida Arquivo/Entrada/Class2/D2d18.txt

Minimizar a Perda Total
max retalho: 5

(0)(1100)	28.00	(198)4	(166)1	(133)1	9.00	0	

(1)(1100)	24.00	(189)5	(154)1	1.00	0	

(2)(1100)	15.00	(166)5	(133)2	4.00	0	

(3)(1100)	13.00	(154)1	(156)6	10.00	0	

(4)(1100)	12.00	(210)1	(177)2	(133)4	4.00	0	

(5)(266)	9.00	(145)1	121.00	0	

(6)(1000)	7.00	(177)3	(154)2	(156)1	5.00	0	

(7)(1000)	7.00	(187)3	(145)3	4.00	0	

(8)(1000)	7.00	(210)4	(154)1	6.00	0	

(9)(440)	5.00	(145)3	5.00	0	

(10)(275)	6.00	(145)1	130.00	0	

(11)(1000)	3.00	(154)6	76.00	0	

(12)(1100)	3.00	(154)7	22.00	0	

(13)(1100)	3.00	(154)1	(145)6	76.00	0	
max retalho: 5

(0)(1000)	1.00	(166)2	(154)1	(156)3	46.00	0	

(3)(1000)	1.00	(198)1	(189)2	(154)1	(133)2	4.00	0	
max retalho: 5

(4)(1100)	1.00	(187)1	(177)2	(166)1	(154)1	(133)1	106.00	0	
Sobra Total: 0.00
Perda Total: 3191.00

Total Barras Cortadas:
Barra (1000) : 26
Barra (1100) : 99
Barra (275) : 6
Barra (440) : 5
Barra (266) : 9

Retalhos Gerados:

7 Soluções

Saida Arquivo/Entrada/Class2/D2d18.txt

Minimizar a Perda Total
max retalho: 5

(0)(1000)	23.00	(177)2	(166)2	(156)2	2.00	0	

(1)(1100)	16.00	(189)5	(154)1	1.00	0	

(2)(1100)	14.00	(189)2	(166)4	58.00	0	

(3)(1100)	12.00	(154)1	(133)7	15.00	0	

(4)(1100)	11.00	(189)1	(145)6	41.00	0	

(5)(1100)	11.00	(198)4	(154)2	0.00	0	

(6)(1100)	9.00	(198)4	(133)1	(171)1	4.00	171	

(7)(266)	9.00	(198)1	68.00	0	

(8)(1100)	7.00	(210)4	(198)1	62.00	0	

(9)(1100)	6.00	(154)7	22.00	0	

(10)(275)	6.00	(133)2	9.00	0	

(11)(1000)	1.00	(210)4	(154)1	6.00	0	

(12)(1100)	5.00	(156)7	8.00	0	

(13)(1100)	5.00	(198)1	(187)4	(154)1	0.00	0	

(14)(440)	5.00	(210)1	(198)1	32.00	0	
max retalho: 4

(0)(1100)	1.00	(198)5	110.00	0	

(1)(1000)	1.00	(189)2	(177)1	(166)1	(133)2	13.00	0	

(2)(1100)	1.00	(156)7	8.00	0	

(3)(1000)	1.00	(187)2	(166)2	(145)2	4.00	0	

(9)(1000)	1.00	(198)1	(154)5	32.00	0	
max retalho: 4

(1)(1100)	1.00	(166)1	(171)3	(330)1	91.00	843	

(5)(1100)	1.00	(210)3	(198)1	(189)1	83.00	0	
max retalho: 3

(0)(1000)	1.00	(145)1	(133)2	0	589	
Sobra Total: 2971.00
Perda Total: 3320.00

Total Barras Cortadas:
Barra (1000) : 28
Barra (1100) : 100
Barra (275) : 6
Barra (440) : 5
Barra (266) : 9

Retalhos Gerados:
Retalho (171) : 9
Retalho (171) : 3
Retalho (330) : 1
Retalho (589) : 1

10 Soluções

Saida Arquivo/Entrada/Class2/D2d18.txt

Minimizar a Perda Total
max retalho: 5

(0)(1100)	26.00	(189)2	(166)4	58.00	0	

(1)(1100)	19.00	(198)4	(154)2	0.00	0	

(2)(1100)	13.00	(154)1	(133)7	15.00	0	

(3)(1100)	12.00	(156)7	8.00	0	

(4)(1100)	11.00	(189)5	(154)1	1.00	0	

(5)(1100)	11.00	(189)1	(145)6	41.00	0	

(6)(1000)	9.00	(210)2	(198)2	(171)1	13.00	171	

(7)(1000)	9.00	(177)5	115.00	0	

(8)(266)	9.00	(210)1	56.00	0	

(9)(1000)	6.00	(210)1	(154)5	20.00	0	

(10)(275)	5.00	(133)2	9.00	0	

(11)(440)	5.00	(198)2	44.00	0	

(12)(1100)	5.00	(198)1	(187)4	(154)1	0.00	0	

(13)(1100)	1.00	(210)5	50.00	0	

(14)(1000)	1.00	(177)2	(166)2	(156)2	2.00	0	
max retalho: 4

(0)(1000)	1.00	(210)1	(189)1	(154)1	(156)2	(133)1	2.00	0	

(1)(1000)	1.00	(198)1	(189)1	(154)1	(145)3	24.00	0	

(2)(275)	1.00	(133)2	9.00	0	

(3)(1000)	1.00	(187)2	(154)4	10.00	0	
max retalho: 4

(1)(1000)	1.00	(198)1	(189)2	(133)3	25.00	0	

(3)(1100)	1.00	(210)1	(133)1	757.00	0	
max retalho: 4

(1)(1100)	1.00	(198)2	(133)1	0	571	
Sobra Total: 2110.00
Perda Total: 5181.00

Total Barras Cortadas:
Barra (1000) : 29
Barra (1100) : 100
Barra (275) : 6
Barra (440) : 5
Barra (266) : 9

Retalhos Gerados:
Retalho (171) : 9
Retalho (571) : 1
