
4 Soluções

Saida Arquivo/Entrada/Class2/D2d14.txt

Minimizar a Perda Total
max retalho: 5

(0)(1000)	33.00	(180)2	(169)1	(157)3	0.00	0	

(1)(1100)	23.00	(201)3	(180)1	(169)1	(148)1	0.00	0	

(2)(1100)	15.00	(190)4	(192)1	(148)1	0.00	0	

(3)(1000)	14.00	(201)1	(159)5	4.00	0	

(4)(1100)	11.00	(180)1	(148)1	(136)2	(125)4	0.00	0	

(5)(266)	9.00	(125)2	16.00	0	

(6)(1100)	8.00	(190)5	(148)1	2.00	0	

(7)(1000)	5.00	(169)5	(148)1	7.00	0	

(8)(264)	5.00	(148)1	116.00	0	

(10)(433)	4.00	(159)1	(148)1	(125)1	1.00	0	

(11)(1000)	1.00	(125)8	0.00	0	

(12)(433)	1.00	(180)1	(125)2	3.00	0	
max retalho: 5

(0)(1100)	1.00	(201)2	(192)1	(180)1	(169)1	(157)1	0.00	0	

(1)(1100)	1.00	(190)1	(159)2	(148)4	0.00	0	

(3)(1000)	1.00	(190)2	(169)2	(157)1	(125)1	0.00	0	

(9)(264)	1.00	(190)1	74.00	0	
max retalho: 5

(0)(1000)	1.00	(190)5	50.00	0	
Sobra Total: 0.00
Perda Total: 962.00

Total Barras Cortadas:
Barra (1000) : 55
Barra (1100) : 59
Barra (264) : 6
Barra (433) : 5
Barra (266) : 9

Retalhos Gerados:

7 Soluções

Saida Arquivo/Entrada/Class2/D2d14.txt

Minimizar a Perda Total
max retalho: 5

(0)(1100)	24.00	(201)3	(180)1	(169)1	(148)1	0.00	0	

(1)(1100)	15.00	(190)4	(192)1	(148)1	0.00	0	

(2)(1100)	14.00	(180)2	(169)4	64.00	0	

(3)(1100)	14.00	(157)7	1.00	0	

(4)(1000)	12.00	(201)1	(159)5	4.00	0	

(5)(1100)	11.00	(159)1	(125)7	66.00	0	

(6)(1100)	8.00	(190)5	(148)1	2.00	0	

(7)(1100)	6.00	(180)6	20.00	0	

(8)(264)	6.00	(148)1	116.00	0	

(9)(433)	5.00	(148)1	(165)1	120.00	165	

(10)(266)	9.00	(148)1	118.00	0	

(11)(1100)	4.00	(180)2	(136)5	60.00	0	

(12)(1100)	1.00	(180)2	(148)5	0.00	0	

(13)(1000)	1.00	(180)3	(148)3	16.00	0	
max retalho: 4

(0)(1000)	1.00	(190)5	50.00	0	

(1)(1000)	1.00	(190)1	(159)5	15.00	0	

(3)(1000)	1.00	(201)1	(192)1	(180)1	(157)1	(136)1	134.00	0	

(7)(1000)	1.00	(169)4	(157)2	10.00	0	
max retalho: 4

(0)(1000)	1.00	(190)3	(136)1	0	294	
Sobra Total: 1119.00
Perda Total: 4643.00

Total Barras Cortadas:
Barra (1000) : 18
Barra (1100) : 97
Barra (264) : 6
Barra (433) : 5
Barra (266) : 9

Retalhos Gerados:
Retalho (165) : 5
Retalho (294) : 1

10 Soluções

Saida Arquivo/Entrada/Class2/D2d14.txt

Minimizar a Perda Total
max retalho: 5

(0)(1000)	27.00	(201)1	(180)2	(157)2	(125)1	0.00	0	

(1)(1100)	27.00	(190)4	(169)2	2.00	0	

(2)(1000)	15.00	(192)1	(169)1	(159)4	3.00	0	

(3)(1100)	13.00	(201)3	(180)1	(169)1	(148)1	0.00	0	

(4)(1100)	11.00	(157)1	(148)2	(136)2	(125)3	0.00	0	

(5)(1000)	10.00	(201)1	(180)1	(157)3	(148)1	0.00	0	

(6)(264)	5.00	(180)1	84.00	0	

(7)(433)	4.00	(157)1	(148)1	(125)1	3.00	0	

(8)(1100)	4.00	(180)2	(148)5	0.00	0	

(9)(1000)	2.00	(201)1	(159)5	4.00	0	

(10)(266)	9.00	(180)1	86.00	0	

(11)(1000)	1.00	(125)8	0.00	0	

(12)(1100)	1.00	(201)4	(148)2	0.00	0	
max retalho: 5

(0)(1100)	1.00	(192)1	(169)1	(159)2	(148)2	(125)1	0.00	0	

(1)(433)	1.00	(201)1	(159)1	73.00	0	

(5)(1100)	1.00	(201)2	(190)1	(180)1	(169)1	(159)1	0.00	0	

(7)(264)	1.00	(125)2	14.00	0	
max retalho: 5

(0)(1100)	1.00	(180)1	(157)2	(159)2	(148)1	(125)1	15.00	0	
max retalho: 5

(0)(1000)	1.00	(180)1	(148)1	(125)1	0	547	
Sobra Total: 547.00
Perda Total: 1415.00

Total Barras Cortadas:
Barra (1000) : 56
Barra (1100) : 59
Barra (264) : 6
Barra (433) : 5
Barra (266) : 9

Retalhos Gerados:
Retalho (547) : 1
