
4 Soluções

Saida Arquivo/Entrada/Class2/D2d20.txt

Minimizar a Perda Total
max retalho: 5

(0)(1100)	16.00	(191)5	145.00	0	

(1)(1100)	16.00	(170)1	(158)4	(149)2	0.00	0	

(2)(1100)	14.00	(137)8	4.00	0	

(3)(1100)	12.00	(202)1	(158)3	(149)2	(126)1	0.00	0	

(4)(1100)	9.00	(180)6	20.00	0	

(5)(255)	9.00	(202)1	53.00	0	

(6)(1100)	7.00	(191)1	(158)3	(149)2	(137)1	0.00	0	

(7)(1100)	6.00	(149)7	57.00	0	

(8)(433)	5.00	(147)1	(149)1	(137)1	0.00	0	

(9)(1100)	2.00	(181)6	14.00	0	

(10)(264)	6.00	(202)1	62.00	0	

(11)(1100)	2.00	(202)5	90.00	0	
max retalho: 5

(0)(1100)	1.00	(191)1	(181)1	(158)1	(147)1	(149)1	(137)2	0.00	0	

(1)(1100)	1.00	(180)1	(181)1	(147)3	(149)2	0.00	0	
max retalho: 5

(0)(1000)	1.00	(191)2	(181)1	(149)1	(137)2	14.00	0	
max retalho: 5

(0)(1000)	1.00	(149)2	(137)2	0	428	
Sobra Total: 428.00
Perda Total: 3969.00

Total Barras Cortadas:
Barra (1000) : 2
Barra (1100) : 86
Barra (264) : 6
Barra (433) : 5
Barra (255) : 9

Retalhos Gerados:
Retalho (428) : 1

7 Soluções

Saida Arquivo/Entrada/Class2/D2d20.txt

Minimizar a Perda Total
max retalho: 5

(0)(1100)	38.00	(191)1	(158)3	(149)2	(137)1	0.00	0	

(1)(1100)	10.00	(137)8	4.00	0	

(2)(1100)	9.00	(180)6	20.00	0	

(3)(255)	9.00	(170)1	85.00	0	

(4)(1100)	8.00	(191)5	145.00	0	

(5)(1100)	6.00	(202)5	90.00	0	

(6)(1100)	6.00	(191)2	(170)1	(147)1	(149)1	(126)2	0.00	0	

(7)(1100)	5.00	(149)7	57.00	0	

(8)(433)	3.00	(147)1	(149)1	(137)1	0.00	0	

(9)(1100)	2.00	(181)6	14.00	0	

(10)(264)	6.00	(202)1	62.00	0	

(11)(433)	2.00	(158)1	(137)2	1.00	0	

(12)(1100)	1.00	(170)1	(158)4	(149)2	0.00	0	
max retalho: 5

(0)(1000)	1.00	(202)1	(181)2	(158)1	(137)2	4.00	0	

(4)(1100)	1.00	(149)1	951.00	0	
max retalho: 5

(0)(1000)	1.00	(180)1	(181)1	(158)1	(137)3	70.00	0	
Sobra Total: 0.00
Perda Total: 4397.00

Total Barras Cortadas:
Barra (1000) : 2
Barra (1100) : 86
Barra (264) : 6
Barra (433) : 5
Barra (255) : 9

Retalhos Gerados:

10 Soluções

Saida Arquivo/Entrada/Class2/D2d20.txt

Minimizar a Perda Total
max retalho: 5

(0)(1100)	31.00	(191)1	(158)3	(149)2	(137)1	0.00	0	

(1)(1100)	11.00	(137)8	4.00	0	

(2)(1000)	9.00	(202)2	(149)4	0.00	0	

(3)(1100)	9.00	(180)6	20.00	0	

(4)(255)	9.00	(191)1	64.00	0	

(5)(1100)	8.00	(181)1	(158)3	(147)1	(149)2	0.00	0	

(6)(1000)	6.00	(202)3	(191)2	12.00	0	

(7)(1100)	6.00	(191)5	145.00	0	

(8)(264)	6.00	(170)1	94.00	0	

(9)(1100)	4.00	(191)2	(170)2	(126)3	0.00	0	

(10)(433)	5.00	(149)1	(137)2	10.00	0	

(11)(1100)	1.00	(181)6	14.00	0	

(12)(1100)	1.00	(170)2	(158)3	(149)1	(137)1	0.00	0	
max retalho: 5

(0)(1000)	1.00	(202)1	(180)1	(158)2	(147)1	(149)1	6.00	0	
max retalho: 5

(0)(1000)	1.00	(181)1	(149)2	0	521	
Sobra Total: 521.00
Perda Total: 2376.00

Total Barras Cortadas:
Barra (1000) : 17
Barra (1100) : 71
Barra (264) : 6
Barra (433) : 5
Barra (255) : 9

Retalhos Gerados:
Retalho (521) : 1
