
4 Soluções

Saida Arquivo/Entrada/Class2/D2d5.txt

Minimizar a Perda Total
max retalho: 5

(0)(1000)	20.00	(175)1	(164)4	(166)1	3.00	0	

(1)(1100)	16.00	(196)1	(198)2	(175)1	(166)2	1.00	0	

(2)(1100)	14.00	(154)7	22.00	0	

(3)(1100)	10.00	(198)1	(187)4	(154)1	0.00	0	

(4)(1100)	10.00	(175)6	50.00	0	

(5)(1100)	9.00	(208)1	(196)1	(198)1	(166)3	0.00	0	

(6)(1100)	9.00	(131)8	52.00	0	

(7)(275)	9.00	(208)1	67.00	0	

(8)(1100)	8.00	(196)5	120.00	0	

(9)(1000)	36.00	(196)1	(187)2	(143)3	1.00	0	

(10)(274)	6.00	(208)1	66.00	0	

(11)(439)	5.00	(164)1	(143)1	(131)1	1.00	0	

(12)(1000)	4.00	(208)1	(196)1	(198)3	2.00	0	
max retalho: 5

(0)(1100)	1.00	(175)1	925.00	0	

(1)(1100)	1.00	(196)2	708.00	0	

(2)(1100)	1.00	(208)1	(198)2	(164)1	(166)2	0.00	0	

(3)(1100)	1.00	(154)6	176.00	0	
max retalho: 5

(0)(1000)	1.00	(187)1	(131)1	0	682	
Sobra Total: 682.00
Perda Total: 5169.00

Total Barras Cortadas:
Barra (1000) : 61
Barra (1100) : 80
Barra (274) : 6
Barra (439) : 5
Barra (275) : 9

Retalhos Gerados:
Retalho (682) : 1

7 Soluções

Saida Arquivo/Entrada/Class2/D2d5.txt

Minimizar a Perda Total
max retalho: 5

(0)(1100)	32.00	(196)1	(198)2	(175)1	(166)2	1.00	0	

(1)(1100)	19.00	(196)1	(154)5	(131)1	3.00	0	

(2)(1000)	17.00	(175)1	(164)5	5.00	0	

(3)(1000)	11.00	(175)1	(154)1	(131)5	16.00	0	

(4)(1100)	9.00	(187)4	(175)2	2.00	0	

(5)(1000)	8.00	(208)3	(196)1	(175)1	5.00	0	

(6)(274)	6.00	(175)1	99.00	0	

(7)(1100)	5.00	(208)1	(196)2	(166)3	2.00	0	

(8)(1100)	1.00	(175)1	(154)6	1.00	0	

(9)(1000)	37.00	(196)1	(187)2	(143)3	1.00	0	
max retalho: 5

(0)(275)	3.00	(175)1	100.00	0	

(1)(439)	1.00	(175)1	(131)2	2.00	0	

(2)(275)	2.00	(187)1	88.00	0	

(3)(439)	1.00	(143)2	(131)1	22.00	0	

(4)(1000)	1.00	(196)1	(164)1	(166)2	(154)2	0.00	0	
max retalho: 5

(0)(439)	1.00	(198)1	(172)1	69.00	172	

(1)(439)	1.00	(187)1	(131)1	121.00	0	
Sobra Total: 172.00
Perda Total: 1740.00

Total Barras Cortadas:
Barra (1000) : 74
Barra (1100) : 66
Barra (274) : 6
Barra (439) : 4
Barra (275) : 5

Retalhos Gerados:
Retalho (172) : 1

10 Soluções

Saida Arquivo/Entrada/Class2/D2d5.txt

Minimizar a Perda Total
max retalho: 5

(0)(1000)	56.00	(196)1	(187)1	(164)1	(166)1	(143)2	1.00	0	

(1)(1100)	21.00	(198)1	(154)5	(131)1	1.00	0	

(2)(1100)	17.00	(208)1	(175)5	17.00	0	

(3)(1100)	12.00	(196)4	(175)1	(131)1	10.00	0	

(4)(1000)	12.00	(187)2	(164)2	(166)1	(131)1	1.00	0	

(5)(1000)	9.00	(208)1	(198)4	0.00	0	

(6)(1100)	6.00	(198)1	(187)4	(154)1	0.00	0	

(7)(275)	6.00	(187)1	88.00	0	

(8)(274)	6.00	(131)2	12.00	0	

(9)(1100)	2.00	(166)5	(131)2	8.00	0	

(10)(275)	3.00	(131)2	13.00	0	

(12)(439)	5.00	(164)1	(131)2	13.00	0	
max retalho: 5

(0)(1000)	1.00	(208)1	(187)1	(166)1	(154)2	(131)1	0.00	0	

(1)(1100)	1.00	(208)1	(198)2	(187)1	(166)1	(143)1	0.00	0	

(2)(1000)	1.00	(196)3	412.00	0	
max retalho: 5

(0)(1000)	1.00	(208)1	(187)1	(164)1	(166)1	(154)1	121.00	0	
Sobra Total: 0.00
Perda Total: 1751.00

Total Barras Cortadas:
Barra (1000) : 80
Barra (1100) : 59
Barra (274) : 6
Barra (439) : 5
Barra (275) : 9

Retalhos Gerados:
