
4 Soluções

Saida Arquivo/Entrada/Class2/D2d6.txt

Minimizar a Perda Total
max retalho: 5

(0)(1100)	38.00	(110)1	(321)1	(310)2	49.00	0	

(1)(1100)	26.00	(298)3	206.00	0	

(2)(1100)	19.00	(122)1	(319)1	(321)2	17.00	0	

(3)(1000)	9.00	(110)1	(310)1	(287)2	6.00	0	

(4)(259)	7.00	(122)2	15.00	0	

(5)(1100)	6.00	(110)2	(287)3	19.00	0	

(6)(1100)	4.00	(122)8	(100)1	24.00	0	

(7)(1000)	4.00	(99)2	(100)8	2.00	0	

(8)(1100)	4.00	(110)1	(321)3	27.00	0	

(9)(406)	3.00	(110)3	76.00	0	

(11)(407)	2.00	(110)3	77.00	0	

(12)(1100)	1.00	(110)1	(89)11	11.00	0	
max retalho: 5

(1)(1100)	1.00	(310)2	480.00	0	

(2)(1100)	1.00	(110)4	660.00	0	

(3)(1000)	1.00	(122)3	(100)2	(298)1	(89)1	47.00	0	
max retalho: 5

(0)(1000)	1.00	(99)5	(89)2	(287)1	40.00	0	
Sobra Total: 0.00
Perda Total: 9646.00

Total Barras Cortadas:
Barra (1000) : 15
Barra (1100) : 100
Barra (406) : 3
Barra (259) : 7
Barra (407) : 2

Retalhos Gerados:

7 Soluções

Saida Arquivo/Entrada/Class2/D2d6.txt

Minimizar a Perda Total
max retalho: 5

(0)(1000)	28.00	(310)3	70.00	0	

(1)(1100)	27.00	(122)1	(110)3	(321)2	6.00	0	

(2)(1100)	25.00	(122)1	(298)3	84.00	0	

(3)(1000)	16.00	(319)1	(321)2	39.00	0	

(4)(1000)	12.00	(287)3	139.00	0	

(5)(259)	7.00	(122)1	(99)1	38.00	0	

(6)(1000)	3.00	(100)10	0.00	0	

(7)(406)	3.00	(319)1	87.00	0	

(8)(1000)	2.00	(122)3	(321)1	(310)1	3.00	0	

(10)(407)	2.00	(100)1	(298)1	9.00	0	

(11)(1100)	1.00	(99)1	(100)2	(89)9	0.00	0	
max retalho: 5

(0)(1000)	1.00	(99)3	(100)1	(298)2	7.00	0	

(1)(1100)	1.00	(122)2	(310)1	(100)1	(89)5	1.00	0	

(2)(1000)	1.00	(110)2	(100)2	(287)1	293.00	0	
max retalho: 5

(0)(1000)	1.00	(122)1	(99)2	0	680	
Sobra Total: 680.00
Perda Total: 7366.00

Total Barras Cortadas:
Barra (1000) : 64
Barra (1100) : 54
Barra (406) : 3
Barra (259) : 7
Barra (407) : 2

Retalhos Gerados:
Retalho (680) : 1

10 Soluções

Saida Arquivo/Entrada/Class2/D2d6.txt

Minimizar a Perda Total
max retalho: 5

(0)(1000)	27.00	(122)2	(110)1	(321)2	4.00	0	

(1)(1100)	19.00	(319)1	(110)1	(310)2	51.00	0	

(2)(1100)	14.00	(122)1	(298)2	(89)1	(287)1	6.00	0	

(3)(1100)	13.00	(110)1	(321)1	(310)2	49.00	0	

(4)(1000)	13.00	(99)1	(310)1	(298)1	(287)1	6.00	0	

(5)(1100)	9.00	(100)2	(298)3	6.00	0	

(6)(1100)	7.00	(110)1	(321)3	27.00	0	

(7)(1100)	1.00	(110)10	0.00	0	

(8)(1100)	1.00	(100)11	0.00	0	

(9)(1000)	9.00	(310)1	(100)1	(298)1	(287)1	5.00	0	
max retalho: 5

(0)(407)	2.00	(298)1	109.00	0	

(1)(1100)	1.00	(110)4	(310)1	(287)1	63.00	0	
max retalho: 5

(0)(1000)	1.00	(110)3	0	670	
Sobra Total: 670.00
Perda Total: 2445.00

Total Barras Cortadas:
Barra (1000) : 50
Barra (1100) : 65
Barra (406) : 0
Barra (259) : 0
Barra (407) : 2

Retalhos Gerados:
Retalho (670) : 1
