
4 Soluções

Saida Arquivo/Entrada/Class2/D2d7.txt

Minimizar a Perda Total
max retalho: 5

(0)(1000)	31.00	(191)3	(168)1	(135)1	(124)1	0.00	0	

(1)(1100)	18.00	(189)4	(168)2	8.00	0	

(2)(1100)	12.00	(157)7	1.00	0	

(3)(1100)	6.00	(201)4	(157)1	(124)1	15.00	0	

(4)(1100)	5.00	(124)8	108.00	0	

(5)(1100)	5.00	(189)2	(158)3	(124)2	0.00	0	

(6)(432)	5.00	(157)1	(135)2	5.00	0	

(7)(264)	4.00	(124)2	16.00	0	

(8)(263)	3.00	(135)1	(124)1	4.00	0	

(9)(1000)	20.00	(158)5	(147)1	63.00	0	

(10)(263)	3.00	(124)2	15.00	0	

(11)(1000)	1.00	(179)4	(157)1	(124)1	3.00	0	

(12)(1100)	1.00	(191)4	(179)1	(157)1	0.00	0	
max retalho: 5

(0)(1100)	1.00	(189)2	722.00	0	

(1)(1100)	1.00	(157)4	472.00	0	

(3)(1000)	1.00	(201)1	(168)1	(135)1	(124)4	0.00	0	
max retalho: 5

(0)(1100)	1.00	(201)1	(191)1	(179)2	(158)1	(124)1	68.00	0	
max retalho: 5

(0)(1000)	1.00	(191)1	0	809	
Sobra Total: 809.00
Perda Total: 3457.00

Total Barras Cortadas:
Barra (1000) : 54
Barra (1100) : 50
Barra (263) : 6
Barra (432) : 5
Barra (264) : 4

Retalhos Gerados:
Retalho (809) : 1

7 Soluções

Saida Arquivo/Entrada/Class2/D2d7.txt

Minimizar a Perda Total
max retalho: 5

(0)(1100)	33.00	(189)2	(158)3	(124)2	0.00	0	

(1)(1100)	15.00	(189)1	(191)4	(147)1	0.00	0	

(2)(1100)	14.00	(157)7	1.00	0	

(3)(1100)	11.00	(168)6	92.00	0	

(4)(1100)	7.00	(191)5	145.00	0	

(5)(1100)	5.00	(201)5	95.00	0	

(6)(1100)	4.00	(135)8	20.00	0	

(7)(1100)	4.00	(124)8	108.00	0	

(8)(264)	4.00	(135)1	(124)1	5.00	0	

(9)(432)	5.00	(158)1	(147)1	(124)1	3.00	0	

(10)(263)	3.00	(179)1	84.00	0	

(11)(1000)	3.00	(189)1	(179)1	(158)4	0.00	0	

(12)(263)	3.00	(135)1	(124)1	4.00	0	
max retalho: 5

(0)(1000)	1.00	(191)2	(168)1	(157)2	(135)1	1.00	0	

(1)(1100)	1.00	(201)1	(191)1	(168)1	(135)4	0.00	0	
max retalho: 5

(0)(1000)	1.00	(191)1	(179)1	(157)1	(135)1	0	338	
Sobra Total: 338.00
Perda Total: 3328.00

Total Barras Cortadas:
Barra (1000) : 5
Barra (1100) : 94
Barra (263) : 6
Barra (432) : 5
Barra (264) : 4

Retalhos Gerados:
Retalho (338) : 1

10 Soluções

Saida Arquivo/Entrada/Class2/D2d7.txt

Minimizar a Perda Total
max retalho: 5

(0)(1100)	19.00	(158)6	(147)1	5.00	0	

(1)(1100)	18.00	(189)4	(168)2	8.00	0	

(2)(1100)	16.00	(191)4	(168)2	0.00	0	

(3)(1000)	13.00	(124)8	8.00	0	

(4)(1100)	12.00	(157)7	1.00	0	

(5)(1100)	7.00	(191)4	(179)1	(157)1	0.00	0	

(6)(1000)	6.00	(201)4	(191)1	5.00	0	

(7)(263)	6.00	(189)1	74.00	0	

(8)(432)	5.00	(157)1	(135)2	5.00	0	

(9)(1000)	1.00	(189)3	(158)1	(147)1	(124)1	4.00	0	

(10)(1100)	4.00	(135)8	20.00	0	

(11)(264)	3.00	(189)1	75.00	0	
max retalho: 5

(0)(1100)	1.00	(201)2	(191)1	(135)1	(124)3	0.00	0	

(1)(1100)	1.00	(157)5	(158)1	157.00	0	
max retalho: 5

(0)(1000)	1.00	(135)2	(164)4	74.00	656	

(1)(264)	1.00	(124)2	16.00	0	
Sobra Total: 656.00
Perda Total: 1410.00

Total Barras Cortadas:
Barra (1000) : 21
Barra (1100) : 78
Barra (263) : 6
Barra (432) : 5
Barra (264) : 4

Retalhos Gerados:
Retalho (164) : 4
