
4 Soluções

Saida Arquivo/Entrada/Class2/D2d8.txt

Minimizar a Perda Total
max retalho: 5

(0)(1000)	44.00	(314)1	(302)2	(82)1	0.00	0	

(1)(1000)	25.00	(91)1	(291)1	(293)2	32.00	0	

(2)(1100)	22.00	(325)3	125.00	0	

(3)(1100)	20.00	(314)3	158.00	0	

(4)(1100)	18.00	(325)2	(91)2	(93)2	(82)1	0.00	0	

(5)(1000)	9.00	(114)1	(302)1	(291)1	(293)1	0.00	0	

(6)(1000)	8.00	(114)7	(93)2	16.00	0	

(7)(250)	7.00	(91)2	68.00	0	

(8)(409)	3.00	(91)1	(93)3	39.00	0	

(9)(1100)	9.00	(91)1	(291)3	136.00	0	

(10)(1000)	1.00	(114)1	(103)3	(91)2	(302)1	(93)1	0.00	0	

(11)(400)	1.00	(91)1	(302)1	7.00	0	
max retalho: 5

(0)(1000)	1.00	(325)1	(91)1	(291)1	(293)1	0.00	0	

(3)(400)	1.00	(103)1	(93)1	(200)1	4.00	200	
max retalho: 4

(0)(1000)	1.00	(314)1	(91)1	(93)2	0	409	
Sobra Total: 609.00
Perda Total: 8666.00

Total Barras Cortadas:
Barra (1000) : 89
Barra (1100) : 69
Barra (409) : 3
Barra (250) : 7
Barra (400) : 2

Retalhos Gerados:
Retalho (200) : 1
Retalho (409) : 1

7 Soluções

Saida Arquivo/Entrada/Class2/D2d8.txt

Minimizar a Perda Total
max retalho: 5

(0)(1000)	46.00	(325)2	(314)1	36.00	0	

(1)(1100)	31.00	(114)1	(302)1	(93)1	(291)2	9.00	0	

(2)(1000)	22.00	(91)1	(302)3	3.00	0	

(3)(1000)	20.00	(114)1	(293)3	7.00	0	

(4)(1100)	11.00	(325)1	(91)4	(82)5	1.00	0	

(5)(1100)	12.00	(314)3	158.00	0	

(6)(1000)	9.00	(314)2	(91)1	(93)3	2.00	0	

(7)(250)	7.00	(114)2	22.00	0	

(8)(409)	3.00	(314)1	(93)1	2.00	0	

(9)(1100)	1.00	(103)2	(314)2	(91)1	(93)1	(82)1	0.00	0	

(10)(1100)	1.00	(91)11	99.00	0	
max retalho: 5

(0)(400)	1.00	(302)1	(93)1	5.00	0	

(1)(1000)	1.00	(114)1	(103)1	(91)5	(82)4	0.00	0	
max retalho: 5

(0)(1100)	1.00	(103)1	(302)1	(93)1	(82)2	(200)2	38.00	400	
max retalho: 4

(0)(1000)	1.00	(93)1	0	907	
Sobra Total: 1307.00
Perda Total: 4368.00

Total Barras Cortadas:
Barra (1000) : 99
Barra (1100) : 57
Barra (409) : 3
Barra (250) : 7
Barra (400) : 1

Retalhos Gerados:
Retalho (200) : 2
Retalho (907) : 1

10 Soluções

Saida Arquivo/Entrada/Class2/D2d8.txt

Minimizar a Perda Total
max retalho: 5

(0)(1100)	51.00	(325)2	(302)1	148.00	0	

(1)(1100)	34.00	(314)3	158.00	0	

(2)(1000)	13.00	(91)1	(302)3	3.00	0	

(3)(1100)	11.00	(91)1	(293)3	130.00	0	

(4)(1000)	8.00	(91)2	(93)8	74.00	0	

(5)(1000)	7.00	(91)4	(82)7	62.00	0	

(6)(1000)	7.00	(114)8	(82)1	6.00	0	

(7)(1000)	4.00	(114)1	(293)3	7.00	0	

(8)(1100)	3.00	(302)2	(293)1	(200)1	3.00	200	

(9)(1000)	3.00	(293)2	(200)2	14.00	400	

(10)(409)	3.00	(293)1	116.00	0	

(11)(1000)	20.00	(91)1	(291)3	36.00	0	

(12)(400)	2.00	(103)1	(291)1	6.00	0	
max retalho: 3

(0)(1000)	1.00	(114)2	(302)2	(82)2	4.00	0	

(1)(1000)	1.00	(325)1	(314)1	(302)1	59.00	0	

(2)(250)	1.00	(82)3	4.00	0	

(3)(1000)	1.00	(114)1	(103)2	(314)2	52.00	0	

(8)(1000)	1.00	(293)3	121.00	0	
max retalho: 3

(0)(1100)	1.00	(114)3	(91)4	(93)1	(82)1	0	219	
Sobra Total: 2019.00
Perda Total: 16856.00

Total Barras Cortadas:
Barra (1000) : 66
Barra (1100) : 100
Barra (409) : 3
Barra (250) : 1
Barra (400) : 2

Retalhos Gerados:
Retalho (200) : 3
Retalho (200) : 6
Retalho (219) : 1
