
4 Soluções

Saida Arquivo/Entrada/Class4/D4d19.txt

Minimizar a Perda Total
max retalho: 5

(0)(1100)	10.00	(182)1	(171)3	(117)1	(96)3	0.00	0	

(1)(1100)	10.00	(328)3	(96)1	20.00	0	

(2)(1100)	9.00	(171)1	(305)3	14.00	0	

(3)(1100)	8.00	(194)5	(108)1	22.00	0	

(4)(1000)	8.00	(205)1	(171)1	(150)2	(108)3	0.00	0	

(5)(240)	7.00	(205)1	35.00	0	

(6)(1100)	5.00	(140)7	(108)1	12.00	0	

(7)(249)	5.00	(205)1	44.00	0	

(8)(1000)	5.00	(326)2	(305)1	43.00	0	

(9)(1100)	5.00	(205)4	(150)1	(96)1	34.00	0	

(10)(407)	4.00	(326)1	81.00	0	

(11)(1100)	3.00	(161)6	(117)1	17.00	0	

(12)(1100)	4.00	(150)7	50.00	0	

(13)(1100)	3.00	(173)5	(117)1	(108)1	10.00	0	

(14)(1000)	3.00	(194)1	(150)1	(317)2	22.00	0	

(15)(1000)	2.00	(150)1	(85)10	0.00	0	

(16)(1000)	2.00	(171)1	(117)7	10.00	0	

(17)(1100)	2.00	(138)1	(106)9	8.00	0	

(18)(1100)	2.00	(138)7	(108)1	26.00	0	

(19)(1100)	4.00	(194)1	(317)1	(294)2	1.00	0	

(20)(240)	2.00	(129)1	(106)1	5.00	0	
max retalho: 5

(0)(1100)	1.00	(171)5	245.00	0	

(1)(1100)	1.00	(140)2	(117)1	(317)1	(108)2	(85)2	0.00	0	

(2)(1100)	1.00	(328)1	772.00	0	

(3)(1100)	1.00	(305)2	490.00	0	

(4)(1100)	1.00	(161)5	295.00	0	

(5)(1100)	1.00	(194)3	518.00	0	

(6)(1000)	1.00	(182)1	(173)1	(117)3	(294)1	0.00	0	

(7)(1100)	1.00	(96)3	812.00	0	
max retalho: 5

(0)(1000)	1.00	(173)1	(85)2	0	657	
Sobra Total: 657.00
Perda Total: 5317.00

Total Barras Cortadas:
Barra (1000) : 22
Barra (1100) : 72
Barra (249) : 5
Barra (407) : 4
Barra (240) : 9

Retalhos Gerados:
Retalho (657) : 1

7 Soluções

Saida Arquivo/Entrada/Class4/D4d19.txt

Minimizar a Perda Total
max retalho: 5

(0)(1000)	12.00	(205)1	(171)1	(150)2	(108)3	0.00	0	

(1)(1000)	12.00	(194)2	(171)1	(161)1	(140)2	0.00	0	

(2)(1100)	11.00	(194)2	(171)1	(117)1	(328)1	(96)1	0.00	0	

(3)(1000)	10.00	(305)3	(85)1	0.00	0	

(4)(1000)	7.00	(173)2	(326)1	(328)1	0.00	0	

(5)(1100)	6.00	(205)3	(150)1	(328)1	7.00	0	

(6)(1100)	5.00	(140)1	(326)1	(317)2	0.00	0	

(7)(249)	4.00	(182)1	67.00	0	

(8)(1100)	4.00	(205)1	(171)1	(117)2	(106)1	(96)4	0.00	0	

(9)(407)	3.00	(182)1	(140)1	(85)1	0.00	0	

(10)(1100)	3.00	(138)2	(140)1	(305)1	(294)1	(85)1	0.00	0	

(11)(1000)	3.00	(171)1	(117)1	(106)4	(96)3	0.00	0	

(12)(1100)	2.00	(150)7	50.00	0	

(13)(1000)	2.00	(171)1	(173)1	(328)2	0.00	0	

(14)(1100)	2.00	(205)1	(171)1	(150)1	(117)4	(106)1	0.00	0	

(15)(1100)	1.00	(182)1	(161)5	(108)1	5.00	0	

(16)(1000)	1.00	(194)1	(108)2	(294)2	2.00	0	

(20)(240)	9.00	(138)1	(96)1	6.00	0	

(22)(1000)	1.00	(205)2	(182)1	(150)2	(108)1	0.00	0	
max retalho: 5

(0)(1000)	1.00	(194)1	(150)1	(328)2	0.00	0	

(1)(1000)	2.00	(171)3	(161)1	(326)1	0.00	0	

(2)(407)	1.00	(173)1	(117)1	(108)1	9.00	0	

(4)(1100)	1.00	(294)3	218.00	0	

(5)(1100)	1.00	(205)2	(161)1	(150)1	(294)1	(85)1	0.00	0	

(8)(1100)	1.00	(171)2	(161)2	(150)1	(140)2	6.00	0	

(10)(1100)	1.00	(138)1	(317)1	(305)1	(85)4	0.00	0	

(17)(249)	1.00	(108)2	33.00	0	
max retalho: 5

(0)(1100)	1.00	(194)1	(161)1	(150)1	(117)1	(106)2	(96)1	(85)2	0.00	0	

(2)(1100)	1.00	(182)2	(150)2	(328)1	(108)1	0.00	0	
max retalho: 5

(0)(1000)	1.00	(194)1	(129)2	(117)2	(96)2	(85)1	37.00	0	
Sobra Total: 0.00
Perda Total: 774.00

Total Barras Cortadas:
Barra (1000) : 52
Barra (1100) : 40
Barra (249) : 5
Barra (407) : 4
Barra (240) : 9

Retalhos Gerados:

10 Soluções

Saida Arquivo/Entrada/Class4/D4d19.txt

Minimizar a Perda Total
max retalho: 5

(0)(1000)	11.00	(305)3	(85)1	0.00	0	

(1)(1000)	9.00	(171)2	(117)2	(328)1	(96)1	0.00	0	

(2)(240)	8.00	(140)1	(96)1	4.00	0	

(3)(1100)	8.00	(194)4	(108)3	0.00	0	

(4)(1000)	7.00	(194)2	(140)3	(96)2	0.00	0	

(5)(1100)	6.00	(150)7	50.00	0	

(6)(1100)	5.00	(205)1	(171)1	(173)1	(117)1	(328)1	(106)1	0.00	0	

(7)(1100)	5.00	(140)1	(326)1	(317)2	0.00	0	

(8)(249)	4.00	(106)1	(108)1	35.00	0	

(9)(1100)	4.00	(205)1	(171)2	(117)1	(328)1	(108)1	0.00	0	

(10)(1100)	4.00	(205)5	75.00	0	

(11)(407)	4.00	(205)1	(106)1	(96)1	0.00	0	

(12)(1100)	3.00	(161)6	(117)1	17.00	0	

(13)(1000)	3.00	(138)5	(106)1	(108)1	(96)1	0.00	0	

(14)(1100)	3.00	(171)6	74.00	0	

(15)(1100)	3.00	(108)2	(294)3	2.00	0	

(16)(1000)	2.00	(171)1	(173)1	(328)2	0.00	0	

(17)(1100)	2.00	(150)1	(326)2	(106)1	(96)2	0.00	0	

(18)(1100)	2.00	(205)1	(171)1	(150)2	(328)1	(96)1	0.00	0	

(19)(1100)	1.00	(182)6	8.00	0	

(20)(1000)	5.00	(173)2	(326)1	(328)1	0.00	0	

(21)(1100)	1.00	(150)1	(96)1	(85)10	4.00	0	
max retalho: 5

(0)(1100)	1.00	(205)5	75.00	0	

(1)(1100)	1.00	(328)2	444.00	0	

(2)(1100)	1.00	(317)1	783.00	0	

(3)(1100)	1.00	(117)4	632.00	0	

(4)(1100)	1.00	(182)5	190.00	0	

(6)(1100)	1.00	(194)4	324.00	0	

(7)(1100)	1.00	(161)5	295.00	0	

(8)(1100)	1.00	(150)5	350.00	0	

(13)(1000)	1.00	(138)1	(129)2	(106)1	(108)1	(305)1	(85)1	0.00	0	
max retalho: 5

(0)(249)	1.00	(106)1	143.00	0	

(1)(240)	1.00	(108)2	24.00	0	

(2)(1000)	1.00	(171)1	(96)3	541.00	0	

(6)(1100)	1.00	(140)3	(85)2	0	510	
Sobra Total: 510.00
Perda Total: 4864.00

Total Barras Cortadas:
Barra (1000) : 39
Barra (1100) : 56
Barra (249) : 5
Barra (407) : 4
Barra (240) : 9

Retalhos Gerados:
Retalho (510) : 1
