
4 Soluções

Saida Arquivo/Entrada/Class4/D4d20.txt

Minimizar a Perda Total
max retalho: 5

(0)(1100)	17.00	(331)3	107.00	0	

(1)(1100)	8.00	(321)3	137.00	0	

(2)(1000)	7.00	(186)3	(121)1	(321)1	0.00	0	

(3)(1100)	6.00	(164)6	116.00	0	

(4)(1100)	6.00	(196)1	(186)1	(309)2	(100)1	0.00	0	

(5)(410)	6.00	(186)2	38.00	0	

(6)(1100)	6.00	(143)7	99.00	0	

(7)(1100)	5.00	(196)5	120.00	0	

(8)(258)	5.00	(143)1	(100)1	15.00	0	

(9)(1100)	4.00	(165)6	110.00	0	

(10)(1100)	4.00	(99)11	11.00	0	

(11)(1100)	3.00	(100)11	0.00	0	

(12)(1100)	3.00	(332)3	104.00	0	

(13)(412)	3.00	(143)1	(133)2	3.00	0	

(14)(1100)	2.00	(175)6	50.00	0	

(15)(1100)	2.00	(198)5	(110)1	0.00	0	

(16)(1100)	1.00	(121)1	(110)8	(99)1	0.00	0	

(17)(1100)	1.00	(208)5	60.00	0	

(18)(1100)	1.00	(131)8	52.00	0	

(19)(1000)	19.00	(208)1	(196)1	(298)2	0.00	0	

(20)(1000)	1.00	(186)1	(154)4	(99)2	0.00	0	

(21)(412)	1.00	(186)2	40.00	0	
max retalho: 5

(0)(1100)	1.00	(196)3	512.00	0	

(1)(1100)	1.00	(331)2	438.00	0	

(2)(1100)	1.00	(110)7	330.00	0	

(3)(1100)	1.00	(100)10	100.00	0	

(4)(1100)	1.00	(164)3	608.00	0	

(5)(1100)	1.00	(165)5	275.00	0	

(6)(1100)	1.00	(175)3	575.00	0	

(8)(1100)	1.00	(332)2	436.00	0	

(10)(1100)	1.00	(208)3	476.00	0	
max retalho: 5

(0)(1100)	1.00	(198)1	(131)1	(133)1	(309)1	(298)1	31.00	0	

(1)(1100)	1.00	(121)1	979.00	0	
max retalho: 5

(0)(1000)	1.00	(131)2	0	738	
Sobra Total: 738.00
Perda Total: 10925.00

Total Barras Cortadas:
Barra (1000) : 28
Barra (1100) : 80
Barra (410) : 6
Barra (258) : 5
Barra (412) : 4

Retalhos Gerados:
Retalho (738) : 1

7 Soluções

Saida Arquivo/Entrada/Class4/D4d20.txt

Minimizar a Perda Total
max retalho: 5

(0)(1100)	11.00	(331)2	(99)4	42.00	0	

(1)(1000)	12.00	(196)1	(165)2	(143)1	(331)1	0.00	0	

(2)(1100)	11.00	(198)1	(298)3	8.00	0	

(3)(1100)	7.00	(208)1	(196)1	(331)2	34.00	0	

(4)(1100)	6.00	(196)4	(186)1	(100)1	30.00	0	

(5)(1100)	6.00	(196)1	(186)1	(309)2	(100)1	0.00	0	

(6)(410)	6.00	(186)2	38.00	0	

(7)(1000)	5.00	(175)1	(164)2	(165)1	(332)1	0.00	0	

(8)(1100)	5.00	(143)6	(100)2	42.00	0	

(9)(1000)	6.00	(332)1	(321)2	26.00	0	

(10)(258)	5.00	(186)1	72.00	0	

(11)(1000)	4.00	(121)2	(321)2	(100)1	16.00	0	

(12)(1000)	5.00	(208)4	(143)1	25.00	0	

(13)(412)	4.00	(331)1	81.00	0	

(14)(1000)	3.00	(321)3	37.00	0	

(15)(1000)	3.00	(186)2	(298)2	32.00	0	

(16)(1100)	2.00	(100)11	0.00	0	

(17)(1100)	2.00	(186)1	(110)8	34.00	0	

(18)(1100)	2.00	(196)1	(175)5	29.00	0	

(19)(1000)	1.00	(133)6	(100)2	2.00	0	

(20)(1100)	5.00	(164)5	(131)2	18.00	0	

(21)(1100)	1.00	(186)2	(154)4	(110)1	2.00	0	
max retalho: 5

(0)(1100)	1.00	(196)1	(164)1	(143)2	(133)1	(121)1	(100)2	0.00	0	

(1)(1100)	1.00	(186)1	(143)1	(131)1	(331)1	(309)1	0.00	0	

(2)(1100)	1.00	(321)2	458.00	0	

(3)(1100)	1.00	(99)3	803.00	0	
max retalho: 5

(0)(1100)	1.00	(196)1	(186)2	(164)2	(100)2	4.00	0	
max retalho: 5

(0)(1000)	1.00	(164)1	0	836	
Sobra Total: 836.00
Perda Total: 4127.00

Total Barras Cortadas:
Barra (1000) : 40
Barra (1100) : 63
Barra (410) : 6
Barra (258) : 5
Barra (412) : 4

Retalhos Gerados:
Retalho (836) : 1

10 Soluções

Saida Arquivo/Entrada/Class4/D4d20.txt

Minimizar a Perda Total
max retalho: 5

(0)(1100)	26.00	(196)1	(143)1	(331)2	(99)1	0.00	0	

(1)(1000)	15.00	(208)1	(196)1	(298)2	0.00	0	

(2)(1000)	6.00	(196)1	(165)4	(143)1	1.00	0	

(3)(1100)	6.00	(186)4	(143)1	(110)1	(100)1	3.00	0	

(4)(1100)	5.00	(164)6	116.00	0	

(5)(1100)	6.00	(321)3	(99)1	38.00	0	

(6)(1100)	5.00	(332)1	(321)2	(100)1	26.00	0	

(7)(1000)	5.00	(208)1	(175)3	(131)2	5.00	0	

(8)(258)	4.00	(208)1	50.00	0	

(9)(412)	4.00	(332)1	80.00	0	

(10)(410)	4.00	(154)1	(143)1	(110)1	3.00	0	

(11)(1100)	3.00	(100)11	0.00	0	

(12)(1000)	3.00	(208)1	(164)2	(143)1	(321)1	0.00	0	

(13)(1100)	2.00	(198)4	(165)1	(143)1	0.00	0	

(14)(410)	2.00	(332)1	78.00	0	

(15)(1100)	1.00	(309)3	(100)1	73.00	0	

(16)(1000)	1.00	(133)6	(99)2	4.00	0	

(17)(1100)	1.00	(99)11	11.00	0	

(18)(258)	1.00	(143)1	(110)1	5.00	0	

(19)(1100)	9.00	(186)2	(121)1	(309)1	(298)1	0.00	0	

(21)(1100)	1.00	(196)5	120.00	0	
max retalho: 5

(0)(1100)	1.00	(165)1	(143)2	(331)1	(110)1	(99)2	10.00	0	

(1)(1100)	1.00	(198)3	506.00	0	

(2)(1100)	1.00	(196)1	(131)1	(133)1	(110)4	(100)2	0.00	0	

(3)(1100)	1.00	(309)1	791.00	0	

(4)(1100)	1.00	(164)3	608.00	0	
max retalho: 5

(0)(1100)	1.00	(165)1	(110)1	(100)7	125.00	0	
max retalho: 5

(0)(1000)	1.00	(165)1	0	835	
Sobra Total: 835.00
Perda Total: 3928.00

Total Barras Cortadas:
Barra (1000) : 31
Barra (1100) : 71
Barra (410) : 6
Barra (258) : 5
Barra (412) : 4

Retalhos Gerados:
Retalho (835) : 1
