
4 Soluções

Saida Arquivo/Entrada/Class4/D4d4.txt

Minimizar a Perda Total
max retalho: 5

(0)(1000)	15.00	(130)1	(328)1	(274)1	(263)1	5.00	0	

(1)(1100)	15.00	(316)3	(74)1	78.00	0	

(2)(1100)	12.00	(107)1	(295)3	(53)2	2.00	0	

(3)(1100)	10.00	(316)1	(107)1	(306)2	(65)1	0.00	0	

(4)(1100)	10.00	(128)5	(130)1	(328)1	2.00	0	

(5)(1100)	9.00	(274)4	4.00	0	

(6)(1100)	8.00	(284)2	(263)2	6.00	0	

(7)(1100)	7.00	(306)1	(263)3	5.00	0	

(8)(1100)	5.00	(118)7	(274)1	0.00	0	

(9)(224)	4.00	(74)1	(65)2	20.00	0	

(10)(224)	3.00	(53)4	12.00	0	

(11)(372)	3.00	(328)1	44.00	0	

(12)(1000)	2.00	(107)1	(285)3	38.00	0	

(13)(1000)	2.00	(130)7	(65)1	25.00	0	

(14)(1100)	2.00	(74)14	(53)1	11.00	0	

(15)(1100)	2.00	(128)1	(107)9	9.00	0	

(16)(1000)	1.00	(130)1	(86)10	10.00	0	

(17)(1000)	7.00	(318)2	(295)1	(53)1	16.00	0	

(18)(1000)	1.00	(118)1	(97)9	9.00	0	

(19)(1100)	1.00	(128)1	(306)2	(63)3	(65)1	(53)2	0.00	0	

(20)(1000)	1.00	(96)9	(65)2	6.00	0	
max retalho: 5

(0)(215)	2.00	(86)2	43.00	0	

(1)(215)	2.00	(118)1	(86)1	11.00	0	

(2)(1100)	1.00	(295)2	510.00	0	

(3)(1100)	1.00	(263)1	837.00	0	

(4)(1100)	1.00	(285)2	530.00	0	

(5)(1100)	1.00	(306)2	488.00	0	

(7)(1000)	1.00	(130)1	(318)1	(97)1	(284)1	(65)1	(53)2	0.00	0	
max retalho: 5

(0)(1100)	1.00	(130)2	(118)2	(107)1	(86)1	0	411	
Sobra Total: 411.00
Perda Total: 4432.00

Total Barras Cortadas:
Barra (1000) : 30
Barra (1100) : 86
Barra (224) : 7
Barra (372) : 3
Barra (215) : 4

Retalhos Gerados:
Retalho (411) : 1

7 Soluções

Saida Arquivo/Entrada/Class4/D4d4.txt

Minimizar a Perda Total
max retalho: 5

(0)(1100)	18.00	(316)3	(74)2	4.00	0	

(1)(1100)	15.00	(128)1	(295)3	(86)1	1.00	0	

(2)(1000)	14.00	(128)1	(328)2	(107)2	2.00	0	

(3)(1100)	13.00	(263)4	48.00	0	

(4)(1100)	13.00	(274)4	4.00	0	

(5)(1100)	10.00	(128)1	(306)3	(53)1	1.00	0	

(6)(1000)	7.00	(128)2	(130)3	(118)3	0.00	0	

(7)(1100)	5.00	(96)1	(97)1	(284)3	(53)1	2.00	0	

(8)(1000)	5.00	(318)3	46.00	0	

(9)(215)	4.00	(65)3	20.00	0	

(10)(215)	4.00	(107)2	1.00	0	

(11)(224)	3.00	(107)2	10.00	0	

(12)(372)	3.00	(96)1	(65)4	16.00	0	

(13)(1100)	2.00	(118)7	(274)1	0.00	0	

(14)(1100)	2.00	(130)8	60.00	0	

(15)(1000)	2.00	(86)1	(285)3	(53)1	6.00	0	

(16)(1100)	1.00	(53)19	93.00	0	

(19)(1000)	1.00	(130)1	(285)2	(274)1	26.00	0	
max retalho: 5

(0)(224)	4.00	(97)1	(74)1	(53)1	0.00	0	

(1)(1100)	1.00	(130)5	450.00	0	

(2)(1100)	1.00	(118)1	(96)1	(284)1	(74)1	(263)1	(53)5	0.00	0	

(5)(224)	1.00	(63)3	35.00	0	

(6)(1100)	1.00	(306)1	794.00	0	
max retalho: 5

(0)(1000)	1.00	(118)3	(97)1	(74)3	(274)1	(53)1	0.00	0	

(1)(1100)	1.00	(118)1	(316)1	(107)1	(284)1	(74)3	(53)1	0.00	0	
max retalho: 5

(0)(1100)	1.00	(53)2	0	994	
Sobra Total: 994.00
Perda Total: 2733.00

Total Barras Cortadas:
Barra (1000) : 30
Barra (1100) : 84
Barra (224) : 8
Barra (372) : 3
Barra (215) : 8

Retalhos Gerados:
Retalho (994) : 1

10 Soluções

Saida Arquivo/Entrada/Class4/D4d4.txt

Minimizar a Perda Total
max retalho: 5

(0)(1100)	15.00	(128)1	(295)3	(86)1	1.00	0	

(1)(1100)	14.00	(128)1	(328)2	(316)1	0.00	0	

(2)(1100)	14.00	(274)4	4.00	0	

(3)(1100)	13.00	(263)4	48.00	0	

(4)(1100)	11.00	(316)3	152.00	0	

(5)(1000)	9.00	(306)3	(53)1	29.00	0	

(6)(215)	8.00	(118)1	(97)1	0.00	0	

(7)(1000)	7.00	(118)4	(316)1	(53)4	0.00	0	

(8)(224)	6.00	(107)2	10.00	0	

(9)(1000)	6.00	(130)6	(107)2	6.00	0	

(10)(1000)	4.00	(284)3	(74)2	0.00	0	

(11)(1000)	4.00	(284)1	(74)1	(285)2	(65)1	7.00	0	

(12)(1100)	3.00	(128)6	(130)2	(65)1	7.00	0	

(13)(224)	1.00	(130)1	(86)1	8.00	0	

(14)(1100)	1.00	(107)10	30.00	0	

(15)(1100)	1.00	(128)2	(316)1	(263)1	(53)5	0.00	0	

(16)(1100)	1.00	(96)9	(65)2	(53)2	0.00	0	

(17)(1100)	1.00	(128)1	(118)1	(306)2	(63)3	(53)1	0.00	0	

(20)(1000)	7.00	(318)2	(74)4	(65)1	3.00	0	
max retalho: 5

(0)(1100)	1.00	(128)2	(118)3	(107)1	(318)1	(65)1	0.00	0	

(1)(1100)	1.00	(306)2	(97)1	(86)1	(74)4	9.00	0	

(2)(372)	1.00	(284)1	(74)1	14.00	0	
max retalho: 5

(0)(224)	1.00	(97)1	(65)1	(53)1	9.00	0	

(1)(1100)	1.00	(128)1	(107)5	(74)2	(65)2	(53)3	0.00	0	

(3)(372)	1.00	(107)1	(65)4	5.00	0	
max retalho: 5

(0)(1000)	1.00	(107)2	0	786	
Sobra Total: 786.00
Perda Total: 2869.00

Total Barras Cortadas:
Barra (1000) : 38
Barra (1100) : 77
Barra (224) : 8
Barra (372) : 2
Barra (215) : 8

Retalhos Gerados:
Retalho (786) : 1
