
4 Soluções

Saida Arquivo/Entrada/Class5/D5d10.txt

Minimizar a Perda Total
max retalho: 5

(0)(1000)	8.00	(76)11	(82)2	0.00	0	

(1)(1100)	8.00	(48)2	(62)13	(66)3	0.00	0	

(2)(1100)	6.00	(45)14	(47)10	0.00	0	

(3)(1100)	6.00	(69)13	(43)1	(80)2	0.00	0	

(4)(1100)	5.00	(79)13	(48)1	(25)1	0.00	0	

(5)(1000)	5.00	(76)2	(43)1	(59)13	(38)1	0.00	0	

(6)(493)	5.00	(43)10	(33)1	(15)2	0.00	0	

(7)(1100)	4.00	(18)1	(82)3	(38)22	0.00	0	

(8)(1000)	4.00	(52)4	(33)24	0.00	0	

(9)(1100)	4.00	(25)7	(50)2	(55)15	0.00	0	

(10)(1100)	4.00	(29)2	(43)1	(82)12	(15)1	0.00	0	

(11)(1000)	3.00	(83)1	(77)3	(49)14	0.00	0	

(12)(1100)	3.00	(58)18	(41)1	(15)1	0.00	0	

(13)(264)	3.00	(18)1	(47)3	(15)1	(45)2	0.00	90	

(14)(1100)	3.00	(73)14	(18)1	(20)3	0.00	0	

(15)(1000)	2.00	(81)4	(62)3	(70)7	0.00	0	

(16)(1000)	2.00	(52)16	(18)1	(15)10	0.00	0	

(17)(1000)	2.00	(50)19	(29)1	(15)1	6.00	0	

(18)(1100)	2.00	(83)9	(77)4	(45)1	0.00	45	

(19)(1100)	2.00	(41)25	(15)5	0.00	0	

(20)(1000)	2.00	(20)28	(55)8	0.00	0	

(21)(1000)	2.00	(20)17	(22)30	0.00	0	

(22)(1000)	2.00	(18)47	(22)7	0.00	0	

(23)(1000)	1.00	(66)14	(38)2	0.00	0	

(24)(1100)	1.00	(77)14	(22)1	0.00	0	

(25)(1100)	1.00	(81)7	(41)13	0.00	0	

(26)(1100)	1.00	(79)3	(48)1	(14)55	(45)1	0.00	45	

(27)(1000)	1.00	(16)1	(11)26	(12)24	(5)82	0.00	0	

(28)(1100)	1.00	(81)1	(29)35	4.00	0	

(29)(1100)	1.00	(58)1	(62)1	(20)1	(8)90	(80)3	0.00	0	

(30)(1100)	1.00	(45)1	(80)13	(15)1	0.00	0	

(32)(1000)	1.00	(16)30	(26)20	0.00	0	

(34)(264)	1.00	(81)3	(15)1	6.00	0	

(40)(1000)	1.00	(25)34	(50)3	0.00	0	
max retalho: 5

(13)(1100)	1.00	(70)6	680.00	0	

(14)(1100)	1.00	(38)15	530.00	0	

(15)(1100)	1.00	(49)7	757.00	0	

(16)(1100)	1.00	(47)7	771.00	0	

(17)(1100)	1.00	(25)13	775.00	0	

(18)(1100)	1.00	(15)21	785.00	0	

(19)(1100)	1.00	(50)6	800.00	0	

(20)(1100)	1.00	(82)3	854.00	0	

(22)(50)	1.00	(11)4	(5)1	1.00	0	

(23)(50)	1.00	(11)2	(26)1	2.00	0	

(26)(50)	1.00	(48)1	2.00	0	
max retalho: 5

(0)(50)	1.00	(16)1	(11)3	1.00	0	

(1)(1100)	1.00	(76)9	416.00	0	

(2)(1100)	1.00	(77)13	99.00	0	

(3)(1100)	1.00	(66)13	242.00	0	

(4)(1100)	1.00	(37)19	397.00	0	

(5)(1100)	1.00	(58)8	636.00	0	

(6)(1100)	1.00	(46)11	594.00	0	

(7)(1100)	1.00	(45)10	650.00	0	

(8)(1100)	1.00	(81)6	614.00	0	

(9)(1100)	1.00	(79)6	626.00	0	

(10)(1100)	1.00	(41)10	690.00	0	

(11)(1100)	1.00	(52)8	684.00	0	

(13)(1100)	1.00	(73)5	735.00	0	

(16)(50)	1.00	(22)1	(11)2	6.00	0	
max retalho: 5

(0)(1100)	1.00	(69)3	(48)1	(16)7	(83)2	(18)3	(20)3	(43)1	(45)6	(22)1	(11)6	(26)2	0.00	0	
max retalho: 5

(0)(1000)	1.00	(48)3	(16)1	(45)1	(45)10	(255)1	90.00	705	
max retalho: 4

(0)(1000)	1.00	(45)9	0	595	
Sobra Total: 1705.00
Perda Total: 12459.00

Total Barras Cortadas:
Barra (1000) : 38
Barra (1100) : 74
Barra (50) : 5
Barra (264) : 4
Barra (493) : 5

Retalhos Gerados:
Retalho (45) : 6
Retalho (45) : 2
Retalho (45) : 1
Retalho (45) : 10
Retalho (255) : 1
Retalho (595) : 1

7 Soluções

Saida Arquivo/Entrada/Class5/D5d10.txt

Minimizar a Perda Total
max retalho: 5

(0)(1100)	9.00	(41)1	(76)8	(33)1	(38)11	0.00	0	

(1)(1100)	8.00	(81)2	(62)13	(66)2	0.00	0	

(2)(1100)	6.00	(69)13	(58)3	(29)1	0.00	0	

(3)(1000)	5.00	(41)3	(76)3	(59)11	0.00	0	

(4)(1100)	5.00	(79)13	(48)1	(25)1	0.00	0	

(5)(1000)	5.00	(83)1	(45)19	(47)1	(15)1	0.00	0	

(6)(1000)	5.00	(41)10	(82)6	(49)2	0.00	0	

(7)(1100)	4.00	(29)2	(43)1	(82)12	(15)1	0.00	0	

(8)(1100)	3.00	(25)1	(73)13	(18)7	0.00	0	

(9)(1100)	3.00	(50)11	(55)10	0.00	0	

(10)(493)	3.00	(25)3	(22)19	0.00	0	

(11)(1000)	3.00	(25)1	(18)1	(77)12	(33)1	0.00	0	

(12)(1100)	3.00	(18)1	(33)1	(47)22	(15)1	0.00	0	

(13)(1100)	2.00	(52)20	(20)3	0.00	0	

(14)(1000)	2.00	(50)2	(18)1	(55)16	2.00	0	

(15)(1100)	2.00	(33)32	(22)2	0.00	0	

(16)(1100)	2.00	(83)2	(77)2	(45)1	(49)15	0.00	0	

(17)(1100)	2.00	(25)1	(43)25	0.00	0	

(18)(1000)	2.00	(76)1	(66)14	0.00	0	

(19)(1100)	2.00	(58)1	(62)1	(20)1	(80)12	0.00	0	

(20)(1100)	2.00	(58)18	(18)1	(38)1	0.00	0	

(21)(1100)	2.00	(50)1	(20)47	(22)5	0.00	0	

(22)(1100)	1.00	(25)32	(50)6	0.00	0	

(23)(50)	2.00	(46)1	4.00	0	

(24)(1100)	1.00	(50)1	(70)15	0.00	0	

(25)(1000)	1.00	(83)11	(18)4	15.00	0	

(26)(1100)	1.00	(18)60	20.00	0	

(27)(1100)	1.00	(48)20	(66)1	(59)1	(15)1	0.00	0	

(28)(1000)	1.00	(16)1	(11)26	(12)24	(5)82	0.00	0	

(33)(1100)	1.00	(37)16	(14)2	(8)60	0.00	0	

(37)(493)	1.00	(14)2	(16)29	1.00	0	
max retalho: 5

(0)(50)	2.00	(11)3	(15)1	2.00	0	

(1)(1100)	1.00	(76)14	36.00	0	

(2)(1100)	1.00	(79)9	389.00	0	

(3)(1100)	1.00	(58)7	694.00	0	

(4)(1100)	1.00	(46)9	686.00	0	

(5)(1100)	1.00	(25)26	450.00	0	

(6)(1100)	1.00	(14)51	386.00	0	

(7)(1100)	1.00	(73)8	516.00	0	

(8)(1100)	1.00	(62)5	790.00	0	

(9)(1100)	1.00	(50)9	650.00	0	

(10)(1100)	1.00	(52)16	268.00	0	

(11)(1100)	1.00	(29)31	201.00	0	

(12)(1100)	1.00	(81)9	371.00	0	

(13)(1100)	1.00	(77)4	792.00	0	

(14)(1100)	1.00	(66)6	704.00	0	

(15)(1100)	1.00	(55)14	330.00	0	

(16)(1100)	1.00	(43)12	584.00	0	

(17)(1100)	1.00	(33)22	374.00	0	

(18)(1100)	1.00	(80)4	780.00	0	

(19)(1100)	1.00	(70)5	750.00	0	

(20)(1100)	1.00	(59)9	569.00	0	

(21)(1100)	1.00	(49)9	659.00	0	

(22)(1100)	1.00	(38)9	758.00	0	

(23)(1100)	1.00	(26)23	502.00	0	

(25)(1100)	1.00	(83)3	851.00	0	

(26)(1100)	1.00	(18)14	848.00	0	

(30)(1100)	1.00	(8)30	860.00	0	

(36)(264)	1.00	(16)3	(22)6	(82)1	2.00	0	
max retalho: 5

(0)(1100)	1.00	(15)60	200.00	0	

(1)(1100)	1.00	(45)5	875.00	0	

(3)(493)	1.00	(48)2	(37)2	(16)3	(41)2	(20)1	(11)11	(47)1	(5)1	0.00	0	
max retalho: 5

(0)(264)	1.00	(16)4	(76)2	(47)1	1.00	0	

(3)(264)	1.00	(69)3	57.00	0	
max retalho: 5

(0)(1000)	1.00	(37)1	(76)2	(45)10	(47)3	0	220	
Sobra Total: 220.00
Perda Total: 15985.00

Total Barras Cortadas:
Barra (1000) : 25
Barra (1100) : 88
Barra (50) : 4
Barra (264) : 3
Barra (493) : 5

Retalhos Gerados:
Retalho (220) : 1

10 Soluções

Saida Arquivo/Entrada/Class5/D5d10.txt

Minimizar a Perda Total
max retalho: 5

(0)(1100)	8.00	(81)2	(62)13	(66)2	0.00	0	

(1)(1000)	7.00	(29)1	(76)12	(59)1	0.00	0	

(2)(1000)	6.00	(29)1	(76)3	(59)1	(38)18	0.00	0	

(3)(1100)	5.00	(69)14	(58)2	(18)1	0.00	0	

(4)(1100)	5.00	(79)13	(48)1	(25)1	0.00	0	

(5)(1100)	5.00	(20)1	(45)9	(33)20	(15)1	0.00	0	

(6)(1100)	5.00	(77)7	(43)12	(45)1	0.00	0	

(7)(1100)	4.00	(41)1	(82)5	(59)11	0.00	0	

(8)(50)	4.00	(11)4	(5)1	1.00	0	

(9)(264)	4.00	(18)3	(45)4	(15)2	0.00	0	

(10)(1100)	3.00	(41)18	(29)4	(82)3	0.00	0	

(11)(1100)	3.00	(55)20	0.00	0	

(12)(1100)	4.00	(29)2	(43)1	(82)12	(15)1	0.00	0	

(13)(1000)	3.00	(45)1	(47)20	(15)1	0.00	0	

(14)(1000)	3.00	(81)1	(58)14	(41)1	(66)1	0.00	0	

(15)(1100)	3.00	(73)15	5.00	0	

(16)(1100)	2.00	(52)21	8.00	0	

(17)(1100)	2.00	(48)6	(20)1	(66)12	0.00	0	

(18)(1100)	2.00	(50)22	0.00	0	

(19)(493)	2.00	(25)1	(18)1	(45)10	0.00	0	

(20)(1100)	2.00	(25)1	(83)10	(49)5	0.00	0	

(21)(1100)	2.00	(22)1	(80)13	(38)1	0.00	0	

(22)(493)	1.00	(18)1	(77)5	(43)1	(47)1	0.00	0	

(23)(1100)	1.00	(20)55	0.00	0	

(24)(1100)	1.00	(22)1	(49)22	0.00	0	

(25)(1100)	1.00	(25)44	0.00	0	

(26)(1100)	1.00	(22)50	0.00	0	

(27)(1100)	1.00	(18)61	2.00	0	

(28)(1100)	1.00	(50)1	(70)15	0.00	0	

(29)(1100)	1.00	(14)38	(8)71	0.00	0	

(30)(1000)	1.00	(55)1	(15)33	(45)10	0.00	450	

(31)(1000)	1.00	(46)11	(16)1	(8)1	(26)18	2.00	0	

(33)(50)	1.00	(20)1	(15)2	0.00	0	

(34)(493)	1.00	(81)5	(29)1	(59)1	0.00	0	
max retalho: 4

(0)(1100)	1.00	(81)1	(14)12	(73)2	(8)18	(43)1	(33)1	(11)1	(80)2	(82)2	(26)5	(15)1	(5)1	0.00	0	

(1)(1100)	1.00	(83)3	851.00	0	

(2)(1100)	1.00	(69)11	341.00	0	

(3)(1100)	1.00	(58)11	462.00	0	

(4)(1100)	1.00	(48)10	620.00	0	

(5)(1100)	1.00	(37)19	397.00	0	

(6)(1100)	1.00	(25)27	425.00	0	

(7)(1100)	1.00	(16)39	476.00	0	

(8)(1100)	1.00	(79)9	389.00	0	

(9)(1100)	1.00	(62)7	666.00	0	

(10)(1100)	1.00	(50)10	600.00	0	

(11)(1100)	1.00	(52)14	372.00	0	

(12)(1100)	1.00	(41)15	485.00	0	

(13)(1100)	1.00	(29)11	781.00	0	

(14)(1100)	1.00	(18)28	596.00	0	

(15)(1100)	1.00	(20)40	300.00	0	

(16)(1100)	1.00	(76)5	720.00	0	

(17)(1100)	1.00	(77)4	792.00	0	

(18)(1100)	1.00	(66)8	572.00	0	

(19)(1100)	1.00	(55)15	275.00	0	

(20)(1100)	1.00	(45)13	515.00	0	

(21)(1100)	1.00	(22)24	572.00	0	

(22)(1100)	1.00	(12)24	812.00	0	

(23)(1100)	1.00	(70)5	750.00	0	

(24)(1100)	1.00	(59)7	687.00	0	

(25)(1100)	1.00	(47)15	395.00	0	

(26)(1100)	1.00	(49)17	267.00	0	
max retalho: 4

(0)(1100)	1.00	(14)5	1030.00	0	

(1)(1100)	1.00	(11)26	(15)19	(5)78	0	139	
Sobra Total: 589.00
Perda Total: 15187.00

Total Barras Cortadas:
Barra (1000) : 21
Barra (1100) : 91
Barra (50) : 5
Barra (264) : 4
Barra (493) : 4

Retalhos Gerados:
Retalho (45) : 10
Retalho (139) : 1
