
4 Soluções

Saida Arquivo/Entrada/Class5/D5d18.txt

Minimizar a Perda Total
max retalho: 5

(0)(1000)	9.00	(51)2	(82)10	(15)1	(63)1	0.00	0	

(1)(1100)	7.00	(83)11	(24)3	(19)2	(77)1	0.00	0	

(2)(1000)	7.00	(75)13	25.00	0	

(3)(1100)	5.00	(62)2	(66)1	(70)13	0.00	0	

(4)(119)	5.00	(9)1	(22)5	0.00	0	

(5)(347)	4.00	(26)2	(15)1	(17)14	(42)1	0.00	0	

(6)(1100)	4.00	(49)1	(15)1	(31)1	(67)15	0.00	0	

(7)(1000)	4.00	(53)15	(41)5	0.00	0	

(8)(1100)	4.00	(55)20	0.00	0	

(9)(347)	4.00	(26)3	(15)11	(52)2	0.00	0	

(10)(1100)	3.00	(53)1	(66)4	(48)16	(15)1	0.00	0	

(11)(1100)	3.00	(30)1	(24)1	(49)21	(17)1	0.00	0	

(12)(1000)	3.00	(51)1	(63)14	(67)1	0.00	0	

(13)(1100)	3.00	(62)16	(41)1	(48)1	(19)1	0.00	0	

(14)(1100)	3.00	(45)23	(15)1	(31)1	(19)1	0.00	0	

(15)(1100)	2.00	(41)1	(80)13	(19)1	0.00	0	

(16)(1100)	2.00	(78)11	(55)4	(22)1	0.00	0	

(17)(1000)	2.00	(30)21	(45)7	(17)1	(19)2	0.00	0	

(18)(1100)	2.00	(26)4	(52)3	(42)20	0.00	0	

(19)(1100)	2.00	(26)4	(52)3	(21)40	0.00	0	

(20)(1100)	2.00	(53)1	(66)12	(48)5	(15)1	0.00	0	

(21)(1000)	2.00	(30)8	(45)1	(24)29	(19)1	0.00	0	

(22)(1100)	2.00	(78)3	(22)11	(52)12	0.00	0	

(23)(1000)	2.00	(19)12	(77)10	2.00	0	

(24)(1100)	1.00	(17)10	(31)30	0.00	0	

(25)(1100)	1.00	(59)18	(19)2	0.00	0	

(26)(1000)	1.00	(41)23	(19)3	0.00	0	

(27)(1100)	1.00	(26)34	(15)4	(52)3	0.00	0	

(28)(1100)	1.00	(83)4	(30)3	(45)1	(24)1	(38)14	(77)1	0.00	0	

(29)(1100)	1.00	(9)4	(57)13	(34)9	(17)1	0.00	0	

(33)(1100)	1.00	(83)1	(74)6	(20)22	(45)2	(24)1	(19)1	0.00	0	

(37)(1100)	1.00	(83)8	(24)2	(13)26	(31)1	(19)1	0.00	0	
max retalho: 5

(0)(1100)	1.00	(62)2	(51)3	(53)2	(18)3	(45)1	(24)3	(15)2	(17)1	(5)7	(75)2	(63)1	(52)2	(21)7	0.00	0	

(1)(1100)	1.00	(41)22	198.00	0	

(2)(1100)	1.00	(30)6	920.00	0	

(3)(1100)	1.00	(9)104	164.00	0	

(4)(1100)	1.00	(78)8	476.00	0	

(5)(1100)	1.00	(66)5	770.00	0	

(6)(1100)	1.00	(34)17	522.00	0	

(7)(1100)	1.00	(22)35	330.00	0	

(8)(1100)	1.00	(80)11	220.00	0	

(9)(1100)	1.00	(82)4	772.00	0	

(10)(1100)	1.00	(70)11	330.00	0	

(11)(1100)	1.00	(59)16	156.00	0	

(12)(1100)	1.00	(48)9	668.00	0	

(13)(1100)	1.00	(49)9	659.00	0	

(14)(1100)	1.00	(26)26	424.00	0	

(15)(1100)	1.00	(31)27	263.00	0	

(16)(1100)	1.00	(19)17	777.00	0	

(17)(1100)	1.00	(79)3	863.00	0	

(18)(1100)	1.00	(67)12	296.00	0	

(19)(1100)	1.00	(55)4	880.00	0	

(20)(1100)	1.00	(42)5	890.00	0	
max retalho: 5

(0)(106)	1.00	(17)3	(52)1	3.00	0	

(1)(1000)	1.00	(53)1	(46)10	(464)1	23.00	924	
max retalho: 4

(0)(347)	1.00	(17)19	24.00	0	
Sobra Total: 924.00
Perda Total: 10807.00

Total Barras Cortadas:
Barra (1000) : 31
Barra (1100) : 72
Barra (119) : 5
Barra (347) : 9
Barra (106) : 1

Retalhos Gerados:
Retalho (46) : 10
Retalho (464) : 1

7 Soluções

Saida Arquivo/Entrada/Class5/D5d18.txt

Minimizar a Perda Total
max retalho: 5

(0)(1100)	7.00	(83)9	(45)1	(77)4	0.00	0	

(1)(1100)	5.00	(62)2	(66)1	(70)13	0.00	0	

(2)(1000)	6.00	(41)11	(82)6	(19)3	0.00	0	

(3)(1000)	5.00	(51)1	(78)1	(67)13	0.00	0	

(4)(1000)	5.00	(83)2	(30)1	(45)1	(24)1	(49)15	0.00	0	

(5)(1100)	4.00	(78)6	(15)4	(52)11	0.00	0	

(6)(1100)	4.00	(82)13	(15)1	(19)1	0.00	0	

(7)(1100)	4.00	(55)12	(22)20	0.00	0	

(8)(347)	3.00	(30)11	(17)1	0.00	0	

(9)(1100)	4.00	(51)1	(75)13	74.00	0	

(10)(1100)	3.00	(53)1	(66)4	(48)16	(15)1	0.00	0	

(11)(1000)	3.00	(78)1	(75)12	(19)1	3.00	0	

(12)(1100)	3.00	(63)15	(21)1	(67)2	0.00	0	

(13)(1100)	3.00	(53)19	(59)1	(15)1	(19)1	0.00	0	

(14)(1100)	3.00	(45)22	(17)1	(31)3	0.00	0	

(15)(1100)	2.00	(62)16	(41)1	(48)1	(19)1	0.00	0	

(16)(1100)	2.00	(41)1	(80)13	(19)1	0.00	0	

(17)(1000)	2.00	(30)5	(45)3	(24)29	(19)1	0.00	0	

(18)(1100)	2.00	(26)10	(42)19	(21)2	0.00	0	

(19)(347)	2.00	(55)1	(22)1	(15)18	0.00	0	

(20)(1100)	2.00	(53)1	(66)12	(48)5	(15)1	0.00	0	

(21)(1100)	2.00	(51)1	(55)19	4.00	0	

(22)(347)	2.00	(51)6	(19)1	22.00	0	

(23)(1000)	1.00	(30)1	(59)16	(26)1	0.00	0	

(24)(1100)	1.00	(26)7	(15)1	(21)43	0.00	0	

(25)(1100)	1.00	(26)1	(17)3	(31)33	0.00	0	

(26)(1100)	1.00	(83)11	(30)4	(24)2	(19)1	0.00	0	

(27)(1100)	1.00	(17)61	(21)3	0.00	0	

(28)(1100)	1.00	(26)41	(15)1	19.00	0	

(29)(1100)	1.00	(9)4	(57)9	(38)14	(19)1	0.00	0	

(30)(1100)	1.00	(18)3	(20)22	(9)1	(13)25	(5)7	(79)3	0.00	0	

(31)(1100)	1.00	(9)20	(34)26	(17)1	(19)1	0.00	0	

(32)(347)	1.00	(74)4	(51)1	0.00	0	

(38)(347)	1.00	(19)18	5.00	0	
max retalho: 5

(0)(106)	3.00	(83)1	(21)1	2.00	0	

(1)(119)	3.00	(19)6	5.00	0	

(2)(119)	1.00	(74)1	(45)1	0.00	0	

(3)(1100)	1.00	(9)69	(70)6	(59)1	0.00	0	

(4)(1100)	1.00	(62)1	(80)10	(59)4	2.00	0	

(5)(1100)	1.00	(62)17	46.00	0	

(6)(1100)	1.00	(9)1	(82)5	(48)5	(63)7	0.00	0	

(7)(1000)	1.00	(9)1	(66)3	(17)24	(42)9	7.00	0	

(8)(1100)	1.00	(9)1	(26)26	(31)10	(21)5	0.00	0	

(11)(106)	1.00	(9)3	(57)1	(22)1	0.00	0	

(12)(1000)	1.00	(53)5	(55)4	(49)1	(15)9	(52)6	(19)1	0.00	0	
max retalho: 5

(0)(1100)	1.00	(59)10	510.00	0	

(1)(1100)	1.00	(75)5	725.00	0	

(2)(1100)	1.00	(24)24	524.00	0	

(3)(1100)	1.00	(21)26	554.00	0	

(4)(1100)	1.00	(30)17	590.00	0	

(5)(1100)	1.00	(70)5	750.00	0	

(6)(1100)	1.00	(31)13	697.00	0	

(7)(1100)	1.00	(78)4	788.00	0	

(11)(1100)	1.00	(67)4	832.00	0	

(12)(1100)	1.00	(48)5	860.00	0	
max retalho: 5

(0)(1100)	1.00	(83)3	(74)1	(53)1	(9)11	(66)2	(57)2	(45)4	(22)1	(13)1	(80)1	(42)2	0.00	0	

(1)(1100)	1.00	(82)1	1018.00	0	
max retalho: 5

(0)(119)	1.00	(9)2	(57)1	44.00	0	
Sobra Total: 0.00
Perda Total: 8349.00

Total Barras Cortadas:
Barra (1000) : 24
Barra (1100) : 75
Barra (119) : 5
Barra (347) : 9
Barra (106) : 4

Retalhos Gerados:

10 Soluções

Saida Arquivo/Entrada/Class5/D5d18.txt

Minimizar a Perda Total
max retalho: 5

(0)(1000)	7.00	(22)1	(26)3	(75)12	0.00	0	

(1)(1100)	7.00	(82)13	(15)1	(19)1	0.00	0	

(2)(1000)	5.00	(62)8	(66)4	(48)5	0.00	0	

(3)(1100)	5.00	(62)2	(66)1	(70)13	0.00	0	

(4)(1100)	5.00	(83)13	(21)1	0.00	0	

(5)(1100)	5.00	(55)16	(22)10	0.00	0	

(6)(1100)	4.00	(19)5	(67)15	0.00	0	

(7)(1100)	4.00	(30)14	(45)13	(19)5	0.00	0	

(8)(347)	4.00	(41)2	(52)5	5.00	0	

(9)(106)	4.00	(15)1	(17)2	(19)3	0.00	0	

(10)(1100)	3.00	(24)5	(49)20	0.00	0	

(11)(1100)	3.00	(83)5	(45)1	(24)1	(77)8	0.00	0	

(12)(347)	3.00	(51)6	(26)1	15.00	0	

(13)(1000)	3.00	(53)8	(48)12	0.00	0	

(14)(1100)	3.00	(78)11	(55)1	(22)1	(15)11	0.00	0	

(15)(1100)	3.00	(51)1	(24)1	(17)1	(63)16	0.00	0	

(16)(1100)	3.00	(53)14	(59)5	(63)1	0.00	0	

(17)(1100)	2.00	(41)1	(80)13	(19)1	0.00	0	

(18)(1000)	2.00	(45)9	(24)24	(19)1	0.00	0	

(19)(1000)	2.00	(17)12	(31)25	(21)1	0.00	0	

(20)(1000)	1.00	(41)10	(59)10	0.00	0	

(21)(1100)	1.00	(41)25	(75)1	0.00	0	

(22)(1100)	1.00	(41)1	(52)20	19.00	0	

(23)(1100)	1.00	(18)2	(42)25	14.00	0	

(24)(1100)	1.00	(38)14	(26)13	(52)2	(42)2	(21)2	0.00	0	

(25)(1100)	1.00	(74)6	(26)16	(52)3	(42)2	0.00	0	

(26)(1100)	1.00	(26)42	8.00	0	

(27)(347)	1.00	(26)1	(15)21	6.00	0	

(28)(1100)	1.00	(9)20	(34)26	(17)1	(19)1	0.00	0	

(31)(1100)	1.00	(20)1	(66)16	(5)1	(19)1	0.00	0	

(33)(1100)	1.00	(15)1	(42)20	(79)3	8.00	0	

(38)(1100)	1.00	(5)1	(21)52	3.00	0	
max retalho: 5

(0)(119)	1.00	(51)2	(17)1	0.00	0	

(1)(1100)	1.00	(62)10	480.00	0	

(2)(1100)	1.00	(41)24	116.00	0	

(3)(1100)	1.00	(55)9	605.00	0	

(4)(1100)	1.00	(57)13	359.00	0	

(5)(1100)	1.00	(45)16	380.00	0	

(6)(1100)	1.00	(80)11	220.00	0	

(7)(1100)	1.00	(70)11	330.00	0	

(8)(1100)	1.00	(59)9	569.00	0	

(9)(1100)	1.00	(48)9	668.00	0	

(10)(1100)	1.00	(49)16	316.00	0	

(11)(1100)	1.00	(83)10	270.00	0	

(12)(1100)	1.00	(75)8	500.00	0	

(13)(1100)	1.00	(21)26	554.00	0	

(14)(1100)	1.00	(67)15	95.00	0	

(15)(1100)	1.00	(9)93	263.00	0	

(16)(1100)	1.00	(24)20	620.00	0	

(17)(1100)	1.00	(22)24	572.00	0	

(18)(1100)	1.00	(31)15	635.00	0	

(19)(1100)	1.00	(20)21	680.00	0	

(21)(1100)	1.00	(30)14	680.00	0	

(22)(1100)	1.00	(66)5	770.00	0	

(23)(347)	1.00	(13)1	(15)9	(5)1	(19)10	4.00	0	
max retalho: 5

(0)(119)	1.00	(82)1	(17)1	20.00	0	

(1)(119)	1.00	(13)3	(17)1	(63)1	0.00	0	

(2)(1100)	1.00	(51)1	(13)15	(17)40	(5)4	(77)2	0.00	0	

(6)(119)	1.00	(18)1	(13)5	(17)1	(19)1	0.00	0	
max retalho: 5

(0)(1100)	1.00	(53)2	(78)3	(13)1	(82)2	(17)13	(52)4	(77)2	0.00	0	
max retalho: 5

(0)(119)	1.00	(13)1	(17)2	(52)1	20.00	0	
Sobra Total: 0.00
Perda Total: 9849.00

Total Barras Cortadas:
Barra (1000) : 20
Barra (1100) : 80
Barra (119) : 5
Barra (347) : 9
Barra (106) : 4

Retalhos Gerados:
