
4 Soluções

Saida Arquivo/Entrada/Class5/D5d11.txt

Minimizar a Perda Total
max retalho: 5

(13)(344)	1.00	(43)8	0.00	0	

(14)(1000)	3.00	(64)15	(10)4	0.00	0	

(15)(1100)	2.00	(46)22	(48)1	(10)4	0.00	0	

(16)(1000)	2.00	(73)2	(42)3	(52)14	0.00	0	

(17)(117)	2.00	(48)1	(64)1	5.00	0	

(18)(115)	2.00	(48)1	(64)1	3.00	0	

(19)(1100)	2.00	(34)1	(23)45	(31)1	0.00	0	

(20)(1000)	2.00	(37)27	1.00	0	

(21)(1100)	3.00	(34)2	(60)16	(52)1	(20)1	0.00	0	

(22)(1100)	2.00	(30)30	(60)3	(20)1	0.00	0	

(23)(1000)	2.00	(44)15	(20)17	0.00	0	

(24)(115)	2.00	(74)1	(31)1	(10)1	0.00	0	

(25)(1100)	1.00	(44)5	(20)44	0.00	0	

(26)(117)	2.00	(9)13	0.00	0	

(27)(1100)	2.00	(19)1	(67)11	(43)8	0.00	344	

(28)(1000)	2.00	(48)20	(10)4	0.00	0	

(29)(1000)	1.00	(73)12	(42)2	(20)2	0.00	0	

(30)(1100)	1.00	(13)21	(39)21	(8)1	0.00	0	

(31)(1000)	2.00	(42)18	(48)1	(64)3	4.00	0	

(32)(1100)	1.00	(19)1	(77)4	(78)9	(39)1	(8)4	0.00	0	

(33)(344)	1.00	(41)8	(8)2	0.00	0	

(36)(1100)	1.00	(19)4	(16)52	(64)3	0.00	0	

(39)(1000)	1.00	(51)19	(30)1	1.00	0	

(40)(1100)	1.00	(12)46	(27)20	8.00	0	
max retalho: 4

(0)(1100)	7.00	(71)15	35.00	0	

(1)(1100)	6.00	(69)15	65.00	0	

(2)(1100)	5.00	(81)13	47.00	0	

(3)(1100)	4.00	(63)17	29.00	0	

(4)(1100)	3.00	(75)14	50.00	0	

(5)(1100)	3.00	(40)27	20.00	0	

(6)(1100)	3.00	(56)19	36.00	0	

(7)(1100)	3.00	(67)16	28.00	0	

(8)(1100)	3.00	(74)14	64.00	0	

(9)(1100)	3.00	(31)35	15.00	0	

(10)(1100)	3.00	(64)17	12.00	0	

(11)(1100)	2.00	(60)18	20.00	0	

(12)(1100)	2.00	(66)16	44.00	0	

(13)(1100)	1.00	(19)57	17.00	0	

(14)(1100)	1.00	(34)32	12.00	0	

(15)(1100)	1.00	(44)16	396.00	0	

(16)(1100)	1.00	(46)20	180.00	0	

(17)(1100)	1.00	(52)10	580.00	0	

(18)(1100)	1.00	(30)24	380.00	0	

(19)(1100)	1.00	(23)29	433.00	0	

(20)(1100)	1.00	(16)55	220.00	0	

(21)(1100)	1.00	(8)114	188.00	0	

(22)(1100)	1.00	(13)52	424.00	0	

(23)(1100)	1.00	(10)77	330.00	0	

(24)(1100)	1.00	(20)21	680.00	0	

(25)(1100)	1.00	(73)4	808.00	0	

(26)(1100)	1.00	(51)2	(42)1	(7)1	(39)2	(6)9	(43)19	0.00	817	

(30)(1100)	1.00	(43)2	1014.00	0	
max retalho: 3

(1)(344)	2.00	(19)2	(34)9	0.00	0	

(2)(344)	2.00	(40)7	(43)1	21.00	0	

(3)(1100)	1.00	(40)3	(19)1	(67)11	(56)4	0.00	0	

(4)(1100)	1.00	(19)28	(75)7	(43)1	0.00	43	

(5)(1000)	1.00	(19)4	(56)1	(34)1	(31)12	(66)7	0.00	0	

(6)(1100)	1.00	(74)9	(69)6	20.00	0	

(7)(344)	1.00	(19)4	(75)3	(43)1	0.00	43	

(23)(1100)	1.00	(7)29	(9)2	(78)2	(12)5	(81)1	(71)3	(48)3	(37)5	(6)6	4.00	0	
max retalho: 3

(0)(1100)	1.00	(60)10	500.00	0	

(1)(1100)	1.00	(56)11	484.00	0	

(2)(1100)	1.00	(63)6	722.00	0	

(5)(1100)	1.00	(64)4	844.00	0	

(7)(344)	1.00	(40)6	(34)1	(69)1	1.00	0	
max retalho: 3

(0)(1000)	1.00	(19)9	(67)2	(34)2	(81)2	(69)2	(48)2	(75)3	6.00	0	
Sobra Total: 1591.00
Perda Total: 10109.00

Total Barras Cortadas:
Barra (1000) : 17
Barra (1100) : 86
Barra (115) : 4
Barra (344) : 8
Barra (117) : 4

Retalhos Gerados:
Retalho (43) : 16
Retalho (43) : 19
Retalho (43) : 1
Retalho (43) : 1

7 Soluções

Saida Arquivo/Entrada/Class5/D5d11.txt

Minimizar a Perda Total
max retalho: 5

(0)(1000)	10.00	(56)5	(71)10	(10)1	0.00	0	

(1)(344)	7.00	(46)1	(48)6	(10)1	0.00	0	

(2)(1000)	7.00	(40)6	(30)11	(43)10	0.00	0	

(3)(1000)	7.00	(63)3	(67)11	(37)2	0.00	0	

(4)(1100)	6.00	(42)2	(64)11	(52)6	0.00	0	

(5)(1100)	6.00	(81)5	(75)9	(10)2	0.00	0	

(6)(1100)	6.00	(19)4	(23)8	(60)14	0.00	0	

(7)(1100)	5.00	(74)9	(69)6	(10)2	0.00	0	

(8)(1000)	5.00	(69)13	(37)1	(66)1	0.00	0	

(9)(115)	4.00	(73)1	(20)2	2.00	0	

(10)(117)	4.00	(71)1	(43)1	3.00	0	

(11)(1100)	4.00	(34)4	(16)6	(31)28	0.00	0	

(12)(1100)	3.00	(46)1	(81)12	(16)1	(66)1	0.00	0	

(13)(1100)	3.00	(63)17	(19)1	(10)1	0.00	0	

(14)(1100)	2.00	(44)20	(20)11	0.00	0	

(15)(1000)	2.00	(19)1	(23)27	(60)6	0.00	0	

(16)(1100)	3.00	(64)15	(20)7	0.00	0	

(17)(1100)	2.00	(46)23	(16)2	(10)1	0.00	0	

(18)(1100)	2.00	(34)22	(16)22	0.00	0	

(19)(1000)	2.00	(73)8	(42)8	(20)4	0.00	0	

(20)(1000)	1.00	(19)42	(16)1	(31)6	0.00	0	

(21)(1000)	2.00	(10)1	(66)15	0.00	0	

(22)(1000)	1.00	(40)24	(20)2	0.00	0	

(23)(1100)	1.00	(19)1	(23)1	(37)27	(16)1	(43)1	0.00	43	

(24)(1100)	2.00	(40)16	(30)1	(43)10	0.00	0	

(25)(1100)	1.00	(51)15	(67)5	0.00	0	

(26)(1100)	1.00	(56)19	(16)1	(10)2	0.00	0	

(27)(344)	1.00	(7)26	(9)8	(6)15	0.00	0	

(28)(1100)	1.00	(13)21	(39)21	(8)1	0.00	0	

(29)(1100)	1.00	(74)2	(8)119	0.00	0	

(37)(1100)	1.00	(77)4	(78)2	(12)51	(16)1	(8)1	0.00	0	
max retalho: 5

(0)(1100)	1.00	(74)6	656.00	0	

(1)(1100)	1.00	(51)6	794.00	0	

(2)(1100)	1.00	(40)6	860.00	0	

(3)(1100)	1.00	(42)17	386.00	0	

(4)(1100)	1.00	(19)42	302.00	0	

(5)(1100)	1.00	(78)9	398.00	0	

(6)(1100)	1.00	(44)11	616.00	0	

(7)(1100)	1.00	(46)8	732.00	0	

(8)(1100)	1.00	(13)52	424.00	0	

(9)(1100)	1.00	(69)4	824.00	0	

(10)(1100)	1.00	(71)4	816.00	0	

(11)(1100)	1.00	(60)4	860.00	0	

(12)(1100)	1.00	(48)11	572.00	0	

(13)(1100)	1.00	(37)13	619.00	0	

(14)(1100)	1.00	(27)20	560.00	0	

(15)(1100)	1.00	(16)28	652.00	0	

(16)(1100)	1.00	(52)5	840.00	0	

(17)(1100)	1.00	(41)8	772.00	0	

(18)(1100)	1.00	(20)45	200.00	0	

(19)(1100)	1.00	(10)59	510.00	0	

(20)(1100)	1.00	(56)4	876.00	0	

(21)(1100)	1.00	(63)2	(30)1	(7)4	(9)13	(67)1	(34)2	(23)1	(81)2	(39)3	(75)1	(64)2	(31)3	(66)1	0.00	0	
max retalho: 5

(1)(1000)	1.00	(30)5	(9)7	(23)15	(43)10	12.00	430	
max retalho: 4

(0)(1000)	1.00	(43)10	0	570	
Sobra Total: 1043.00
Perda Total: 13301.00

Total Barras Cortadas:
Barra (1000) : 39
Barra (1100) : 72
Barra (115) : 4
Barra (344) : 8
Barra (117) : 4

Retalhos Gerados:
Retalho (43) : 1
Retalho (43) : 10
Retalho (570) : 1

10 Soluções

Saida Arquivo/Entrada/Class5/D5d11.txt

Minimizar a Perda Total
