
4 Soluções

Saida Arquivo/Entrada/Class5/D5d14.txt

Minimizar a Perda Total
max retalho: 5

(0)(1100)	9.00	(22)2	(20)6	(78)12	0.00	0	

(1)(1100)	8.00	(41)2	(19)1	(76)1	(71)13	0.00	0	

(2)(1100)	6.00	(77)12	(54)1	(23)2	(19)4	0.00	0	

(3)(1100)	6.00	(63)17	29.00	0	

(4)(1000)	5.00	(76)11	(82)2	0.00	0	

(5)(1100)	5.00	(56)1	(58)18	0.00	0	

(6)(1000)	5.00	(70)1	(58)2	(74)11	0.00	0	

(7)(1100)	5.00	(23)2	(49)1	(67)15	0.00	0	

(8)(1100)	4.00	(47)22	(16)4	2.00	0	

(9)(1000)	5.00	(81)2	(70)10	(46)3	0.00	0	

(10)(336)	4.00	(22)3	(20)8	(55)2	0.00	0	

(11)(1100)	4.00	(45)23	(23)2	(19)1	0.00	0	

(12)(1100)	3.00	(80)13	(16)1	(11)4	0.00	0	

(13)(1000)	3.00	(56)2	(53)2	(46)17	0.00	0	

(14)(1100)	3.00	(22)1	(12)1	(41)26	0.00	0	

(15)(1100)	3.00	(22)1	(12)1	(82)13	0.00	0	

(16)(1100)	3.00	(53)17	(41)1	(76)1	(82)1	0.00	0	

(17)(1000)	3.00	(54)8	(23)24	(16)1	0.00	0	

(18)(336)	2.00	(54)4	(23)4	(12)1	(16)1	0.00	0	

(19)(1100)	2.00	(12)18	(26)34	0.00	0	

(20)(1000)	2.00	(33)24	(26)8	0.00	0	

(21)(1100)	3.00	(49)1	(67)13	(45)4	0.00	180	

(22)(1000)	2.00	(81)9	(41)1	(46)5	0.00	0	

(23)(1100)	2.00	(56)19	(16)1	(20)1	0.00	0	

(24)(1000)	1.00	(16)3	(34)28	0.00	0	

(25)(1100)	1.00	(55)20	0.00	0	

(26)(1100)	1.00	(22)45	(55)2	0.00	0	

(27)(336)	1.00	(66)4	(5)9	(13)2	1.00	0	

(28)(1100)	1.00	(16)1	(19)56	(20)1	0.00	0	

(29)(1100)	1.00	(22)1	(49)22	0.00	0	

(30)(1000)	1.00	(14)40	(44)10	0.00	0	

(31)(1000)	1.00	(12)3	(74)2	(51)16	0.00	0	

(35)(1000)	1.00	(12)1	(37)12	(14)1	(30)14	(9)12	2.00	0	

(40)(121)	5.00	(16)7	9.00	0	
max retalho: 4

(0)(1100)	1.00	(26)27	398.00	0	

(1)(109)	1.00	(77)1	(16)1	(5)1	(11)1	0.00	0	

(2)(1100)	1.00	(47)20	160.00	0	

(3)(1100)	1.00	(80)11	220.00	0	

(4)(1100)	1.00	(74)6	656.00	0	

(5)(1100)	1.00	(76)9	416.00	0	

(6)(1100)	1.00	(46)13	502.00	0	

(7)(1100)	1.00	(58)13	346.00	0	

(8)(1100)	1.00	(82)7	526.00	0	

(9)(1100)	1.00	(22)29	462.00	0	

(10)(1100)	1.00	(34)25	250.00	0	

(11)(1100)	1.00	(41)16	444.00	0	

(12)(1100)	1.00	(12)51	488.00	0	

(13)(1100)	1.00	(55)9	605.00	0	

(15)(1100)	1.00	(33)12	704.00	0	

(16)(109)	1.00	(66)1	(5)2	(20)1	(13)1	0.00	0	

(17)(1100)	1.00	(78)5	710.00	0	

(19)(109)	1.00	(14)6	(5)1	(20)1	0.00	0	

(22)(336)	1.00	(81)2	(5)1	(13)2	(71)2	1.00	0	

(26)(1100)	1.00	(45)3	965.00	0	

(32)(109)	1.00	(54)2	1.00	0	
max retalho: 4

(1)(1100)	1.00	(13)24	788.00	0	

(2)(1100)	1.00	(16)17	828.00	0	

(3)(1100)	1.00	(44)6	836.00	0	

(6)(1100)	1.00	(5)46	870.00	0	
max retalho: 4

(0)(1100)	1.00	(54)1	(56)2	(45)2	(23)4	(81)2	(49)3	(53)2	(19)7	(20)8	(11)4	0.00	0	

(2)(1100)	1.00	(45)3	965.00	0	
max retalho: 4

(0)(336)	1.00	(45)2	(53)1	(19)3	0	136	
Sobra Total: 676.00
Perda Total: 12371.00

Total Barras Cortadas:
Barra (1000) : 29
Barra (1100) : 92
Barra (121) : 5
Barra (336) : 9
Barra (109) : 4

Retalhos Gerados:
Retalho (45) : 12
Retalho (136) : 1

7 Soluções

Saida Arquivo/Entrada/Class5/D5d14.txt

Minimizar a Perda Total
max retalho: 5

(0)(1000)	8.00	(41)12	(82)1	(71)6	0.00	0	

(1)(1100)	8.00	(78)14	8.00	0	

(2)(1000)	7.00	(41)1	(76)5	(82)1	(71)7	0.00	0	

(3)(1100)	7.00	(23)2	(49)1	(67)15	0.00	0	

(4)(1000)	6.00	(16)1	(63)15	(19)1	(20)1	0.00	0	

(5)(336)	6.00	(77)4	(12)1	(16)1	0.00	0	

(6)(1000)	5.00	(70)1	(58)2	(74)11	0.00	0	

(7)(1100)	4.00	(54)6	(45)6	(23)22	0.00	0	

(8)(1100)	4.00	(80)12	(70)2	0.00	0	

(9)(1100)	4.00	(47)23	19.00	0	

(10)(109)	4.00	(45)2	(19)1	0.00	0	

(11)(1100)	3.00	(12)1	(76)1	(46)22	0.00	0	

(12)(1000)	3.00	(53)16	(76)2	0.00	0	

(13)(121)	3.00	(45)1	(19)4	0.00	0	

(14)(1100)	3.00	(41)2	(76)8	(82)5	0.00	0	

(15)(1100)	3.00	(23)1	(81)1	(70)14	(16)1	0.00	0	

(16)(1100)	2.00	(26)42	8.00	0	

(17)(1100)	2.00	(77)13	(54)1	(45)1	0.00	0	

(18)(1100)	2.00	(81)12	(46)1	(82)1	0.00	0	

(19)(1100)	2.00	(56)19	(16)1	(20)1	0.00	0	

(20)(1100)	2.00	(22)50	0.00	0	

(21)(1100)	2.00	(77)6	(54)1	(45)1	(49)11	0.00	0	

(22)(1100)	2.00	(49)1	(67)1	(82)12	0.00	0	

(23)(1100)	1.00	(55)20	0.00	0	

(24)(1100)	1.00	(33)33	11.00	0	

(25)(1000)	1.00	(54)6	(45)10	(47)4	(19)2	0.00	0	

(26)(1100)	1.00	(34)32	12.00	0	

(27)(1100)	1.00	(20)55	0.00	0	

(28)(121)	1.00	(11)11	0.00	0	

(29)(1100)	1.00	(45)24	20.00	0	

(30)(336)	1.00	(30)2	(13)21	3.00	0	

(31)(1100)	1.00	(19)57	17.00	0	

(32)(1000)	1.00	(47)9	(16)2	(19)5	(45)10	0.00	450	

(33)(336)	1.00	(30)11	6.00	0	

(34)(1000)	1.00	(66)5	(37)12	(14)7	(5)4	(9)12	0.00	0	

(38)(1000)	1.00	(5)33	(51)16	(19)1	0.00	0	

(40)(1100)	5.00	(56)1	(58)18	0.00	0	
max retalho: 4

(4)(1100)	1.00	(33)27	209.00	0	

(5)(1100)	1.00	(22)11	858.00	0	

(6)(1100)	1.00	(12)90	20.00	0	

(7)(1100)	1.00	(81)5	695.00	0	

(8)(1100)	1.00	(58)13	346.00	0	

(9)(1100)	1.00	(26)27	398.00	0	

(10)(1100)	1.00	(14)40	540.00	0	

(11)(1100)	1.00	(16)64	76.00	0	

(12)(1100)	1.00	(74)8	508.00	0	

(13)(1100)	1.00	(63)12	344.00	0	

(14)(1100)	1.00	(53)12	464.00	0	

(15)(1100)	1.00	(41)6	854.00	0	

(16)(1100)	1.00	(20)36	380.00	0	

(17)(1100)	1.00	(76)7	568.00	0	

(18)(1100)	1.00	(67)7	631.00	0	

(19)(1100)	1.00	(55)19	55.00	0	

(20)(1100)	1.00	(44)16	396.00	0	

(21)(1100)	1.00	(46)21	134.00	0	

(22)(1100)	1.00	(34)21	386.00	0	

(23)(1100)	1.00	(71)9	461.00	0	

(24)(1100)	1.00	(23)9	(80)2	(47)3	(49)2	(5)23	(30)1	(19)1	(78)1	(11)6	(13)8	(82)1	0.00	0	
max retalho: 4

(0)(1000)	1.00	(54)1	(56)6	(45)4	(19)14	(82)2	0.00	0	

(1)(121)	1.00	(54)2	13.00	0	

(2)(1100)	1.00	(77)10	(45)7	15.00	315	

(6)(336)	1.00	(54)1	(45)6	12.00	270	
max retalho: 2

(0)(1000)	1.00	(77)1	(54)3	(56)2	(45)6	0	379	
Sobra Total: 1414.00
Perda Total: 8588.00

Total Barras Cortadas:
Barra (1000) : 35
Barra (1100) : 83
Barra (121) : 5
Barra (336) : 9
Barra (109) : 4

Retalhos Gerados:
Retalho (45) : 10
Retalho (45) : 7
Retalho (45) : 6
Retalho (379) : 1

10 Soluções

Saida Arquivo/Entrada/Class5/D5d14.txt

Minimizar a Perda Total
max retalho: 5

(24)(1000)	1.00	(45)5	(33)23	(16)1	0.00	0	

(25)(1100)	2.00	(22)50	0.00	0	

(26)(1100)	1.00	(55)20	0.00	0	

(27)(1100)	1.00	(20)55	0.00	0	

(28)(1100)	1.00	(34)32	12.00	0	

(29)(121)	1.00	(11)11	0.00	0	

(30)(1000)	1.00	(81)2	(70)8	(58)4	(46)1	0.00	0	

(31)(109)	1.00	(45)1	(16)4	0.00	0	

(41)(336)	9.00	(80)1	(70)2	(58)2	0.00	0	

(42)(1000)	1.00	(14)43	(20)1	(13)29	1.00	0	
max retalho: 5

(0)(1100)	8.00	(78)14	8.00	0	

(1)(1100)	7.00	(67)16	28.00	0	

(2)(1100)	7.00	(71)15	35.00	0	

(3)(1100)	5.00	(63)17	29.00	0	

(4)(1100)	5.00	(76)14	36.00	0	

(5)(1100)	5.00	(77)14	22.00	0	

(6)(1100)	5.00	(58)18	56.00	0	

(7)(1100)	4.00	(47)23	19.00	0	

(8)(1100)	4.00	(82)13	34.00	0	

(9)(1100)	4.00	(74)14	64.00	0	

(10)(1100)	4.00	(41)26	34.00	0	

(11)(1100)	3.00	(46)23	42.00	0	

(12)(1100)	3.00	(80)13	60.00	0	

(13)(1100)	2.00	(53)20	40.00	0	

(14)(1100)	2.00	(56)19	36.00	0	

(15)(1100)	2.00	(5)3	(45)24	5.00	1080	

(16)(1100)	2.00	(26)42	8.00	0	

(17)(1100)	2.00	(23)47	19.00	0	

(18)(1100)	2.00	(81)13	47.00	0	

(19)(1100)	2.00	(54)20	20.00	0	

(20)(1100)	1.00	(70)15	50.00	0	

(21)(1100)	1.00	(19)57	17.00	0	

(22)(1100)	1.00	(49)22	22.00	0	

(23)(1100)	1.00	(16)68	12.00	0	

(24)(1100)	1.00	(33)33	11.00	0	

(25)(1100)	1.00	(12)91	8.00	0	

(26)(1100)	1.00	(55)19	55.00	0	

(27)(1100)	1.00	(44)16	396.00	0	

(28)(1100)	1.00	(37)12	656.00	0	

(29)(1000)	1.00	(66)2	(45)4	(22)11	(14)4	(5)43	(9)12	(11)6	1.00	0	

(30)(1100)	1.00	(51)16	284.00	0	

(31)(1100)	1.00	(20)43	240.00	0	

(32)(1100)	1.00	(34)21	386.00	0	

(40)(121)	4.00	(30)1	(45)2	1.00	90	

(41)(109)	3.00	(5)3	(45)2	4.00	90	
max retalho: 4

(0)(1000)	4.00	(41)1	(45)21	14.00	945	

(12)(1100)	1.00	(19)45	245.00	0	

(13)(1100)	1.00	(23)20	640.00	0	

(14)(1100)	1.00	(81)4	776.00	0	

(17)(1100)	1.00	(30)10	800.00	0	
max retalho: 3

(0)(1100)	3.00	(45)24	20.00	0	
max retalho: 3

(0)(1000)	1.00	(63)15	55.00	0	

(1)(1000)	1.00	(53)18	46.00	0	

(2)(1000)	1.00	(45)22	10.00	0	
max retalho: 3
max retalho: 3
max retalho: 3
max retalho: 3
max retalho: 3
max retalho: 3
max retalho: 3
