
4 Soluções

Saida Arquivo/Entrada/Class5/D5d20.txt

Minimizar a Perda Total
max retalho: 5

(0)(1000)	10.00	(46)1	(62)9	(66)6	0.00	0	

(1)(1000)	9.00	(75)10	(44)1	(66)1	(70)2	0.00	0	

(2)(110)	8.00	(44)1	(22)3	0.00	0	

(3)(1000)	8.00	(35)8	(72)10	0.00	0	

(4)(1000)	7.00	(64)5	(68)10	0.00	0	

(5)(98)	8.00	(39)1	(59)1	0.00	0	

(6)(1000)	5.00	(69)10	(80)3	(70)1	0.00	0	

(7)(1000)	5.00	(42)16	(21)7	(25)1	(39)4	0.00	0	

(8)(1000)	5.00	(46)16	(66)4	0.00	0	

(9)(1000)	5.00	(65)14	(35)1	(37)1	(18)1	0.00	0	

(10)(1100)	5.00	(73)10	(50)3	(55)4	0.00	0	

(11)(1000)	4.00	(54)8	(35)2	(83)6	0.00	0	

(12)(1000)	4.00	(32)21	(64)3	(68)2	0.00	0	

(13)(1100)	4.00	(67)1	(41)21	(43)4	0.00	0	

(14)(1000)	4.00	(67)13	(43)3	0.00	0	

(15)(1100)	3.00	(50)22	0.00	0	

(16)(1100)	4.00	(21)2	(18)1	(64)12	(68)4	0.00	0	

(17)(1100)	3.00	(75)2	(44)1	(66)1	(70)12	0.00	0	

(18)(1100)	3.00	(67)12	(37)8	0.00	0	

(19)(1000)	3.00	(54)2	(32)1	(43)20	0.00	0	

(20)(1000)	3.00	(65)2	(80)10	(70)1	0.00	0	

(21)(323)	3.00	(65)3	(58)1	(70)1	0.00	0	

(22)(1100)	2.00	(54)14	(21)1	(35)1	(72)4	0.00	0	

(23)(1100)	2.00	(25)2	(73)6	(18)34	0.00	0	

(24)(1000)	2.00	(25)34	(50)3	0.00	0	

(25)(1100)	3.00	(73)15	5.00	0	

(26)(1100)	2.00	(44)1	(58)17	(70)1	0.00	0	

(27)(1100)	2.00	(76)11	(41)6	(18)1	0.00	0	

(28)(1000)	1.00	(65)2	(79)10	(80)1	0.00	0	

(29)(1100)	1.00	(32)6	(35)24	(68)1	0.00	0	

(30)(1000)	1.00	(58)3	(14)59	0.00	0	

(31)(1000)	1.00	(65)1	(79)7	(58)1	(6)54	0.00	0	

(32)(323)	1.00	(32)1	(21)1	(8)19	(59)2	0.00	0	

(33)(98)	1.00	(10)4	(29)2	0.00	0	

(37)(1000)	2.00	(11)8	(70)13	2.00	0	
max retalho: 5

(0)(1100)	1.00	(75)2	(65)1	(42)3	(44)2	(21)3	(10)9	(79)1	(37)3	(29)1	(18)1	(33)3	(22)1	(80)2	0.00	0	

(1)(1100)	1.00	(54)20	20.00	0	

(2)(1100)	1.00	(32)12	716.00	0	

(3)(1100)	1.00	(11)61	429.00	0	

(4)(1100)	1.00	(67)8	564.00	0	

(5)(1100)	1.00	(69)4	824.00	0	

(6)(1100)	1.00	(58)6	752.00	0	

(7)(1100)	1.00	(25)33	275.00	0	

(8)(1100)	1.00	(83)5	685.00	0	

(9)(1100)	1.00	(50)19	150.00	0	

(10)(1100)	1.00	(41)11	649.00	0	

(11)(1100)	1.00	(66)6	704.00	0	

(12)(1100)	1.00	(68)5	760.00	0	

(13)(1100)	1.00	(70)7	610.00	0	

(14)(1100)	1.00	(62)3	914.00	0	

(15)(1100)	1.00	(43)8	756.00	0	

(16)(1100)	1.00	(59)5	805.00	0	

(17)(1100)	1.00	(76)3	872.00	0	

(18)(1100)	1.00	(46)5	870.00	0	
max retalho: 5

(0)(1000)	1.00	(21)7	(79)1	(18)30	0	234	
Sobra Total: 234.00
Perda Total: 11374.00

Total Barras Cortadas:
Barra (1000) : 80
Barra (1100) : 53
Barra (110) : 8
Barra (323) : 4
Barra (98) : 9

Retalhos Gerados:
Retalho (234) : 1

7 Soluções

Saida Arquivo/Entrada/Class5/D5d20.txt

Minimizar a Perda Total
max retalho: 5

(0)(1000)	9.00	(75)10	(44)1	(66)1	(70)2	0.00	0	

(1)(98)	9.00	(42)1	(25)2	6.00	0	

(2)(1100)	8.00	(32)1	(64)5	(68)11	0.00	0	

(3)(1100)	8.00	(67)10	(43)10	0.00	0	

(4)(1100)	7.00	(25)3	(73)14	3.00	0	

(5)(1000)	7.00	(54)11	(35)1	(83)1	(72)4	0.00	0	

(6)(1000)	7.00	(46)2	(62)4	(66)10	0.00	0	

(7)(1000)	7.00	(44)1	(62)3	(70)11	0.00	0	

(8)(1000)	6.00	(65)6	(69)8	(58)1	0.00	0	

(9)(1000)	5.00	(35)8	(72)10	0.00	0	

(10)(1100)	4.00	(67)1	(41)21	(43)4	0.00	0	

(11)(1000)	4.00	(58)1	(62)1	(80)11	0.00	0	

(12)(1100)	3.00	(42)3	(39)2	(64)14	0.00	0	

(13)(1100)	3.00	(76)2	(46)19	(37)2	0.00	0	

(14)(1100)	3.00	(46)2	(62)12	(66)4	0.00	0	

(15)(1100)	3.00	(50)22	0.00	0	

(16)(1000)	3.00	(32)27	(68)2	0.00	0	

(17)(323)	2.00	(65)3	(58)1	(70)1	0.00	0	

(18)(1000)	3.00	(75)1	(65)13	(80)1	0.00	0	

(19)(1000)	2.00	(25)28	(50)6	0.00	0	

(20)(1100)	2.00	(42)25	(50)1	0.00	0	

(21)(1100)	2.00	(32)6	(35)24	(68)1	0.00	0	

(22)(1100)	2.00	(54)1	(83)10	(72)3	0.00	0	

(23)(1000)	2.00	(21)26	(50)9	4.00	0	

(24)(1100)	2.00	(44)1	(58)17	(70)1	0.00	0	

(25)(1000)	2.00	(76)9	(37)3	(41)5	0.00	0	

(26)(1000)	1.00	(65)2	(79)10	(80)1	0.00	0	

(27)(1000)	1.00	(67)13	(37)3	(18)1	0.00	0	

(28)(323)	1.00	(6)53	5.00	0	

(29)(1000)	1.00	(46)1	(14)59	(41)1	(29)3	0.00	0	

(30)(1000)	1.00	(37)1	(22)25	(59)7	0.00	0	

(31)(1000)	1.00	(11)77	(41)1	(8)14	0.00	0	

(32)(1100)	1.00	(42)5	(21)1	(25)2	(39)21	0.00	0	

(33)(110)	1.00	(10)10	10.00	0	

(34)(1000)	1.00	(21)3	(55)17	2.00	0	

(38)(1100)	1.00	(18)55	(55)2	0.00	0	
max retalho: 5

(0)(1100)	1.00	(76)1	(32)4	(10)3	(67)3	(58)1	(35)2	(83)2	(62)1	(39)1	(6)1	(8)5	(55)1	(33)3	(70)1	0.00	0	

(1)(1100)	1.00	(44)6	836.00	0	

(2)(1100)	1.00	(68)4	828.00	0	

(3)(1100)	1.00	(72)4	812.00	0	

(4)(1100)	1.00	(25)13	775.00	0	

(5)(1100)	1.00	(46)17	318.00	0	

(6)(1100)	1.00	(79)9	389.00	0	

(7)(1100)	1.00	(69)6	686.00	0	

(8)(1100)	1.00	(65)6	710.00	0	

(9)(1100)	1.00	(37)16	508.00	0	

(10)(1100)	1.00	(54)7	722.00	0	

(11)(1100)	1.00	(42)10	680.00	0	

(12)(1100)	1.00	(73)9	443.00	0	

(13)(1100)	1.00	(50)8	700.00	0	

(14)(1100)	1.00	(41)11	649.00	0	

(15)(1100)	1.00	(18)54	128.00	0	

(16)(1100)	1.00	(64)13	268.00	0	

(17)(1100)	1.00	(66)7	638.00	0	

(18)(1100)	1.00	(75)5	725.00	0	

(19)(1100)	1.00	(59)8	628.00	0	
max retalho: 5

(0)(323)	1.00	(32)1	(35)3	(62)3	0.00	0	

(1)(110)	1.00	(35)3	5.00	0	
Sobra Total: 0.00
Perda Total: 11548.00

Total Barras Cortadas:
Barra (1000) : 63
Barra (1100) : 69
Barra (110) : 2
Barra (323) : 4
Barra (98) : 9

Retalhos Gerados:

10 Soluções

Saida Arquivo/Entrada/Class5/D5d20.txt

Minimizar a Perda Total
max retalho: 5

(0)(1000)	10.00	(32)9	(64)9	(68)2	0.00	0	

(1)(1000)	8.00	(75)8	(44)1	(46)1	(62)5	0.00	0	

(2)(1100)	8.00	(25)1	(73)12	(18)8	(55)1	0.00	0	

(3)(1000)	8.00	(54)10	(32)1	(35)1	(83)3	(72)2	0.00	0	

(4)(1000)	7.00	(42)6	(68)11	0.00	0	

(5)(1000)	7.00	(35)8	(72)10	0.00	0	

(6)(1100)	6.00	(67)1	(66)15	(43)1	0.00	0	

(7)(1000)	6.00	(67)13	(43)3	0.00	0	

(8)(1000)	6.00	(75)1	(65)13	(80)1	0.00	0	

(9)(1000)	6.00	(75)2	(44)2	(62)1	(70)10	0.00	0	

(10)(1000)	5.00	(69)10	(80)3	(70)1	0.00	0	

(11)(1100)	5.00	(67)1	(41)21	(43)4	0.00	0	

(12)(1000)	4.00	(25)22	(50)9	0.00	0	

(13)(1100)	3.00	(21)2	(46)23	0.00	0	

(14)(1100)	3.00	(21)2	(50)20	(55)1	3.00	0	

(15)(1100)	2.00	(44)1	(58)17	(70)1	0.00	0	

(16)(1000)	2.00	(54)2	(35)1	(83)1	(43)18	0.00	0	

(17)(1000)	2.00	(65)2	(80)10	(70)1	0.00	0	

(18)(1100)	2.00	(21)1	(62)17	25.00	0	

(19)(1100)	1.00	(75)4	(46)1	(62)2	(70)9	0.00	0	

(20)(1000)	1.00	(65)2	(79)10	(80)1	0.00	0	

(21)(1100)	1.00	(76)14	(18)2	0.00	0	

(22)(1100)	1.00	(67)4	(37)19	(43)3	0.00	0	

(23)(1000)	1.00	(42)10	(21)19	(25)1	(39)4	0.00	0	

(24)(1000)	1.00	(73)4	(39)14	(18)9	0.00	0	

(25)(1000)	1.00	(35)27	(55)1	0.00	0	

(26)(1100)	1.00	(42)21	(21)8	(50)1	0.00	0	

(27)(1000)	1.00	(11)64	(59)5	1.00	0	

(28)(323)	1.00	(10)13	(11)2	(29)3	(6)14	0.00	0	

(39)(323)	3.00	(43)1	(70)4	0.00	0	
max retalho: 5

(0)(110)	2.00	(42)1	(68)1	0.00	0	

(1)(110)	2.00	(11)2	(72)1	(8)2	0.00	0	

(2)(98)	2.00	(14)1	(83)1	1.00	0	

(3)(110)	1.00	(11)2	(6)1	(8)2	(33)2	0.00	0	

(4)(98)	1.00	(41)2	(8)2	0.00	0	

(5)(110)	1.00	(54)2	2.00	0	

(6)(1100)	1.00	(79)9	389.00	0	

(7)(1100)	1.00	(67)7	631.00	0	

(8)(1100)	1.00	(75)12	200.00	0	

(9)(1100)	1.00	(58)13	346.00	0	

(10)(1100)	1.00	(46)17	318.00	0	

(11)(1100)	1.00	(35)10	750.00	0	

(12)(1100)	1.00	(37)13	619.00	0	

(13)(1100)	1.00	(73)7	589.00	0	

(14)(1100)	1.00	(62)11	418.00	0	

(15)(1100)	1.00	(50)9	650.00	0	

(16)(1100)	1.00	(39)10	710.00	0	

(17)(1100)	1.00	(76)11	264.00	0	

(18)(1100)	1.00	(66)8	572.00	0	

(19)(1100)	1.00	(55)8	660.00	0	

(20)(1100)	1.00	(43)10	670.00	0	

(21)(1100)	1.00	(22)25	550.00	0	

(22)(1100)	1.00	(80)6	620.00	0	

(23)(1100)	1.00	(70)10	400.00	0	

(24)(1100)	1.00	(59)10	510.00	0	

(28)(110)	1.00	(83)1	(8)3	3.00	0	

(29)(1100)	1.00	(65)5	775.00	0	

(30)(1100)	1.00	(21)15	785.00	0	

(33)(1100)	1.00	(25)13	775.00	0	

(34)(1100)	1.00	(64)5	780.00	0	

(37)(98)	1.00	(44)2	10.00	0	

(38)(98)	4.00	(11)1	(69)1	(18)1	0.00	0	
max retalho: 5

(0)(110)	1.00	(14)2	(18)1	(8)8	0.00	0	

(1)(1100)	1.00	(32)8	(11)1	(14)24	(18)22	(33)1	(68)1	0.00	0	
max retalho: 5

(2)(1100)	1.00	(42)8	(14)31	(18)7	(6)34	0.00	0	
max retalho: 5

(0)(98)	1.00	(18)1	(6)5	0	50	
Sobra Total: 50.00
Perda Total: 13058.00

Total Barras Cortadas:
Barra (1000) : 76
Barra (1100) : 58
Barra (110) : 8
Barra (323) : 4
Barra (98) : 9

Retalhos Gerados:
Retalho (50) : 1
