
4 Soluções

Saida Arquivo/Entrada/Class5/D5d2.txt

Minimizar a Perda Total
max retalho: 5

(0)(1000)	10.00	(72)5	(80)8	0.00	0	

(1)(1000)	7.00	(48)3	(25)2	(62)13	0.00	0	

(2)(1100)	7.00	(18)2	(69)6	(50)13	0.00	0	

(3)(1100)	7.00	(74)14	64.00	0	

(4)(1100)	6.00	(75)14	50.00	0	

(5)(1100)	6.00	(61)16	(62)2	0.00	0	

(6)(1100)	6.00	(65)16	60.00	0	

(7)(1100)	5.00	(18)1	(65)1	(79)12	(69)1	0.00	0	

(8)(1100)	4.00	(18)1	(80)1	(69)14	(36)1	0.00	0	

(9)(1100)	3.00	(49)21	(21)1	(50)1	0.00	0	

(10)(1100)	3.00	(44)25	0.00	0	

(11)(1100)	3.00	(46)23	42.00	0	

(12)(126)	3.00	(18)7	0.00	0	

(13)(128)	3.00	(18)2	(42)1	(21)1	(29)1	0.00	0	

(14)(1100)	2.00	(39)28	8.00	0	

(15)(355)	2.00	(53)6	(6)5	7.00	0	

(16)(1100)	2.00	(42)26	8.00	0	

(17)(1100)	2.00	(36)30	20.00	0	

(18)(1100)	2.00	(21)52	8.00	0	

(19)(1100)	2.00	(83)13	21.00	0	

(20)(1100)	1.00	(76)14	36.00	0	

(21)(1100)	1.00	(28)39	8.00	0	

(22)(1100)	1.00	(82)13	34.00	0	

(23)(1100)	1.00	(42)1	(48)21	(50)1	0.00	0	

(24)(1100)	1.00	(29)37	27.00	0	

(25)(1000)	1.00	(25)34	(50)3	0.00	0	

(26)(355)	1.00	(13)26	(6)2	5.00	0	

(27)(1000)	1.00	(11)64	(8)37	0.00	0	

(28)(1100)	1.00	(51)13	(17)25	12.00	0	

(29)(1100)	1.00	(18)1	(32)19	(79)6	0.00	0	

(30)(1000)	1.00	(9)86	(11)5	(57)3	0.00	0	

(31)(1000)	1.00	(7)85	(71)3	(40)4	(8)4	0.00	0	

(32)(1100)	1.00	(17)10	(15)61	15.00	0	

(33)(1100)	1.00	(61)2	(18)1	(48)1	(36)1	(73)12	0.00	0	

(35)(1100)	1.00	(72)15	(8)1	12.00	0	

(37)(355)	1.00	(82)1	(72)2	(18)6	(21)1	0.00	0	

(38)(355)	1.00	(11)1	(8)43	0.00	0	
max retalho: 5

(0)(1100)	1.00	(82)7	526.00	0	

(1)(1100)	1.00	(61)11	429.00	0	

(2)(1100)	1.00	(49)21	71.00	0	

(3)(1100)	1.00	(39)25	125.00	0	

(4)(1100)	1.00	(76)13	112.00	0	

(5)(1100)	1.00	(42)13	554.00	0	

(6)(1100)	1.00	(80)8	460.00	0	

(7)(1100)	1.00	(69)9	479.00	0	

(8)(1100)	1.00	(57)11	473.00	0	

(9)(1100)	1.00	(48)13	476.00	0	

(10)(1100)	1.00	(75)11	275.00	0	

(11)(1100)	1.00	(44)14	484.00	0	

(12)(1100)	1.00	(62)9	542.00	0	

(13)(1100)	1.00	(65)7	645.00	0	

(14)(1100)	1.00	(28)25	400.00	0	

(15)(1100)	1.00	(29)16	636.00	0	

(16)(1100)	1.00	(50)9	650.00	0	

(17)(1100)	1.00	(74)5	730.00	0	

(23)(355)	1.00	(21)5	(11)7	(13)1	(8)20	0.00	0	
max retalho: 5

(0)(1100)	1.00	(53)5	(79)2	(46)7	(8)1	347.00	0	

(3)(355)	1.00	(18)1	(7)13	(36)4	(6)17	0.00	0	
max retalho: 5

(1)(1000)	1.00	(83)1	(17)3	(18)1	(25)3	(6)2	0	761	
Sobra Total: 761.00
Perda Total: 9941.00

Total Barras Cortadas:
Barra (1000) : 22
Barra (1100) : 89
Barra (126) : 3
Barra (355) : 7
Barra (128) : 3

Retalhos Gerados:
Retalho (761) : 1

7 Soluções

Saida Arquivo/Entrada/Class5/D5d2.txt

Minimizar a Perda Total
max retalho: 5

(0)(1000)	10.00	(80)8	(69)5	(15)1	0.00	0	

(1)(1000)	9.00	(46)7	(62)10	(29)2	0.00	0	

(2)(1100)	9.00	(7)2	(74)11	(65)1	(69)3	0.00	0	

(3)(1100)	7.00	(48)6	(62)1	(75)10	0.00	0	

(4)(355)	6.00	(61)5	(49)1	1.00	0	

(5)(1100)	6.00	(65)14	(80)1	(48)1	(62)1	0.00	0	

(6)(1000)	5.00	(39)1	(50)19	11.00	0	

(7)(1000)	5.00	(72)12	(28)1	(36)3	0.00	0	

(8)(1100)	5.00	(79)13	(48)1	(25)1	0.00	0	

(9)(1100)	4.00	(61)17	(49)1	(7)1	7.00	0	

(10)(1100)	3.00	(42)2	(44)23	4.00	0	

(11)(1100)	3.00	(82)6	(76)8	0.00	0	

(12)(126)	3.00	(49)1	(69)1	8.00	0	

(13)(1100)	3.00	(49)22	(7)1	(15)1	0.00	0	

(14)(1000)	3.00	(39)12	(28)19	0.00	0	

(15)(1100)	2.00	(49)1	(42)25	1.00	0	

(16)(128)	2.00	(25)5	3.00	0	

(17)(1100)	2.00	(21)51	(29)1	0.00	0	

(18)(1100)	2.00	(83)13	(15)1	6.00	0	

(19)(1100)	2.00	(46)3	(62)1	(75)12	0.00	0	

(20)(1100)	1.00	(39)1	(28)1	(36)28	(25)1	0.00	0	

(21)(1100)	2.00	(65)1	(69)15	0.00	0	

(22)(1000)	1.00	(39)25	(25)1	0.00	0	

(23)(1000)	1.00	(9)77	(11)2	(57)5	0.00	0	

(24)(1000)	1.00	(18)54	(21)1	7.00	0	

(25)(1000)	1.00	(11)64	(8)37	0.00	0	

(26)(1000)	1.00	(25)1	(15)1	(29)33	3.00	0	

(27)(1000)	1.00	(17)13	(32)19	(11)1	(40)4	0.00	0	

(28)(1100)	1.00	(65)5	(21)1	(80)1	(48)1	(13)27	(71)3	(62)1	0.00	0	

(29)(1100)	1.00	(53)5	(15)2	(73)11	2.00	0	

(31)(126)	1.00	(82)1	(25)1	19.00	0	

(32)(128)	1.00	(6)21	2.00	0	

(39)(355)	1.00	(11)1	(8)43	0.00	0	
max retalho: 5

(0)(1100)	1.00	(72)7	596.00	0	

(1)(1100)	1.00	(61)11	429.00	0	

(2)(1100)	1.00	(51)13	437.00	0	

(3)(1100)	1.00	(39)14	554.00	0	

(4)(1100)	1.00	(74)4	804.00	0	

(5)(1100)	1.00	(65)8	580.00	0	

(6)(1100)	1.00	(53)12	464.00	0	

(7)(1100)	1.00	(42)13	554.00	0	

(8)(1100)	1.00	(44)20	220.00	0	

(9)(1100)	1.00	(79)3	863.00	0	

(10)(1100)	1.00	(80)5	700.00	0	

(11)(1100)	1.00	(57)9	587.00	0	

(12)(1100)	1.00	(46)7	778.00	0	

(13)(1100)	1.00	(36)26	164.00	0	

(14)(1100)	1.00	(25)32	300.00	0	

(15)(1100)	1.00	(15)43	455.00	0	

(16)(1100)	1.00	(62)6	728.00	0	

(17)(1100)	1.00	(50)12	500.00	0	

(18)(1100)	1.00	(17)25	675.00	0	

(19)(1100)	1.00	(7)73	589.00	0	

(20)(1100)	1.00	(21)12	848.00	0	

(21)(1100)	1.00	(76)3	872.00	0	

(22)(1100)	1.00	(8)26	892.00	0	

(23)(1100)	1.00	(49)3	953.00	0	

(29)(1100)	1.00	(75)1	1025.00	0	

(30)(1100)	1.00	(29)3	1013.00	0	
max retalho: 5

(0)(1000)	1.00	(82)2	(83)1	(28)1	(18)6	(9)9	(11)9	(69)2	(48)2	(73)1	(6)10	0	70	
Sobra Total: 70.00
Perda Total: 16758.00

Total Barras Cortadas:
Barra (1000) : 39
Barra (1100) : 79
Barra (126) : 4
Barra (355) : 7
Barra (128) : 3

Retalhos Gerados:
Retalho (70) : 1

10 Soluções

Saida Arquivo/Entrada/Class5/D5d2.txt

Minimizar a Perda Total
max retalho: 5

(0)(1100)	8.00	(74)12	(62)1	(75)2	0.00	0	

(1)(1100)	7.00	(48)3	(62)13	(75)2	0.00	0	

(2)(1100)	7.00	(80)12	(46)2	(48)1	0.00	0	

(3)(1100)	6.00	(61)10	(44)10	(50)1	0.00	0	

(4)(1000)	6.00	(72)1	(69)12	(48)2	4.00	0	

(5)(1100)	5.00	(18)1	(65)16	(21)2	0.00	0	

(6)(1100)	5.00	(46)3	(62)1	(75)12	0.00	0	

(7)(1100)	5.00	(79)13	(48)1	(25)1	0.00	0	

(8)(1000)	4.00	(39)1	(28)2	(42)11	(44)1	(21)19	0.00	0	

(9)(1100)	3.00	(49)1	(48)2	(50)19	5.00	0	

(10)(126)	3.00	(13)1	(8)14	1.00	0	

(11)(1100)	3.00	(49)21	(69)1	2.00	0	

(12)(355)	3.00	(72)3	(69)2	1.00	0	

(13)(1100)	3.00	(61)13	(44)3	(25)1	(50)3	0.00	0	

(14)(128)	3.00	(44)1	(21)4	0.00	0	

(15)(1100)	3.00	(72)15	20.00	0	

(16)(1100)	3.00	(39)25	(28)2	(44)1	(25)1	0.00	0	

(17)(1100)	2.00	(83)10	(72)1	(18)7	(36)2	0.00	0	

(18)(355)	3.00	(72)1	(49)1	(18)13	0.00	0	

(19)(1100)	3.00	(74)1	(65)5	(80)1	(69)9	0.00	0	

(20)(1100)	2.00	(28)2	(36)29	0.00	0	

(21)(355)	2.00	(18)1	(7)48	1.00	0	

(22)(1100)	2.00	(21)2	(46)23	0.00	0	

(23)(1100)	2.00	(82)9	(76)4	(29)2	0.00	0	

(24)(1000)	1.00	(25)22	(50)9	0.00	0	

(25)(1000)	1.00	(82)2	(76)11	0.00	0	

(26)(1100)	1.00	(49)1	(36)1	(29)35	0.00	0	

(27)(1100)	1.00	(53)13	(21)1	(15)26	0.00	0	

(28)(1100)	1.00	(39)1	(28)37	(25)1	0.00	0	

(29)(1000)	1.00	(9)77	(11)2	(57)5	0.00	0	

(30)(1000)	1.00	(11)64	(8)37	0.00	0	

(31)(1000)	1.00	(39)1	(28)2	(42)20	(44)1	(21)1	0.00	0	

(32)(1000)	1.00	(51)9	(17)31	(7)2	0.00	0	

(33)(1100)	1.00	(53)1	(13)12	(15)1	(73)12	0.00	0	

(38)(1000)	1.00	(17)1	(32)18	(71)3	(6)31	(8)1	0.00	0	

(41)(126)	1.00	(69)1	57.00	0	
max retalho: 5

(0)(1100)	1.00	(50)22	0.00	0	

(1)(1100)	1.00	(61)10	490.00	0	

(2)(1100)	1.00	(49)14	414.00	0	

(3)(1100)	1.00	(74)4	804.00	0	

(4)(1100)	1.00	(76)8	492.00	0	

(5)(1100)	1.00	(65)13	255.00	0	

(6)(1100)	1.00	(80)5	700.00	0	

(7)(1100)	1.00	(57)9	587.00	0	

(8)(1100)	1.00	(25)17	675.00	0	

(9)(1100)	1.00	(62)8	604.00	0	

(10)(1100)	1.00	(83)7	519.00	0	

(11)(1100)	1.00	(29)17	607.00	0	

(12)(1100)	1.00	(75)5	725.00	0	

(13)(1100)	1.00	(15)34	590.00	0	

(14)(1100)	1.00	(44)9	704.00	0	

(15)(1100)	1.00	(82)1	(72)2	(28)1	(17)6	(53)3	(32)1	(9)9	(11)10	(46)1	(13)12	(40)4	0.00	0	

(16)(1100)	1.00	(48)5	860.00	0	

(17)(1100)	1.00	(21)12	848.00	0	

(18)(1100)	1.00	(79)3	863.00	0	

(20)(1100)	1.00	(8)26	892.00	0	

(23)(1100)	1.00	(69)3	893.00	0	
max retalho: 5

(0)(1100)	1.00	(51)4	(28)6	(42)5	(11)1	(36)6	(50)4	0	91	
Sobra Total: 91.00
Perda Total: 12692.00

Total Barras Cortadas:
Barra (1000) : 17
Barra (1100) : 95
Barra (126) : 4
Barra (355) : 8
Barra (128) : 3

Retalhos Gerados:
Retalho (91) : 1
