
4 Soluções

Saida Arquivo/Entrada/Class5/D5d3.txt

Minimizar a Perda Total
max retalho: 5

(6)(1100)	1.00	(74)8	(67)1	(44)10	1.00	0	

(7)(111)	4.00	(35)3	(6)1	0.00	0	

(8)(1100)	4.00	(74)13	(69)2	0.00	0	

(9)(1000)	3.00	(37)24	(72)1	(40)1	0.00	0	

(10)(1100)	3.00	(26)1	(18)1	(48)22	0.00	0	

(11)(1000)	4.00	(58)17	(14)1	0.00	0	

(12)(1100)	3.00	(14)6	(34)29	(15)2	0.00	0	

(13)(1100)	2.00	(55)20	0.00	0	

(14)(1100)	2.00	(26)38	(14)8	0.00	0	

(15)(123)	2.00	(11)10	13.00	0	

(16)(352)	2.00	(18)1	(76)4	(15)2	0.00	0	

(17)(1100)	2.00	(70)11	(62)3	(48)3	0.00	0	

(18)(1100)	2.00	(41)23	(67)2	(23)1	0.00	0	

(19)(352)	2.00	(26)2	(74)4	4.00	0	

(20)(1100)	2.00	(32)28	(34)6	0.00	0	

(21)(1000)	2.00	(68)10	(32)10	0.00	0	

(22)(1100)	1.00	(55)8	(15)44	0.00	0	

(23)(1000)	2.00	(47)2	(32)1	(23)38	0.00	0	

(24)(1000)	1.00	(47)19	(23)4	(15)1	0.00	0	

(25)(1100)	1.00	(30)29	(23)10	0.00	0	

(26)(1100)	2.00	(51)1	(71)3	(38)22	0.00	0	

(27)(1100)	2.00	(37)1	(51)19	(67)1	(27)1	0.00	0	

(28)(1100)	2.00	(40)2	(30)1	(36)23	(27)6	0.00	0	

(29)(1000)	1.00	(23)1	(80)1	(69)13	0.00	0	

(30)(1000)	2.00	(40)16	(30)12	0.00	0	

(31)(1000)	1.00	(14)1	(76)1	(65)14	0.00	0	

(34)(1100)	1.00	(55)8	(44)15	0.00	660	

(36)(352)	1.00	(30)1	(71)4	(38)1	0.00	0	

(38)(1100)	1.00	(79)4	(41)1	(18)3	(9)36	(73)5	0.00	0	

(41)(123)	4.00	(74)1	(48)1	1.00	0	
max retalho: 4

(0)(1100)	6.00	(59)18	38.00	0	

(1)(1100)	6.00	(62)17	46.00	0	

(2)(1100)	3.00	(72)15	20.00	0	

(3)(1100)	3.00	(80)13	60.00	0	

(4)(1100)	2.00	(51)21	29.00	0	

(5)(1100)	2.00	(67)16	28.00	0	

(6)(1100)	2.00	(27)40	20.00	0	

(7)(1100)	2.00	(40)27	20.00	0	

(8)(1100)	1.00	(71)15	35.00	0	

(9)(1100)	1.00	(74)14	64.00	0	

(10)(1100)	1.00	(5)42	(6)9	(44)19	0.00	836	

(11)(1100)	1.00	(30)22	440.00	0	

(12)(1100)	1.00	(18)47	254.00	0	

(13)(1100)	1.00	(37)16	508.00	0	

(14)(1100)	1.00	(55)11	495.00	0	

(15)(1100)	1.00	(26)22	528.00	0	

(16)(1100)	1.00	(58)7	694.00	0	

(17)(1100)	1.00	(47)15	395.00	0	

(18)(1100)	1.00	(48)12	524.00	0	

(19)(1100)	1.00	(36)27	128.00	0	

(20)(1100)	1.00	(41)14	526.00	0	

(21)(1100)	1.00	(14)47	442.00	0	

(22)(1100)	1.00	(15)42	470.00	0	

(23)(1100)	1.00	(32)11	748.00	0	

(24)(1100)	1.00	(79)4	784.00	0	

(25)(1000)	1.00	(68)1	(35)5	(7)12	(27)1	(6)5	(44)14	0.00	616	

(27)(1100)	1.00	(34)4	(11)3	(69)2	(27)1	(6)3	(44)17	0.00	748	

(29)(1100)	1.00	(38)7	834.00	0	
max retalho: 1

(0)(1100)	1.00	(44)25	0.00	0	

(1)(1100)	1.00	(71)11	319.00	0	

(2)(1100)	1.00	(51)14	386.00	0	

(3)(1000)	1.00	(72)6	(23)4	(80)3	(59)4	0.00	0	

(4)(1100)	1.00	(70)3	(74)4	(62)7	(40)4	0.00	0	
max retalho: 1

(0)(1100)	1.00	(44)20	220.00	0	

(1)(1100)	1.00	(76)3	(67)6	(59)4	(6)34	30.00	0	
max retalho: 1

(0)(1100)	1.00	(72)1	(74)3	(67)1	(27)7	0	550	
Sobra Total: 3410.00
Perda Total: 9801.00

Total Barras Cortadas:
Barra (1000) : 18
Barra (1100) : 83
Barra (123) : 6
Barra (352) : 5
Barra (111) : 4

Retalhos Gerados:
Retalho (44) : 15
Retalho (44) : 19
Retalho (44) : 14
Retalho (44) : 17
Retalho (550) : 1

7 Soluções

Saida Arquivo/Entrada/Class5/D5d3.txt

Minimizar a Perda Total
max retalho: 5

(0)(1000)	7.00	(37)1	(51)11	(67)6	0.00	0	

(1)(1100)	7.00	(58)1	(74)13	(80)1	0.00	0	

(2)(1000)	7.00	(62)7	(48)11	(38)1	0.00	0	

(3)(1000)	5.00	(72)6	(40)1	(30)2	(36)13	0.00	0	

(4)(1100)	4.00	(40)14	(27)20	0.00	0	

(5)(1100)	4.00	(71)1	(59)11	(38)10	0.00	0	

(6)(1000)	4.00	(41)14	(71)6	0.00	0	

(7)(1000)	4.00	(70)1	(58)5	(80)8	0.00	0	

(8)(1100)	4.00	(23)1	(59)18	(15)1	0.00	0	

(9)(1100)	3.00	(37)1	(62)16	(71)1	0.00	0	

(10)(1100)	3.00	(14)6	(34)29	(15)2	0.00	0	

(11)(111)	3.00	(5)1	(7)1	(9)11	0.00	0	

(12)(1100)	3.00	(58)16	(62)2	(48)1	0.00	0	

(13)(1100)	2.00	(37)28	(14)1	(23)1	(27)1	0.00	0	

(14)(1100)	2.00	(26)39	(14)4	(15)2	0.00	0	

(15)(1000)	2.00	(32)27	(34)4	0.00	0	

(16)(1100)	2.00	(55)11	(15)33	0.00	0	

(17)(1100)	2.00	(55)20	0.00	0	

(18)(1000)	2.00	(47)19	(23)4	(15)1	0.00	0	

(19)(1000)	2.00	(26)1	(14)1	(30)32	0.00	0	

(20)(352)	1.00	(44)8	0.00	0	

(21)(1100)	1.00	(70)11	(62)3	(48)3	0.00	0	

(22)(1100)	1.00	(74)1	(80)2	(69)12	(38)1	0.00	0	

(23)(1100)	1.00	(68)11	(32)11	0.00	0	

(24)(1100)	1.00	(72)13	(40)2	(30)1	(27)2	0.00	0	

(25)(1000)	1.00	(34)1	(23)42	0.00	0	

(26)(1100)	2.00	(40)16	(23)20	0.00	0	

(27)(352)	1.00	(5)9	(15)1	(73)4	0.00	0	

(28)(1100)	1.00	(44)25	0.00	0	

(29)(123)	1.00	(5)24	3.00	0	

(30)(352)	1.00	(35)2	(14)1	(11)23	(15)1	0.00	0	

(32)(1100)	1.00	(30)1	(18)55	(80)1	0.00	0	

(36)(1100)	1.00	(79)8	(76)4	(65)2	(34)1	0.00	0	

(38)(1100)	1.00	(37)1	(51)19	(67)1	(27)1	0.00	0	

(41)(123)	5.00	(76)1	(44)1	3.00	44	
max retalho: 5

(13)(1100)	1.00	(32)24	332.00	0	

(14)(1100)	1.00	(69)11	341.00	0	

(15)(1100)	1.00	(71)5	745.00	0	

(16)(1100)	1.00	(48)5	860.00	0	

(17)(1100)	1.00	(36)8	812.00	0	

(18)(1100)	1.00	(27)18	614.00	0	

(19)(1100)	1.00	(6)55	770.00	0	

(20)(1100)	1.00	(41)5	895.00	0	

(21)(1100)	1.00	(34)6	896.00	0	

(22)(1100)	1.00	(15)13	905.00	0	
max retalho: 5

(0)(1100)	1.00	(68)10	420.00	0	

(1)(1100)	1.00	(72)12	236.00	0	

(2)(1100)	1.00	(62)9	542.00	0	

(3)(1100)	1.00	(65)12	320.00	0	

(4)(1100)	1.00	(44)10	660.00	0	

(5)(1100)	1.00	(26)25	450.00	0	

(6)(1100)	1.00	(70)10	400.00	0	

(7)(1100)	1.00	(35)15	575.00	0	

(8)(1100)	1.00	(14)55	330.00	0	

(9)(1100)	1.00	(37)23	249.00	0	

(10)(1100)	1.00	(55)5	825.00	0	

(12)(1100)	1.00	(76)3	872.00	0	
max retalho: 5

(0)(1000)	1.00	(5)6	(74)1	(40)2	(30)2	(7)9	(9)3	(67)3	(23)1	(80)1	(38)4	(73)1	0	137	
Sobra Total: 357.00
Perda Total: 13067.00

Total Barras Cortadas:
Barra (1000) : 35
Barra (1100) : 68
Barra (123) : 6
Barra (352) : 3
Barra (111) : 3

Retalhos Gerados:
Retalho (44) : 5
Retalho (137) : 1

10 Soluções

Saida Arquivo/Entrada/Class5/D5d3.txt

Minimizar a Perda Total
max retalho: 5

(4)(1100)	1.00	(55)11	(44)10	(48)1	7.00	0	

(5)(1100)	4.00	(40)20	(30)1	(27)10	0.00	0	

(6)(1000)	4.00	(70)6	(58)10	0.00	0	

(7)(1000)	4.00	(48)20	(38)1	2.00	0	

(8)(1000)	3.00	(72)3	(40)1	(30)2	(36)19	0.00	0	

(9)(1000)	3.00	(26)1	(72)13	(38)1	0.00	0	

(10)(1100)	3.00	(14)6	(34)29	(15)2	0.00	0	

(11)(1100)	3.00	(37)1	(23)1	(80)13	0.00	0	

(12)(1100)	3.00	(40)2	(30)16	(27)20	0.00	0	

(13)(1000)	2.00	(32)27	(34)4	0.00	0	

(14)(1100)	2.00	(26)40	(30)1	(15)2	0.00	0	

(15)(1100)	3.00	(51)1	(41)10	(71)9	0.00	0	

(16)(352)	2.00	(30)1	(18)1	(76)4	0.00	0	

(17)(1100)	2.00	(58)16	(62)2	(48)1	0.00	0	

(18)(1000)	2.00	(47)19	(23)4	(15)1	0.00	0	

(19)(1100)	1.00	(37)1	(41)19	(71)4	0.00	0	

(20)(1100)	1.00	(74)1	(80)2	(69)12	(38)1	0.00	0	

(21)(1100)	1.00	(68)11	(32)11	0.00	0	

(22)(1000)	2.00	(34)1	(23)42	0.00	0	

(23)(1100)	1.00	(38)25	(15)10	0.00	0	

(24)(1100)	2.00	(55)14	(15)22	0.00	0	

(25)(1000)	1.00	(26)4	(14)64	0.00	0	

(26)(352)	1.00	(14)2	(9)36	0.00	0	

(27)(352)	1.00	(6)55	22.00	0	

(28)(1100)	1.00	(35)11	(5)42	(18)1	(7)12	(23)1	(15)1	(73)5	0.00	0	

(30)(1100)	1.00	(37)11	(67)10	(23)1	0.00	0	

(31)(1100)	1.00	(79)8	(76)4	(65)2	(34)1	0.00	0	

(33)(1100)	1.00	(37)26	(72)1	(30)1	(36)1	0.00	0	
max retalho: 5

(0)(1100)	6.00	(74)14	64.00	0	

(1)(1100)	6.00	(62)17	46.00	0	

(2)(1100)	6.00	(59)18	38.00	0	

(3)(1100)	4.00	(51)21	29.00	0	

(4)(123)	2.00	(11)9	(15)1	9.00	0	

(5)(1100)	2.00	(67)16	28.00	0	

(6)(1100)	1.00	(37)29	27.00	0	

(7)(1100)	1.00	(55)20	0.00	0	

(8)(123)	1.00	(14)2	(80)1	(15)1	0.00	0	

(9)(1100)	1.00	(71)5	745.00	0	

(10)(1100)	1.00	(18)52	164.00	0	

(24)(1100)	1.00	(26)1	(34)2	(27)3	(44)21	1.00	924	

(25)(123)	1.00	(34)3	(15)1	6.00	0	

(31)(1100)	1.00	(70)1	(58)3	(35)6	(40)7	(30)1	(48)5	(36)1	(15)4	0.00	0	
max retalho: 4

(0)(111)	2.00	(55)1	(44)1	12.00	0	

(1)(1100)	2.00	(44)17	(32)11	0.00	0	

(2)(1100)	1.00	(68)4	(41)12	(32)1	(38)8	0.00	0	

(3)(123)	1.00	(51)1	(40)1	(32)1	0.00	0	

(4)(1000)	1.00	(62)9	(11)4	(36)11	2.00	0	

(7)(1000)	1.00	(65)12	(44)5	0.00	0	

(8)(1100)	1.00	(68)5	(69)11	1.00	0	

(9)(1100)	1.00	(26)6	(72)2	(30)13	(80)1	(15)22	0.00	0	

(10)(123)	1.00	(51)2	(11)1	10.00	0	
max retalho: 4

(0)(1100)	1.00	(74)8	508.00	0	

(1)(1100)	1.00	(59)8	628.00	0	

(2)(1100)	1.00	(37)20	360.00	0	

(3)(1100)	1.00	(38)11	682.00	0	

(5)(1100)	1.00	(51)6	794.00	0	

(6)(1100)	1.00	(26)11	814.00	0	

(9)(1100)	1.00	(55)6	770.00	0	
max retalho: 4

(1)(111)	1.00	(68)1	(30)1	13.00	0	

(6)(352)	1.00	(72)3	(67)2	2.00	0	
max retalho: 4

(0)(1000)	1.00	(72)1	(67)2	(44)4	(36)3	0	510	
Sobra Total: 1434.00
Perda Total: 6666.00

Total Barras Cortadas:
Barra (1000) : 24
Barra (1100) : 73
Barra (123) : 6
Barra (352) : 5
Barra (111) : 3

Retalhos Gerados:
Retalho (44) : 21
Retalho (510) : 1
