
4 Soluções

Saida Arquivo/Entrada/Class5/D5d4.txt

Minimizar a Perda Total
max retalho: 5

(10)(1000)	5.00	(77)8	(16)1	(57)6	(13)2	0.00	0	

(11)(1100)	5.00	(56)15	(24)1	(59)4	0.00	0	

(12)(1000)	4.00	(66)1	(74)12	(46)1	0.00	0	

(13)(1000)	4.00	(81)4	(70)9	(46)1	0.00	0	

(14)(1100)	3.00	(28)1	(67)16	0.00	0	

(15)(326)	3.00	(78)1	(61)4	4.00	0	

(16)(1100)	3.00	(49)1	(37)25	(63)2	0.00	0	

(17)(1100)	3.00	(35)4	(16)1	(34)27	(13)2	0.00	0	

(18)(1000)	2.00	(68)11	(35)1	(34)6	(13)1	0.00	0	

(19)(1100)	2.00	(45)21	(35)3	(16)1	(34)1	0.00	0	

(20)(1100)	3.00	(55)20	0.00	0	

(21)(1100)	2.00	(28)21	(78)5	(61)2	0.00	0	

(22)(1100)	2.00	(41)20	(34)1	(82)3	0.00	0	

(23)(1100)	3.00	(56)1	(41)1	(59)17	0.00	0	

(24)(1000)	2.00	(58)17	(13)1	1.00	0	

(25)(1000)	2.00	(78)5	(61)10	0.00	0	

(26)(1100)	2.00	(77)3	(16)1	(30)28	(13)1	0.00	0	

(27)(1000)	1.00	(16)44	(64)3	(13)8	0.00	0	

(28)(1000)	1.00	(49)2	(82)11	0.00	0	

(29)(1000)	1.00	(26)2	(32)18	(23)16	4.00	0	

(30)(1100)	1.00	(28)4	(64)13	(13)12	0.00	0	

(31)(1000)	1.00	(77)1	(60)1	(49)17	(30)1	0.00	0	

(33)(112)	1.00	(9)11	(13)1	0.00	0	

(36)(100)	1.00	(12)5	(5)7	5.00	0	

(41)(1000)	4.00	(24)1	(16)1	(53)17	(59)1	0.00	0	

(43)(326)	1.00	(77)1	(24)3	(30)4	(57)1	0.00	0	
max retalho: 5

(0)(1100)	7.00	(81)13	47.00	0	

(1)(1100)	6.00	(71)15	35.00	0	

(2)(1100)	5.00	(60)18	20.00	0	

(3)(1100)	5.00	(78)14	8.00	0	

(4)(1100)	5.00	(66)16	44.00	0	

(5)(100)	5.00	(26)1	(74)1	0.00	0	

(6)(1100)	4.00	(77)14	22.00	0	

(7)(1100)	4.00	(63)17	29.00	0	

(8)(112)	3.00	(28)4	0.00	0	

(9)(1100)	3.00	(61)18	2.00	0	

(10)(1000)	3.00	(5)16	(46)20	0.00	920	

(11)(1100)	2.00	(53)20	40.00	0	

(12)(1100)	1.00	(59)18	38.00	0	

(13)(112)	1.00	(16)6	(13)1	3.00	0	

(14)(1100)	1.00	(56)19	36.00	0	

(15)(1100)	1.00	(30)36	20.00	0	

(16)(1100)	1.00	(49)22	22.00	0	

(17)(1100)	1.00	(57)17	131.00	0	

(18)(1100)	1.00	(41)14	526.00	0	

(19)(1100)	1.00	(45)11	605.00	0	

(20)(1100)	1.00	(35)22	330.00	0	

(21)(1100)	1.00	(67)15	95.00	0	

(22)(1100)	1.00	(55)10	550.00	0	

(23)(1100)	1.00	(24)36	236.00	0	

(24)(1100)	1.00	(37)23	249.00	0	

(26)(1100)	1.00	(68)8	556.00	0	

(28)(1100)	1.00	(23)18	686.00	0	

(29)(100)	1.00	(70)1	(30)1	0.00	0	

(30)(1100)	1.00	(64)6	716.00	0	

(31)(100)	1.00	(5)1	(9)1	(82)1	4.00	0	

(34)(100)	1.00	(33)1	(5)1	(20)3	2.00	0	
max retalho: 4

(0)(1100)	2.00	(46)23	42.00	0	

(1)(1100)	1.00	(78)9	398.00	0	

(2)(1100)	1.00	(59)17	97.00	0	

(3)(1100)	1.00	(60)15	200.00	0	

(4)(1100)	1.00	(26)25	450.00	0	

(5)(1100)	1.00	(71)9	461.00	0	

(6)(1100)	1.00	(13)41	567.00	0	

(7)(1100)	1.00	(56)10	540.00	0	

(15)(112)	1.00	(66)1	(16)1	(5)6	0.00	0	
max retalho: 4

(4)(1100)	1.00	(30)11	770.00	0	

(5)(1100)	1.00	(33)6	902.00	0	
max retalho: 4

(0)(1100)	1.00	(81)4	776.00	0	

(1)(1100)	1.00	(66)2	(58)3	(49)1	(28)1	(16)9	(63)3	(46)2	(82)2	(61)2	6.00	0	

(2)(1100)	1.00	(77)4	792.00	0	
max retalho: 4

(0)(1000)	1.00	(46)12	0	448	
Sobra Total: 3208.00
Perda Total: 12060.00

Total Barras Cortadas:
Barra (1000) : 31
Barra (1100) : 99
Barra (112) : 6
Barra (326) : 4
Barra (100) : 9

Retalhos Gerados:
Retalho (46) : 60
Retalho (448) : 1

7 Soluções

Saida Arquivo/Entrada/Class5/D5d4.txt

Minimizar a Perda Total
max retalho: 5

(10)(1100)	4.00	(35)1	(55)9	(57)10	0.00	0	

(11)(1100)	4.00	(66)16	(28)1	(16)1	0.00	0	

(12)(1100)	4.00	(64)5	(78)9	(13)6	0.00	0	

(13)(1000)	4.00	(66)1	(74)12	(46)1	0.00	0	

(14)(1100)	4.00	(56)1	(41)1	(59)17	0.00	0	

(15)(1000)	3.00	(16)1	(41)12	(82)6	0.00	0	

(16)(1100)	3.00	(37)26	(16)1	(61)2	0.00	0	

(17)(1100)	2.00	(68)10	(16)1	(30)1	(34)11	0.00	0	

(18)(1100)	2.00	(70)15	(37)1	(13)1	0.00	0	

(19)(1000)	2.00	(58)17	(13)1	1.00	0	

(20)(1100)	2.00	(60)7	(34)20	0.00	0	

(21)(1100)	2.00	(55)14	(57)1	(13)21	0.00	0	

(22)(1000)	1.00	(77)12	(16)1	(30)2	0.00	0	

(23)(1100)	1.00	(49)21	(28)1	(30)1	(13)1	0.00	0	

(24)(1100)	1.00	(35)11	(28)19	(61)3	0.00	0	

(25)(1100)	1.00	(77)1	(45)19	(24)7	0.00	0	

(26)(326)	1.00	(37)1	(13)1	(46)6	0.00	276	

(27)(1000)	2.00	(24)1	(61)16	0.00	0	

(28)(1100)	2.00	(16)1	(30)28	(61)4	0.00	0	

(29)(326)	1.00	(37)2	(28)9	0.00	0	

(30)(326)	1.00	(16)1	(5)62	0.00	0	

(31)(1000)	1.00	(26)2	(32)18	(20)3	(23)13	(13)1	0.00	0	

(32)(326)	1.00	(33)6	(16)1	(9)12	4.00	0	

(33)(112)	1.00	(33)1	(12)5	(16)1	3.00	0	

(34)(1100)	1.00	(35)19	(28)9	(61)3	0.00	0	

(38)(1100)	1.00	(24)39	(41)4	0.00	0	

(40)(1100)	2.00	(16)2	(30)1	(61)17	1.00	0	
max retalho: 4

(0)(1100)	8.00	(81)13	47.00	0	

(1)(1100)	6.00	(77)14	22.00	0	

(2)(1100)	6.00	(71)15	35.00	0	

(3)(1100)	5.00	(56)19	36.00	0	

(4)(1100)	5.00	(53)20	40.00	0	

(5)(1100)	5.00	(60)18	20.00	0	

(6)(1100)	4.00	(78)14	8.00	0	

(7)(1100)	4.00	(63)17	29.00	0	

(8)(1100)	3.00	(67)16	28.00	0	

(9)(1100)	2.00	(59)18	38.00	0	

(10)(100)	1.00	(28)1	(16)1	(55)1	1.00	0	

(11)(1100)	1.00	(45)24	20.00	0	

(12)(1100)	1.00	(30)36	20.00	0	

(13)(1100)	1.00	(66)16	44.00	0	

(14)(1100)	1.00	(34)32	12.00	0	

(15)(1100)	1.00	(49)22	22.00	0	

(16)(1100)	1.00	(61)6	734.00	0	

(17)(1100)	1.00	(70)7	610.00	0	

(18)(1100)	1.00	(37)15	545.00	0	

(19)(1100)	1.00	(41)13	567.00	0	

(20)(1100)	1.00	(26)30	320.00	0	

(21)(1100)	1.00	(68)10	420.00	0	

(22)(1100)	1.00	(23)21	617.00	0	

(24)(1100)	1.00	(74)5	730.00	0	

(26)(112)	1.00	(13)8	8.00	0	

(27)(1100)	1.00	(57)6	758.00	0	

(32)(1100)	1.00	(58)3	(5)1	(46)20	1.00	0	

(33)(326)	1.00	(35)8	(46)1	0.00	0	

10 Soluções

Saida Arquivo/Entrada/Class5/D5d4.txt

Minimizar a Perda Total
max retalho: 5

(12)(1000)	4.00	(66)1	(74)12	(46)1	0.00	0	

(13)(1100)	4.00	(45)1	(37)20	(63)5	0.00	0	

(14)(1100)	5.00	(56)19	(35)1	1.00	0	

(15)(1000)	4.00	(66)14	(30)1	(46)1	0.00	0	

(16)(1100)	3.00	(28)1	(64)3	(55)16	0.00	0	

(17)(1100)	3.00	(60)18	20.00	0	

(18)(1000)	3.00	(28)1	(16)18	(57)12	0.00	0	

(19)(1100)	2.00	(60)5	(49)16	(16)1	0.00	0	

(20)(1100)	3.00	(16)1	(63)17	(13)1	0.00	0	

(21)(1000)	2.00	(56)1	(58)16	(16)1	0.00	0	

(22)(1000)	2.00	(35)18	(28)1	(57)6	0.00	0	

(23)(112)	2.00	(33)3	13.00	0	

(24)(100)	1.00	(33)1	(9)7	4.00	0	

(25)(1100)	2.00	(30)28	(13)20	0.00	0	

(26)(1100)	1.00	(41)26	(13)2	8.00	0	

(27)(1000)	1.00	(24)28	(63)5	(13)1	0.00	0	

(28)(1000)	2.00	(16)1	(41)6	(82)9	0.00	0	

(29)(1100)	2.00	(60)17	(41)1	(13)3	0.00	0	

(30)(1100)	1.00	(28)36	(78)1	(13)1	1.00	0	

(31)(1100)	1.00	(28)3	(64)9	(55)8	0.00	0	

(32)(1100)	2.00	(45)17	(60)1	(49)5	(30)1	0.00	0	

(33)(1000)	1.00	(26)1	(5)63	(32)18	(23)3	(13)1	1.00	0	

(37)(1000)	1.00	(24)2	(34)28	0.00	0	
