
4 Soluções

Saida Arquivo/Entrada/Class5/D5d5.txt

Minimizar a Perda Total
max retalho: 5

(0)(1000)	8.00	(31)1	(81)10	(53)3	0.00	0	

(1)(1100)	8.00	(56)7	(24)1	(76)9	0.00	0	

(2)(1000)	7.00	(14)2	(72)11	(60)3	0.00	0	

(3)(1100)	6.00	(72)4	(60)13	(32)1	0.00	0	

(4)(1000)	5.00	(54)16	(31)1	(35)3	0.00	0	

(5)(1100)	5.00	(20)1	(39)20	(22)3	(78)3	0.00	0	

(6)(1100)	5.00	(64)15	(20)1	(21)2	(14)1	(32)2	0.00	0	

(7)(1100)	5.00	(24)1	(18)1	(22)2	(78)13	0.00	0	

(8)(1100)	5.00	(58)1	(81)2	(80)11	0.00	0	

(9)(1100)	4.00	(52)20	(14)3	(18)1	0.00	0	

(10)(1100)	4.00	(35)7	(57)15	0.00	0	

(11)(1100)	4.00	(58)18	(24)1	(32)1	0.00	0	

(12)(1100)	3.00	(14)1	(72)2	(60)1	(49)18	0.00	0	

(13)(1000)	3.00	(52)2	(42)18	(21)6	(14)1	0.00	0	

(14)(95)	3.00	(24)1	(69)1	2.00	0	

(15)(1100)	2.00	(31)34	(14)2	(18)1	0.00	0	

(16)(336)	3.00	(24)14	0.00	0	

(17)(108)	2.00	(47)2	(14)1	0.00	0	

(18)(1100)	2.00	(24)9	(55)16	4.00	0	

(19)(1000)	2.00	(83)1	(43)20	(57)1	0.00	0	

(20)(108)	2.00	(25)1	(16)5	3.00	0	

(21)(1100)	2.00	(52)1	(21)2	(14)1	(32)31	0.00	0	

(22)(1100)	2.00	(20)44	(55)2	(22)5	0.00	0	

(23)(1100)	1.00	(20)2	(53)20	0.00	0	

(24)(1100)	1.00	(24)10	(83)8	(49)4	0.00	0	

(25)(1000)	1.00	(56)17	(24)2	0.00	0	

(26)(336)	2.00	(47)1	(25)11	(14)1	0.00	0	

(27)(1000)	1.00	(49)2	(51)16	(43)2	0.00	0	

(28)(1000)	1.00	(68)9	(28)4	(69)4	0.00	0	

(29)(1000)	1.00	(18)47	(22)7	0.00	0	

(30)(1100)	1.00	(55)6	(22)35	0.00	0	

(31)(95)	1.00	(20)1	(47)1	(7)4	0.00	0	

(38)(336)	2.00	(28)7	(69)2	2.00	0	
max retalho: 5

(0)(1100)	1.00	(75)8	500.00	0	

(1)(1100)	1.00	(52)17	216.00	0	

(2)(1100)	1.00	(54)12	452.00	0	

(3)(1100)	1.00	(42)8	764.00	0	

(4)(1100)	1.00	(31)33	77.00	0	

(5)(1100)	1.00	(56)11	484.00	0	

(6)(1100)	1.00	(47)6	818.00	0	

(7)(1100)	1.00	(81)4	776.00	0	

(8)(1100)	1.00	(83)7	519.00	0	

(9)(1100)	1.00	(72)5	740.00	0	

(10)(1100)	1.00	(60)6	740.00	0	

(11)(1100)	1.00	(49)14	414.00	0	

(12)(1100)	1.00	(51)7	743.00	0	

(13)(1100)	1.00	(53)19	93.00	0	

(14)(1100)	1.00	(55)6	770.00	0	

(15)(1100)	1.00	(43)7	799.00	0	

(16)(1100)	1.00	(80)8	460.00	0	

(17)(1100)	1.00	(57)8	644.00	0	

(18)(1100)	1.00	(21)39	281.00	0	

(19)(1100)	1.00	(14)38	568.00	0	

(20)(1100)	1.00	(64)4	844.00	0	

(21)(1100)	1.00	(39)7	827.00	0	

(22)(1100)	1.00	(24)11	836.00	0	

(23)(1100)	1.00	(79)3	863.00	0	

(24)(1100)	1.00	(28)9	848.00	0	

(26)(1100)	1.00	(58)4	868.00	0	

(30)(336)	1.00	(20)4	(10)1	(25)1	(16)1	(32)4	(22)2	(11)3	0.00	0	

(32)(1100)	1.00	(76)3	872.00	0	
max retalho: 5

(2)(1100)	1.00	(78)1	1022.00	0	

(3)(108)	1.00	(68)1	(35)1	5.00	0	
max retalho: 5

(0)(1000)	1.00	(10)7	(68)1	(35)4	(18)9	(22)4	0	472	
Sobra Total: 472.00
Perda Total: 17867.00

Total Barras Cortadas:
Barra (1000) : 30
Barra (1100) : 88
Barra (108) : 5
Barra (336) : 8
Barra (95) : 4

Retalhos Gerados:
Retalho (472) : 1

7 Soluções

Saida Arquivo/Entrada/Class5/D5d5.txt

Minimizar a Perda Total
max retalho: 5

(0)(1100)	13.00	(54)5	(14)1	(72)8	(60)4	0.00	0	

(1)(1100)	8.00	(56)7	(24)1	(76)9	0.00	0	

(2)(1100)	6.00	(64)10	(52)1	(14)4	(32)11	0.00	0	

(3)(1100)	6.00	(24)1	(81)12	(51)1	(53)1	0.00	0	

(4)(1100)	5.00	(58)1	(81)2	(80)11	0.00	0	

(5)(1100)	5.00	(52)19	(21)4	(14)2	0.00	0	

(6)(1100)	5.00	(42)2	(20)1	(21)1	(39)21	(78)2	0.00	0	

(7)(108)	5.00	(24)4	12.00	0	

(8)(1000)	4.00	(42)1	(22)1	(78)12	0.00	0	

(9)(1100)	4.00	(31)26	(35)8	(14)1	0.00	0	

(10)(95)	4.00	(24)1	(69)1	2.00	0	

(11)(336)	3.00	(24)14	0.00	0	

(12)(1000)	3.00	(35)1	(14)1	(60)13	(57)3	0.00	0	

(13)(1100)	3.00	(60)2	(49)20	0.00	0	

(14)(1100)	3.00	(35)1	(32)3	(57)17	0.00	0	

(15)(1100)	3.00	(31)1	(56)3	(53)17	0.00	0	

(16)(336)	3.00	(42)3	(21)10	0.00	0	

(17)(1000)	3.00	(42)13	(21)2	(22)1	(78)5	0.00	0	

(18)(1100)	2.00	(21)2	(55)19	13.00	0	

(19)(1000)	3.00	(21)1	(58)16	(51)1	0.00	0	

(20)(1100)	2.00	(24)2	(14)1	(49)1	(43)23	0.00	0	

(21)(1100)	2.00	(20)44	(22)10	0.00	0	

(22)(336)	1.00	(28)12	0.00	0	

(23)(1100)	1.00	(54)1	(83)10	(72)3	0.00	0	

(24)(1100)	1.00	(54)19	(35)1	(39)1	0.00	0	

(25)(1100)	1.00	(20)11	(22)40	0.00	0	

(26)(1000)	1.00	(68)9	(28)4	(69)4	0.00	0	

(27)(1100)	1.00	(18)55	(22)5	0.00	0	

(28)(1100)	1.00	(31)1	(20)1	(79)3	(58)14	0.00	0	

(31)(1100)	1.00	(21)1	(56)17	(51)1	(76)1	0.00	0	

(32)(1100)	1.00	(58)4	(47)13	(14)2	(16)11	(53)1	0.00	0	

(33)(1000)	1.00	(64)15	(18)1	(22)1	0.00	0	
max retalho: 5

(0)(1100)	1.00	(31)6	(21)2	(10)8	(68)2	(56)2	(39)1	(18)4	(7)4	(76)2	(43)3	(22)1	(11)3	(69)1	0.00	0	

(1)(1100)	1.00	(64)4	844.00	0	

(2)(1100)	1.00	(52)4	892.00	0	

(3)(1100)	1.00	(54)7	722.00	0	

(4)(1100)	1.00	(75)8	500.00	0	

(5)(1100)	1.00	(58)10	520.00	0	

(6)(1100)	1.00	(35)9	785.00	0	

(7)(1100)	1.00	(24)19	644.00	0	

(8)(1100)	1.00	(25)25	475.00	0	

(9)(1100)	1.00	(14)27	722.00	0	

(10)(1100)	1.00	(81)12	128.00	0	

(11)(1100)	1.00	(83)7	519.00	0	

(12)(1100)	1.00	(72)5	740.00	0	

(13)(1100)	1.00	(60)11	440.00	0	

(14)(1100)	1.00	(49)12	512.00	0	

(15)(1100)	1.00	(51)13	437.00	0	

(16)(1100)	1.00	(28)11	792.00	0	

(17)(1100)	1.00	(53)5	835.00	0	

(18)(1100)	1.00	(55)10	550.00	0	

(19)(1100)	1.00	(32)11	748.00	0	

(20)(1100)	1.00	(78)8	476.00	0	

(21)(1100)	1.00	(80)8	460.00	0	

(22)(1100)	1.00	(57)10	530.00	0	
max retalho: 5

(0)(1000)	1.00	(18)7	(22)9	(69)2	0	538	
Sobra Total: 538.00
Perda Total: 13365.00

Total Barras Cortadas:
Barra (1000) : 16
Barra (1100) : 97
Barra (108) : 5
Barra (336) : 7
Barra (95) : 4

Retalhos Gerados:
Retalho (538) : 1

10 Soluções

Saida Arquivo/Entrada/Class5/D5d5.txt

Minimizar a Perda Total
max retalho: 5

(0)(1100)	14.00	(54)3	(14)1	(72)7	(60)7	0.00	0	

(1)(1100)	8.00	(56)7	(24)1	(76)9	0.00	0	

(2)(1100)	6.00	(24)1	(81)12	(51)1	(53)1	0.00	0	

(3)(336)	6.00	(42)8	0.00	0	

(4)(1100)	5.00	(58)1	(81)2	(80)11	0.00	0	

(5)(1000)	5.00	(21)2	(22)1	(78)12	0.00	0	

(6)(1100)	5.00	(42)2	(20)1	(21)1	(39)19	(78)3	0.00	0	

(7)(1100)	4.00	(52)20	(21)2	(18)1	0.00	0	

(8)(1100)	4.00	(35)1	(32)3	(57)17	0.00	0	

(9)(1100)	4.00	(58)18	(24)1	(32)1	0.00	0	

(10)(95)	4.00	(21)1	(24)3	2.00	0	

(11)(1100)	4.00	(64)16	(21)1	(55)1	0.00	0	

(12)(1000)	3.00	(64)5	(52)2	(32)18	0.00	0	

(13)(1100)	3.00	(60)2	(49)20	0.00	0	

(14)(1100)	3.00	(31)1	(56)3	(53)17	0.00	0	

(15)(1100)	3.00	(31)34	(14)1	(32)1	0.00	0	

(16)(108)	3.00	(39)1	(69)1	0.00	0	

(17)(1100)	2.00	(54)18	(31)3	(35)1	0.00	0	

(18)(1100)	2.00	(20)22	(22)30	0.00	0	

(19)(1100)	2.00	(24)2	(14)1	(49)1	(43)23	0.00	0	

(20)(1100)	2.00	(55)20	0.00	0	

(21)(1100)	1.00	(54)1	(24)6	(83)10	(72)1	0.00	0	

(22)(1000)	1.00	(35)27	(55)1	0.00	0	

(23)(336)	1.00	(28)12	0.00	0	

(24)(1000)	1.00	(42)2	(21)1	(14)50	(39)5	0.00	0	

(25)(1000)	1.00	(20)2	(24)40	0.00	0	

(26)(1000)	1.00	(68)9	(28)4	(69)4	0.00	0	

(27)(1100)	1.00	(18)55	(22)5	0.00	0	

(28)(108)	1.00	(79)1	(7)4	1.00	0	

(29)(336)	1.00	(10)1	(25)6	(16)11	0.00	0	

(30)(108)	1.00	(25)1	(28)1	(22)1	(11)3	0.00	0	

(31)(1100)	1.00	(21)1	(56)17	(51)1	(76)1	0.00	0	

(32)(1100)	1.00	(54)4	(72)11	(60)1	(32)1	0.00	0	

(33)(1000)	1.00	(20)50	0.00	0	

(36)(1000)	1.00	(75)8	(47)6	(25)4	(18)1	0.00	0	

(39)(336)	1.00	(24)14	0.00	0	
max retalho: 5

(0)(1000)	1.00	(42)2	(31)3	(20)4	(10)7	(68)2	(56)2	(18)7	(55)1	(43)3	(57)2	1.00	0	

(1)(1100)	1.00	(79)2	942.00	0	

(2)(1100)	1.00	(39)4	944.00	0	

(3)(1100)	1.00	(76)2	948.00	0	

(5)(1100)	1.00	(58)4	868.00	0	

(6)(1100)	1.00	(47)7	771.00	0	

(7)(1100)	1.00	(35)15	575.00	0	

(8)(1100)	1.00	(24)9	884.00	0	

(9)(1100)	1.00	(25)14	750.00	0	

(10)(1100)	1.00	(14)16	876.00	0	

(11)(1100)	1.00	(81)12	128.00	0	

(12)(1100)	1.00	(83)7	519.00	0	

(13)(1100)	1.00	(72)2	956.00	0	

(14)(1100)	1.00	(60)3	920.00	0	

(15)(1100)	1.00	(49)12	512.00	0	

(16)(1100)	1.00	(51)16	284.00	0	

(17)(1100)	1.00	(52)19	112.00	0	

(18)(1100)	1.00	(28)10	820.00	0	

(19)(1100)	1.00	(21)38	302.00	0	

(20)(1100)	1.00	(53)6	782.00	0	

(21)(1100)	1.00	(32)12	716.00	0	

(22)(1100)	1.00	(22)12	836.00	0	

(23)(1100)	1.00	(78)6	632.00	0	

(24)(1100)	1.00	(80)8	460.00	0	

(25)(1100)	1.00	(69)4	824.00	0	
max retalho: 5

(0)(1100)	1.00	(54)9	(55)2	0	504	
Sobra Total: 504.00
Perda Total: 16371.00

Total Barras Cortadas:
Barra (1000) : 15
Barra (1100) : 100
Barra (108) : 5
Barra (336) : 9
Barra (95) : 4

Retalhos Gerados:
Retalho (504) : 1
