
4 Soluções

Saida Arquivo/Entrada/Class5/D5d6.txt

Minimizar a Perda Total
max retalho: 5

(0)(54)	9.00	(54)1	0.00	0	

(1)(1000)	8.00	(40)1	(12)1	(79)12	0.00	0	

(2)(1100)	7.00	(81)11	(48)1	(37)1	(62)2	0.00	0	

(3)(1100)	7.00	(29)1	(75)13	(48)2	0.00	0	

(4)(1100)	6.00	(82)13	(17)2	0.00	0	

(5)(1100)	6.00	(73)6	(14)1	(72)9	0.00	0	

(6)(1100)	6.00	(40)2	(47)1	(83)11	(30)2	0.00	0	

(7)(281)	5.00	(19)1	(47)1	(83)1	(72)1	(30)2	0.00	0	

(8)(52)	5.00	(40)1	(12)1	0.00	0	

(9)(1100)	4.00	(17)1	(65)3	(74)12	0.00	0	

(10)(1100)	4.00	(65)16	(12)1	(48)1	0.00	0	

(11)(1000)	3.00	(19)3	(47)17	(72)2	0.00	0	

(12)(1100)	3.00	(29)29	(37)7	0.00	0	

(13)(1100)	3.00	(19)1	(54)15	(12)3	(47)5	0.00	0	

(14)(1000)	3.00	(40)25	0.00	0	

(15)(1100)	3.00	(19)2	(43)24	(30)1	0.00	0	

(16)(1000)	3.00	(73)11	(19)9	(12)1	(14)1	0.00	0	

(17)(1100)	3.00	(19)1	(58)18	(37)1	0.00	0	

(18)(1100)	3.00	(48)22	(14)1	(30)1	0.00	0	

(19)(1100)	2.00	(40)2	(19)1	(77)13	0.00	0	

(20)(1100)	2.00	(52)1	(17)2	(39)26	0.00	0	

(21)(1100)	2.00	(65)1	(69)15	0.00	0	

(22)(1000)	2.00	(21)40	(10)16	0.00	0	

(23)(1100)	2.00	(12)1	(48)2	(62)16	0.00	0	

(24)(1100)	2.00	(61)18	2.00	0	

(25)(1100)	2.00	(17)1	(19)1	(12)2	(26)40	0.00	0	

(26)(1100)	2.00	(44)20	(10)22	0.00	0	

(27)(1100)	2.00	(50)22	0.00	0	

(28)(1000)	1.00	(52)16	(12)1	(26)6	0.00	0	

(29)(1100)	1.00	(29)1	(51)21	0.00	0	

(30)(1000)	1.00	(17)58	(14)1	0.00	0	

(31)(1100)	1.00	(17)1	(37)29	10.00	0	

(32)(1000)	1.00	(12)11	(14)62	0.00	0	

(33)(1000)	1.00	(19)1	(33)3	(18)49	0.00	0	

(34)(1100)	1.00	(77)8	(14)1	(41)10	(30)2	0.00	0	

(35)(52)	1.00	(17)1	(7)5	0.00	0	

(39)(1000)	1.00	(8)25	(16)50	0.00	0	
max retalho: 5

(2)(1000)	1.00	(61)3	(50)2	(8)7	(43)2	(44)4	(10)1	(26)6	(16)6	(83)1	(18)3	0.00	0	

(3)(1100)	1.00	(52)12	476.00	0	

(4)(1100)	1.00	(40)11	660.00	0	

(5)(1100)	1.00	(29)17	607.00	0	

(6)(1100)	1.00	(17)30	590.00	0	

(7)(1100)	1.00	(19)31	511.00	0	

(8)(1100)	1.00	(75)5	725.00	0	

(9)(1100)	1.00	(77)11	253.00	0	

(10)(1100)	1.00	(65)13	255.00	0	

(11)(1100)	1.00	(54)6	776.00	0	

(12)(1100)	1.00	(33)26	242.00	0	

(13)(1100)	1.00	(21)19	701.00	0	

(14)(1100)	1.00	(12)52	476.00	0	

(15)(1100)	1.00	(79)8	468.00	0	

(16)(1100)	1.00	(81)5	695.00	0	

(17)(1100)	1.00	(69)6	686.00	0	

(18)(1100)	1.00	(47)14	442.00	0	

(19)(1100)	1.00	(37)17	471.00	0	

(20)(1100)	1.00	(14)19	834.00	0	

(21)(1100)	1.00	(72)5	740.00	0	

(22)(1100)	1.00	(74)11	286.00	0	

(23)(1100)	1.00	(62)5	790.00	0	

(24)(1100)	1.00	(51)10	590.00	0	

(25)(1100)	1.00	(39)15	515.00	0	

(26)(1100)	1.00	(30)10	800.00	0	
max retalho: 5

(0)(1100)	1.00	(82)6	(73)3	(10)33	(26)2	7.00	0	
max retalho: 5

(0)(1000)	1.00	(82)3	0	754	
Sobra Total: 754.00
Perda Total: 13610.00

Total Barras Cortadas:
Barra (1000) : 26
Barra (1100) : 99
Barra (52) : 6
Barra (281) : 5
Barra (54) : 9

Retalhos Gerados:
Retalho (754) : 1

7 Soluções

Saida Arquivo/Entrada/Class5/D5d6.txt

Minimizar a Perda Total
max retalho: 5

(0)(54)	9.00	(17)1	(37)1	0.00	0	

(1)(1000)	8.00	(40)1	(12)1	(79)12	0.00	0	

(2)(1100)	7.00	(81)11	(48)1	(37)1	(62)2	0.00	0	

(3)(1100)	7.00	(29)1	(75)13	(48)2	0.00	0	

(4)(1000)	7.00	(40)1	(77)6	(83)6	0.00	0	

(5)(1100)	6.00	(82)13	(17)2	0.00	0	

(6)(1000)	6.00	(40)1	(54)2	(72)11	(30)2	0.00	0	

(7)(1000)	6.00	(73)10	(52)5	(10)1	0.00	0	

(8)(1100)	4.00	(17)1	(65)3	(74)12	0.00	0	

(9)(1100)	4.00	(65)16	(12)1	(48)1	0.00	0	

(10)(1100)	4.00	(40)21	(17)2	(19)2	(47)4	0.00	0	

(11)(1100)	3.00	(17)1	(19)10	(47)19	0.00	0	

(12)(1100)	3.00	(29)29	(37)7	0.00	0	

(13)(1000)	3.00	(40)1	(54)15	(30)5	0.00	0	

(14)(1100)	3.00	(19)2	(43)24	(30)1	0.00	0	

(15)(1100)	3.00	(19)1	(58)18	(37)1	0.00	0	

(16)(1100)	3.00	(61)6	(50)13	(44)1	(10)4	0.00	0	

(17)(1100)	3.00	(48)22	(14)1	(30)1	0.00	0	

(18)(1100)	2.00	(50)1	(44)2	(26)37	0.00	0	

(19)(1100)	2.00	(17)1	(77)1	(10)1	(83)12	0.00	0	

(20)(1100)	2.00	(65)1	(69)15	0.00	0	

(21)(1100)	2.00	(12)1	(48)2	(62)16	0.00	0	

(22)(1100)	2.00	(21)44	(14)7	(39)2	0.00	0	

(23)(1000)	1.00	(61)12	(50)3	(44)2	(10)3	0.00	0	

(24)(1100)	2.00	(10)1	(14)11	(39)24	0.00	0	

(25)(1100)	1.00	(44)20	(10)22	0.00	0	

(26)(1000)	1.00	(14)38	(39)12	0.00	0	

(27)(1100)	1.00	(29)1	(51)21	0.00	0	

(28)(1000)	1.00	(73)4	(12)59	0.00	0	

(29)(1000)	1.00	(17)53	(21)1	(39)2	0.00	0	

(30)(1000)	1.00	(19)1	(33)3	(18)49	0.00	0	

(31)(1000)	1.00	(8)32	(33)1	(10)1	(16)16	(41)10	(7)5	0.00	0	

(33)(1000)	1.00	(17)13	(19)41	0.00	0	

(39)(1000)	1.00	(29)6	(12)1	(37)22	0.00	0	
max retalho: 5

(0)(52)	2.00	(50)1	2.00	0	

(1)(52)	1.00	(16)2	20.00	0	

(2)(52)	1.00	(16)1	(18)2	0.00	0	

(3)(281)	1.00	(29)9	(16)1	4.00	0	

(4)(281)	1.00	(40)6	(21)1	(10)2	0.00	0	

(5)(281)	1.00	(12)23	5.00	0	

(6)(281)	1.00	(16)2	(62)4	1.00	0	

(7)(1100)	1.00	(65)1	(33)12	(47)1	(74)8	0.00	0	

(8)(1100)	1.00	(65)11	(47)8	9.00	0	

(9)(1000)	1.00	(10)2	(16)30	(83)6	2.00	0	

(10)(1100)	1.00	(75)5	(43)2	(81)4	(37)1	(26)2	(16)1	(30)7	0.00	0	

(12)(1100)	1.00	(82)3	(79)8	(74)3	0.00	0	

(15)(1100)	1.00	(61)9	(10)25	(72)4	13.00	0	

(16)(1100)	1.00	(44)13	(51)10	18.00	0	

(21)(52)	1.00	(47)1	5.00	0	

(25)(52)	1.00	(10)1	(39)1	3.00	0	

(32)(281)	1.00	(37)7	22.00	0	
max retalho: 5

(0)(1100)	1.00	(82)6	608.00	0	

(1)(1100)	1.00	(73)8	516.00	0	

(2)(1100)	1.00	(33)13	671.00	0	

(3)(1100)	1.00	(69)6	686.00	0	

(4)(1100)	1.00	(47)8	724.00	0	

(5)(1100)	1.00	(26)18	632.00	0	

(6)(1100)	1.00	(37)7	841.00	0	

(7)(1100)	1.00	(40)1	(29)2	(17)8	(77)1	(65)1	(54)3	(44)2	(21)7	(10)1	(12)2	(81)1	(14)6	(16)3	(62)1	(18)1	0.00	0	
max retalho: 5

(0)(1000)	1.00	(21)2	(10)31	(14)12	0	480	
Sobra Total: 480.00
Perda Total: 4784.00

Total Barras Cortadas:
Barra (1000) : 40
Barra (1100) : 78
Barra (52) : 6
Barra (281) : 5
Barra (54) : 9

Retalhos Gerados:
Retalho (480) : 1

10 Soluções

Saida Arquivo/Entrada/Class5/D5d6.txt

Minimizar a Perda Total
max retalho: 5

(0)(1000)	8.00	(40)1	(12)1	(79)12	0.00	0	

(1)(1100)	7.00	(81)11	(48)1	(37)1	(62)2	0.00	0	

(2)(1100)	7.00	(29)1	(75)13	(48)2	0.00	0	

(3)(1100)	7.00	(40)6	(83)10	(30)1	0.00	0	

(4)(1100)	6.00	(82)13	(17)2	0.00	0	

(5)(1000)	6.00	(73)10	(50)1	(44)5	0.00	0	

(6)(1000)	5.00	(17)10	(19)2	(72)11	0.00	0	

(7)(1100)	5.00	(65)16	(12)1	(48)1	0.00	0	

(8)(1000)	4.00	(73)2	(61)6	(50)8	(44)2	0.00	0	

(9)(1100)	4.00	(69)2	(74)13	0.00	0	

(10)(1000)	4.00	(17)2	(54)15	(12)1	(72)2	0.00	0	

(11)(281)	3.00	(33)1	(16)11	(18)4	0.00	0	

(12)(1100)	3.00	(40)2	(19)1	(77)13	0.00	0	

(13)(1100)	3.00	(29)29	(37)7	0.00	0	

(14)(1100)	3.00	(17)1	(19)1	(47)22	(30)1	0.00	0	

(15)(54)	4.00	(44)1	(10)1	0.00	0	

(16)(1100)	3.00	(19)2	(43)24	(30)1	0.00	0	

(17)(1000)	3.00	(52)10	(12)1	(26)18	0.00	0	

(18)(1100)	3.00	(19)1	(58)18	(37)1	0.00	0	

(19)(1100)	2.00	(48)22	(14)1	(30)1	0.00	0	

(20)(1100)	2.00	(12)6	(26)3	(14)1	(39)24	0.00	0	

(21)(1100)	2.00	(40)21	(12)1	(47)4	(30)2	0.00	0	

(22)(1100)	2.00	(12)1	(48)2	(62)16	0.00	0	

(23)(1100)	1.00	(21)50	(12)3	(14)1	0.00	0	

(24)(1100)	1.00	(65)1	(69)15	0.00	0	

(25)(1100)	1.00	(29)2	(43)1	(37)27	0.00	0	

(26)(1100)	1.00	(29)1	(51)21	0.00	0	

(27)(1100)	1.00	(50)1	(14)75	0.00	0	

(28)(1100)	1.00	(61)10	(10)49	0.00	0	

(29)(1000)	1.00	(8)32	(33)1	(10)1	(16)16	(41)10	(7)5	0.00	0	

(30)(1000)	1.00	(17)32	(19)24	0.00	0	
max retalho: 5

(0)(54)	3.00	(10)1	(12)1	(16)2	0.00	0	

(1)(52)	1.00	(17)2	(18)1	0.00	0	

(2)(54)	2.00	(48)1	6.00	0	

(3)(1000)	1.00	(40)12	(65)8	0.00	0	

(4)(1100)	1.00	(21)34	(48)8	2.00	0	

(5)(281)	1.00	(44)1	(14)11	(83)1	0.00	0	

(6)(1100)	1.00	(79)7	(37)1	(30)17	0.00	0	

(7)(1100)	1.00	(19)2	(12)36	(18)35	0.00	0	

(8)(1100)	1.00	(33)24	(47)6	(26)1	0.00	0	

(9)(1100)	1.00	(21)2	(69)12	(48)1	(26)7	0.00	0	

(10)(1100)	1.00	(77)6	(81)1	(74)7	(39)1	0.00	0	

(12)(1000)	1.00	(29)15	(19)1	(10)3	(12)1	(72)7	0.00	0	

(13)(1100)	1.00	(19)32	(69)1	(47)9	0.00	0	

(16)(1100)	1.00	(73)4	(50)7	(75)1	(43)1	(12)1	(62)5	(18)1	0.00	0	

(34)(52)	5.00	(51)1	1.00	0	
max retalho: 5

(0)(1100)	1.00	(40)3	(17)5	(19)5	(65)2	(44)1	(33)1	(21)1	(10)1	(12)5	(79)1	(47)2	(14)4	(16)1	(83)1	(30)4	(18)3	0.00	0	

(1)(1100)	1.00	(61)5	795.00	0	

(2)(1100)	1.00	(82)9	362.00	0	

(3)(1100)	1.00	(75)4	800.00	0	

(4)(1100)	1.00	(81)4	776.00	0	

(5)(1100)	1.00	(48)10	620.00	0	

(6)(1100)	1.00	(37)18	434.00	0	

(7)(1100)	1.00	(26)26	424.00	0	

(8)(1100)	1.00	(51)5	845.00	0	

(9)(1100)	1.00	(39)18	398.00	0	
max retalho: 5

(1)(1000)	1.00	(40)2	(21)12	(10)49	(12)14	10.00	0	
Sobra Total: 0.00
Perda Total: 5483.00

Total Barras Cortadas:
Barra (1000) : 35
Barra (1100) : 83
Barra (52) : 6
Barra (281) : 4
Barra (54) : 9

Retalhos Gerados:
