
4 Soluções

Saida Arquivo/Entrada/Class5/D5d7.txt

Minimizar a Perda Total
max retalho: 5

(26)(1100)	1.00	(66)16	44.00	0	

(27)(1100)	1.00	(81)13	47.00	0	

(28)(361)	1.00	(5)38	(19)9	0.00	0	

(29)(1100)	1.00	(34)32	12.00	0	

(30)(1100)	1.00	(11)100	0.00	0	

(31)(1000)	1.00	(11)1	(13)12	(75)11	(8)1	0.00	0	

(32)(132)	1.00	(15)7	(19)1	(8)1	0.00	0	

(33)(1000)	1.00	(22)18	(5)1	(8)28	(12)31	3.00	0	
max retalho: 5

(0)(1100)	8.00	(80)13	60.00	0	

(1)(1100)	6.00	(70)15	50.00	0	

(2)(1100)	6.00	(73)15	5.00	0	

(3)(1100)	6.00	(59)18	38.00	0	

(4)(1100)	5.00	(63)17	29.00	0	

(5)(1100)	5.00	(48)22	44.00	0	

(6)(1100)	4.00	(52)21	8.00	0	

(7)(1100)	4.00	(78)14	8.00	0	

(8)(1100)	4.00	(69)15	65.00	0	

(9)(1100)	4.00	(40)27	20.00	0	

(10)(1100)	3.00	(76)14	36.00	0	

(11)(1100)	3.00	(36)30	20.00	0	

(12)(1100)	3.00	(55)20	0.00	0	

(13)(1100)	3.00	(77)14	22.00	0	

(14)(1100)	3.00	(42)26	8.00	0	

(15)(1100)	2.00	(67)16	28.00	0	

(16)(1100)	2.00	(38)28	36.00	0	

(17)(1100)	2.00	(33)33	11.00	0	

(18)(1100)	2.00	(26)42	8.00	0	

(19)(1100)	2.00	(31)35	15.00	0	

(20)(1100)	1.00	(65)16	60.00	0	

(21)(1100)	1.00	(43)25	25.00	0	

(22)(1100)	1.00	(56)19	36.00	0	

(23)(1100)	1.00	(45)24	20.00	0	

(24)(1100)	1.00	(44)10	660.00	0	

(25)(1100)	1.00	(9)97	227.00	0	

(28)(132)	1.00	(5)1	(23)2	(81)1	0.00	0	

(31)(1100)	1.00	(35)8	820.00	0	

(34)(132)	1.00	(34)2	(5)1	(19)3	2.00	0	

7 Soluções

Saida Arquivo/Entrada/Class5/D5d7.txt

Minimizar a Perda Total
max retalho: 5

(27)(1100)	1.00	(66)16	44.00	0	

(28)(1100)	1.00	(81)13	47.00	0	

(29)(1100)	1.00	(34)32	12.00	0	

(30)(1100)	1.00	(11)100	0.00	0	

(31)(119)	1.00	(15)7	(5)1	(8)1	1.00	0	

(34)(119)	1.00	(19)1	(12)8	4.00	0	

(35)(1100)	1.00	(9)97	227.00	0	

(39)(361)	1.00	(22)2	(8)2	(23)13	2.00	0	

(40)(132)	1.00	(22)5	(19)1	3.00	0	
max retalho: 5

(0)(1100)	8.00	(80)13	60.00	0	

(1)(1100)	6.00	(70)15	50.00	0	

(2)(1100)	6.00	(73)15	5.00	0	

(3)(1100)	6.00	(59)18	38.00	0	

(4)(1100)	5.00	(63)17	29.00	0	

(5)(1100)	5.00	(48)22	44.00	0	

(6)(1100)	4.00	(52)21	8.00	0	

(7)(1100)	4.00	(78)14	8.00	0	

(8)(1100)	4.00	(69)15	65.00	0	

(9)(1100)	3.00	(40)27	20.00	0	

(10)(1100)	3.00	(76)14	36.00	0	

(11)(1100)	3.00	(36)30	20.00	0	

(12)(1100)	3.00	(55)20	0.00	0	

(13)(1100)	3.00	(77)14	22.00	0	

(14)(1100)	3.00	(42)26	8.00	0	

(15)(1100)	2.00	(67)16	28.00	0	

(16)(1100)	2.00	(38)28	36.00	0	

(17)(1100)	2.00	(33)33	11.00	0	

(18)(1100)	2.00	(26)42	8.00	0	

(19)(1100)	2.00	(31)35	15.00	0	

(20)(1100)	1.00	(65)16	60.00	0	

(21)(132)	1.00	(22)2	(81)1	7.00	0	

(22)(1100)	1.00	(43)25	25.00	0	

(23)(1100)	1.00	(56)19	36.00	0	

(24)(1100)	1.00	(45)24	20.00	0	

(25)(361)	1.00	(44)7	(12)4	5.00	0	

(26)(1100)	1.00	(75)11	275.00	0	

(28)(132)	1.00	(5)25	7.00	0	

(29)(119)	1.00	(8)1	(35)3	6.00	0	

(30)(361)	1.00	(66)2	(19)11	(12)1	8.00	0	

(36)(119)	1.00	(34)1	(22)1	(11)5	(8)1	0.00	0	
max retalho: 5

(10)(1100)	1.00	(63)3	911.00	0	

(11)(1100)	1.00	(52)11	528.00	0	

(12)(1100)	1.00	(40)27	20.00	0	

(13)(1100)	1.00	(31)12	728.00	0	

(14)(1100)	1.00	(77)5	715.00	0	

(15)(1100)	1.00	(65)15	125.00	0	

(16)(1100)	1.00	(67)15	95.00	0	

(17)(1100)	1.00	(56)12	428.00	0	

(18)(1100)	1.00	(33)18	506.00	0	

(19)(1100)	1.00	(8)32	844.00	0	

(20)(1100)	1.00	(35)5	925.00	0	

(21)(1100)	1.00	(12)18	884.00	0	

(22)(1100)	1.00	(22)8	924.00	0	

(24)(1000)	1.00	(78)2	(66)2	(69)1	(59)1	(5)20	(44)11	0.00	484	

(26)(1100)	1.00	(13)12	944.00	0	
max retalho: 4

(1)(1000)	1.00	(55)15	175.00	0	

(2)(1000)	1.00	(76)12	88.00	0	

(3)(1000)	1.00	(38)26	12.00	0	

(4)(1000)	1.00	(26)21	454.00	0	

(5)(1000)	1.00	(43)17	269.00	0	

(6)(1000)	1.00	(36)25	100.00	0	

(7)(1000)	1.00	(70)8	440.00	0	

(8)(1000)	1.00	(80)6	520.00	0	
max retalho: 4

(0)(1000)	1.00	(45)8	(34)1	(48)3	(5)3	(73)1	(42)1	(19)2	(44)3	(81)2	0.00	0	
max retalho: 4

(0)(1000)	1.00	(45)1	(73)4	(42)2	(44)13	7.00	572	
max retalho: 3

(0)(1000)	1.00	(44)22	32.00	0	
max retalho: 3

(0)(1000)	1.00	(44)12	0	472	
Sobra Total: 1528.00
Perda Total: 13704.00

Total Barras Cortadas:
Barra (1000) : 13
Barra (1100) : 100
Barra (132) : 3
Barra (361) : 3
Barra (119) : 4

Retalhos Gerados:
Retalho (44) : 11
Retalho (44) : 13
Retalho (472) : 1

10 Soluções

Saida Arquivo/Entrada/Class5/D5d7.txt

Minimizar a Perda Total
max retalho: 5

(25)(1100)	1.00	(66)16	44.00	0	

(26)(1100)	1.00	(81)13	47.00	0	

(27)(1100)	1.00	(34)32	12.00	0	

(28)(1100)	1.00	(11)100	0.00	0	

(29)(119)	1.00	(15)7	(5)1	(8)1	1.00	0	

(31)(1100)	1.00	(13)12	(75)11	(9)13	2.00	0	

(36)(1000)	1.00	(34)1	(9)43	(35)8	(23)13	0.00	0	

(39)(132)	4.00	(19)3	(12)6	3.00	0	
max retalho: 5

(0)(1100)	8.00	(80)13	60.00	0	

(1)(1100)	6.00	(70)15	50.00	0	

(2)(1100)	6.00	(73)15	5.00	0	

(3)(1100)	6.00	(59)18	38.00	0	

(4)(1100)	5.00	(63)17	29.00	0	

(5)(1100)	5.00	(48)22	44.00	0	

(6)(1100)	4.00	(52)21	8.00	0	

(7)(1100)	4.00	(78)14	8.00	0	

(8)(1100)	4.00	(69)15	65.00	0	

(9)(1100)	4.00	(40)27	20.00	0	

(10)(1100)	3.00	(76)14	36.00	0	

(11)(1100)	3.00	(36)30	20.00	0	

(12)(1100)	3.00	(55)20	0.00	0	

(13)(1100)	3.00	(77)14	22.00	0	

(14)(1100)	3.00	(42)26	8.00	0	

(15)(1100)	2.00	(67)16	28.00	0	

(16)(1100)	2.00	(38)28	36.00	0	

(17)(1100)	2.00	(33)33	11.00	0	

(18)(1100)	2.00	(26)42	8.00	0	

(19)(1100)	2.00	(31)35	15.00	0	

(20)(1100)	1.00	(65)16	60.00	0	

(21)(1100)	1.00	(43)25	25.00	0	

(22)(1100)	1.00	(56)19	36.00	0	

(23)(1100)	1.00	(45)24	20.00	0	

(24)(1100)	1.00	(66)4	(55)1	(34)1	(22)2	(5)48	(81)3	(44)5	0.00	220	

(25)(1100)	1.00	(44)10	660.00	0	

(26)(361)	1.00	(11)5	(8)36	(9)1	9.00	0	

(28)(361)	1.00	(22)10	(19)3	(12)7	0.00	0	
max retalho: 4

(12)(1100)	1.00	(36)25	200.00	0	

(13)(1000)	1.00	(69)1	(48)3	(73)2	(31)9	(9)40	2.00	0	

(14)(1100)	1.00	(52)11	528.00	0	

(15)(1100)	1.00	(26)21	554.00	0	

(16)(1100)	1.00	(33)18	506.00	0	

(18)(361)	1.00	(59)1	(73)2	156.00	0	

(20)(1100)	1.00	(80)6	620.00	0	
max retalho: 4

(1)(1100)	1.00	(55)14	330.00	0	

(2)(1100)	1.00	(65)15	125.00	0	

(3)(1100)	1.00	(67)15	95.00	0	

(4)(1100)	1.00	(43)17	369.00	0	

(6)(1100)	1.00	(56)12	428.00	0	

(7)(1000)	1.00	(78)2	(45)8	(77)4	(44)4	0.00	0	

(9)(119)	1.00	(22)4	(31)1	0.00	0	

(11)(1100)	1.00	(70)8	540.00	0	

(16)(119)	1.00	(38)1	(77)1	4.00	0	
max retalho: 4

(1)(1100)	1.00	(76)12	188.00	0	
max retalho: 4

(0)(1000)	1.00	(38)17	(44)8	2.00	352	

(1)(119)	1.00	(31)1	(44)2	0.00	0	

(2)(1000)	1.00	(45)1	(22)2	(38)6	(73)1	(63)3	(42)3	(31)1	(44)6	0.00	0	
max retalho: 3

(0)(1000)	1.00	(38)2	(44)2	(44)19	0.00	836	
max retalho: 2

(0)(1000)	1.00	(44)18	0	208	
Sobra Total: 1616.00
Perda Total: 7836.00

Total Barras Cortadas:
Barra (1000) : 7
Barra (1100) : 100
Barra (132) : 4
Barra (361) : 3
Barra (119) : 4

Retalhos Gerados:
Retalho (44) : 5
Retalho (44) : 8
Retalho (44) : 19
Retalho (208) : 1
