
4 Soluções

Saida Arquivo/Entrada/Class5/D5d8.txt

Minimizar a Perda Total
max retalho: 5

(0)(1100)	7.00	(62)6	(53)1	(75)9	0.00	0	

(1)(1100)	6.00	(61)10	(28)7	(42)7	0.00	0	

(2)(1100)	6.00	(78)11	(13)10	(28)1	(42)2	0.00	0	

(3)(1000)	6.00	(53)13	(41)1	(59)2	(38)4	0.00	0	

(4)(108)	6.00	(54)2	0.00	0	

(5)(1000)	5.00	(36)6	(49)16	0.00	0	

(6)(1100)	4.00	(30)2	(13)1	(79)13	0.00	0	

(7)(1000)	3.00	(30)7	(34)1	(36)21	0.00	0	

(8)(1100)	3.00	(64)14	(34)6	0.00	0	

(9)(1100)	3.00	(41)20	(34)1	(82)3	0.00	0	

(10)(1000)	3.00	(38)1	(75)2	(58)14	0.00	0	

(11)(1000)	3.00	(68)10	(32)10	0.00	0	

(12)(96)	3.00	(38)2	20.00	0	

(13)(1100)	2.00	(30)1	(31)1	(34)1	(67)15	0.00	0	

(14)(1100)	2.00	(62)16	(59)1	(49)1	0.00	0	

(15)(1100)	2.00	(34)6	(32)28	0.00	0	

(16)(1100)	2.00	(31)33	(13)1	(32)2	0.00	0	

(17)(1000)	2.00	(28)1	(54)18	0.00	0	

(18)(322)	1.00	(38)8	(10)1	8.00	0	

(19)(1100)	2.00	(34)28	(13)6	(28)1	(42)1	0.00	0	

(20)(322)	1.00	(71)4	(17)1	(21)1	0.00	0	

(21)(1100)	1.00	(59)10	(38)9	(56)3	0.00	0	

(22)(1000)	1.00	(31)5	(57)14	(34)1	(13)1	0.00	0	

(23)(1100)	1.00	(41)4	(38)4	(56)14	0.00	0	

(24)(1000)	1.00	(30)25	(34)1	(54)4	0.00	0	

(25)(96)	1.00	(9)1	(45)1	(17)1	(5)3	(10)1	0.00	0	

(26)(1100)	1.00	(74)13	(34)1	(13)8	0.00	0	

(27)(1100)	1.00	(82)12	(49)1	(67)1	0.00	0	

(28)(1100)	1.00	(9)2	(27)16	(63)9	(21)3	(10)2	0.00	0	

(31)(1100)	1.00	(20)49	(13)6	(42)1	0.00	0	

(32)(322)	1.00	(66)1	(24)9	(10)4	0.00	0	

(40)(1100)	5.00	(38)3	(65)15	11.00	0	
max retalho: 5

(0)(1100)	1.00	(62)14	232.00	0	

(1)(1100)	1.00	(64)9	524.00	0	

(2)(1100)	1.00	(41)13	567.00	0	

(3)(1100)	1.00	(30)9	830.00	0	

(4)(1100)	1.00	(31)10	790.00	0	

(5)(1100)	1.00	(57)5	815.00	0	

(6)(1100)	1.00	(45)15	425.00	0	

(7)(1100)	1.00	(36)20	380.00	0	

(8)(1100)	1.00	(59)5	805.00	0	

(9)(1100)	1.00	(61)13	307.00	0	

(10)(1100)	1.00	(38)16	492.00	0	

(11)(1100)	1.00	(17)46	318.00	0	

(12)(1100)	1.00	(75)6	650.00	0	

(13)(1100)	1.00	(32)18	524.00	0	

(14)(1100)	1.00	(21)30	470.00	0	

(15)(1100)	1.00	(79)6	626.00	0	

(16)(1100)	1.00	(67)10	430.00	0	

(17)(1100)	1.00	(53)4	888.00	0	

(18)(1100)	1.00	(9)86	326.00	0	

(19)(1100)	1.00	(10)69	410.00	0	

(21)(1100)	1.00	(78)3	866.00	0	

(22)(1100)	1.00	(42)5	890.00	0	

(26)(1100)	1.00	(56)3	932.00	0	

(27)(1100)	1.00	(58)3	926.00	0	
max retalho: 5

(0)(1000)	1.00	(66)2	(34)4	(13)13	(82)1	(71)2	(28)6	(63)2	45.00	0	
Sobra Total: 0.00
Perda Total: 14591.00

Total Barras Cortadas:
Barra (1000) : 25
Barra (1100) : 74
Barra (108) : 6
Barra (322) : 3
Barra (96) : 4

Retalhos Gerados:

7 Soluções

Saida Arquivo/Entrada/Class5/D5d8.txt

Minimizar a Perda Total
max retalho: 5

(0)(1000)	6.00	(53)12	(59)2	(38)5	(56)1	0.00	0	

(1)(1100)	6.00	(62)6	(53)1	(75)9	0.00	0	

(2)(1100)	5.00	(36)1	(65)3	(79)11	0.00	0	

(3)(1000)	4.00	(13)2	(59)1	(61)15	0.00	0	

(4)(1000)	4.00	(64)11	(68)2	(32)5	0.00	0	

(5)(1000)	4.00	(30)7	(34)1	(36)18	(54)2	0.00	0	

(6)(1000)	4.00	(78)6	(28)1	(42)12	0.00	0	

(7)(1000)	4.00	(65)14	(32)1	(58)1	0.00	0	

(8)(1000)	4.00	(36)6	(49)16	0.00	0	

(9)(96)	4.00	(13)7	5.00	0	

(10)(1000)	3.00	(78)1	(34)23	(28)2	(42)2	0.00	0	

(11)(1000)	3.00	(49)4	(67)12	0.00	0	

(12)(1000)	3.00	(62)1	(75)4	(58)11	0.00	0	

(13)(1000)	3.00	(41)11	(57)1	(82)6	0.00	0	

(14)(108)	3.00	(20)5	8.00	0	

(15)(1100)	3.00	(78)12	(13)4	(28)4	0.00	0	

(16)(1100)	3.00	(62)16	(59)1	(49)1	0.00	0	

(17)(1100)	2.00	(30)7	(13)2	(54)16	0.00	0	

(18)(1100)	2.00	(31)30	(68)2	(34)1	0.00	0	

(19)(1000)	2.00	(34)4	(32)27	0.00	0	

(20)(1000)	2.00	(41)2	(82)1	(38)22	0.00	0	

(21)(1000)	2.00	(41)23	(57)1	0.00	0	

(22)(108)	2.00	(24)4	(10)1	2.00	0	

(23)(322)	1.00	(71)4	(17)1	(21)1	0.00	0	

(24)(1100)	1.00	(68)11	(32)11	0.00	0	

(25)(322)	1.00	(62)1	(20)13	0.00	0	

(26)(108)	1.00	(9)2	(45)1	(5)3	(10)3	0.00	0	

(27)(1100)	1.00	(9)1	(27)16	(63)9	(21)2	(10)5	0.00	0	

(28)(1100)	1.00	(74)13	(9)2	(10)12	0.00	0	

(31)(1100)	1.00	(13)11	(61)1	(28)32	0.00	0	

(40)(322)	2.00	(9)33	(10)2	5.00	0	
max retalho: 5

(0)(1100)	1.00	(64)7	652.00	0	

(1)(1100)	1.00	(53)11	517.00	0	

(2)(1100)	1.00	(30)23	410.00	0	

(3)(1100)	1.00	(31)23	387.00	0	

(4)(1100)	1.00	(78)6	632.00	0	

(5)(1100)	1.00	(68)7	624.00	0	

(6)(1100)	1.00	(57)14	302.00	0	

(7)(1100)	1.00	(45)15	425.00	0	

(8)(1100)	1.00	(34)18	488.00	0	

(9)(1100)	1.00	(36)12	668.00	0	

(10)(1100)	1.00	(59)10	510.00	0	

(11)(1100)	1.00	(61)12	368.00	0	

(12)(1100)	1.00	(38)11	682.00	0	

(13)(1100)	1.00	(75)9	425.00	0	

(14)(1100)	1.00	(54)12	452.00	0	

(15)(1100)	1.00	(56)14	316.00	0	

(16)(1100)	1.00	(58)8	636.00	0	

(17)(1100)	1.00	(32)19	492.00	0	

(18)(1100)	1.00	(21)31	449.00	0	

(19)(1100)	1.00	(13)43	541.00	0	

(20)(1100)	1.00	(17)47	301.00	0	

(21)(1100)	1.00	(20)21	680.00	0	

(22)(1100)	1.00	(10)51	590.00	0	

(23)(1100)	1.00	(67)5	765.00	0	

(24)(1100)	1.00	(42)8	764.00	0	
max retalho: 5

(1)(1100)	1.00	(65)4	840.00	0	

(3)(1100)	1.00	(79)3	863.00	0	

(9)(322)	1.00	(9)12	(82)2	(49)1	1.00	0	
max retalho: 5

(0)(1000)	1.00	(9)6	(66)3	(24)1	(71)2	(49)3	(28)4	(63)2	0	197	
Sobra Total: 197.00
Perda Total: 14838.00

Total Barras Cortadas:
Barra (1000) : 49
Barra (1100) : 52
Barra (108) : 6
Barra (322) : 5
Barra (96) : 4

Retalhos Gerados:
Retalho (197) : 1

10 Soluções

Saida Arquivo/Entrada/Class5/D5d8.txt

Minimizar a Perda Total
max retalho: 5

(0)(1000)	10.00	(62)7	(41)1	(75)7	0.00	0	

(1)(1000)	6.00	(53)12	(59)2	(38)5	(56)1	0.00	0	

(2)(1000)	5.00	(30)4	(34)1	(36)16	(54)5	0.00	0	

(3)(1100)	5.00	(78)8	(28)2	(42)10	0.00	0	

(4)(1100)	5.00	(36)1	(65)3	(79)11	0.00	0	

(5)(1100)	4.00	(61)17	(28)2	7.00	0	

(6)(1100)	4.00	(64)12	(68)2	(34)2	(32)4	0.00	0	

(7)(1100)	4.00	(30)1	(57)1	(36)5	(49)17	0.00	0	

(8)(1100)	3.00	(65)15	(67)1	(58)1	0.00	0	

(9)(1000)	3.00	(49)4	(67)12	0.00	0	

(10)(108)	3.00	(20)2	(66)1	2.00	0	

(11)(322)	2.00	(13)14	(28)5	0.00	0	

(12)(1100)	2.00	(34)28	(13)6	(28)1	(42)1	0.00	0	

(13)(1100)	2.00	(78)10	(13)16	(28)1	(42)2	0.00	0	

(14)(1000)	2.00	(41)2	(58)15	48.00	0	

(15)(1100)	2.00	(31)33	(13)1	(32)2	0.00	0	

(16)(1000)	2.00	(34)4	(32)27	0.00	0	

(17)(1100)	2.00	(30)16	(13)2	(54)11	0.00	0	

(18)(1000)	2.00	(41)2	(82)1	(38)22	0.00	0	

(19)(1000)	2.00	(41)5	(57)1	(82)9	0.00	0	

(20)(1100)	2.00	(68)11	(32)11	0.00	0	

(21)(1100)	2.00	(41)24	(58)2	0.00	0	

(22)(322)	2.00	(28)11	14.00	0	

(23)(1000)	1.00	(62)11	(53)6	0.00	0	

(24)(1100)	1.00	(9)80	(27)14	2.00	0	

(25)(1000)	1.00	(41)1	(59)16	15.00	0	

(26)(1100)	1.00	(21)20	(10)68	0.00	0	

(27)(1100)	1.00	(45)8	(63)11	(21)2	5.00	0	

(29)(1100)	1.00	(74)10	(20)18	0.00	0	

(38)(1100)	1.00	(30)1	(24)9	(38)1	(17)48	0.00	0	
max retalho: 5

(0)(96)	2.00	(20)2	(28)2	0.00	0	

(1)(96)	1.00	(79)1	17.00	0	

(2)(1100)	1.00	(53)11	517.00	0	

(3)(1100)	1.00	(78)9	398.00	0	

(4)(1100)	1.00	(57)13	359.00	0	

(5)(1100)	1.00	(45)8	740.00	0	

(6)(1100)	1.00	(34)24	284.00	0	

(7)(1100)	1.00	(71)6	674.00	0	

(8)(1100)	1.00	(61)5	795.00	0	

(9)(1100)	1.00	(62)7	666.00	0	

(10)(1100)	1.00	(75)5	725.00	0	

(11)(1100)	1.00	(65)15	125.00	0	

(12)(1100)	1.00	(56)14	316.00	0	

(13)(1100)	1.00	(58)8	636.00	0	

(14)(1100)	1.00	(38)10	720.00	0	

(15)(1100)	1.00	(36)8	812.00	0	

(16)(108)	1.00	(31)1	(13)1	(59)1	(5)1	0.00	0	

(18)(1100)	1.00	(32)12	716.00	0	

(20)(1100)	1.00	(54)5	830.00	0	

(24)(1000)	1.00	(64)3	(41)3	(30)5	(82)2	(49)3	(10)9	(67)2	0.00	0	

(27)(1100)	1.00	(42)6	848.00	0	

(28)(1100)	1.00	(21)12	848.00	0	
max retalho: 5

(0)(108)	1.00	(30)3	(13)1	5.00	0	

(1)(1100)	1.00	(74)3	(31)5	(20)12	(9)9	(13)26	(27)2	(5)2	0.00	0	

(2)(322)	1.00	(20)8	(79)2	4.00	0	
max retalho: 5

(1)(1000)	1.00	(41)3	(31)11	(20)1	0	516	
Sobra Total: 516.00
Perda Total: 11215.00

Total Barras Cortadas:
Barra (1000) : 36
Barra (1100) : 61
Barra (108) : 5
Barra (322) : 5
Barra (96) : 3

Retalhos Gerados:
Retalho (516) : 1
