
4 Soluções

Saida Arquivo/Entrada/Class5/D5d9.txt

Minimizar a Perda Total
max retalho: 5

(0)(92)	8.00	(29)2	(17)2	0.00	0	

(1)(1100)	8.00	(80)4	(65)12	0.00	0	

(2)(1100)	7.00	(71)14	(29)3	(19)1	0.00	0	

(3)(1000)	6.00	(64)11	(32)7	(15)1	(19)3	0.00	0	

(4)(1000)	6.00	(57)14	(51)1	(19)1	(77)1	(55)1	0.00	0	

(5)(1100)	6.00	(83)11	(17)11	0.00	0	

(6)(105)	5.00	(71)1	(15)1	(19)1	0.00	0	

(7)(1100)	5.00	(80)13	(36)1	(24)1	0.00	0	

(8)(1000)	5.00	(50)1	(68)12	(57)1	(77)1	0.00	0	

(9)(1100)	6.00	(53)18	(59)2	(28)1	0.00	0	

(10)(319)	5.00	(76)3	(20)4	(10)1	1.00	0	

(11)(1100)	5.00	(77)10	(55)6	0.00	0	

(12)(1100)	4.00	(59)18	(19)2	0.00	0	

(13)(1100)	3.00	(29)1	(51)21	0.00	0	

(14)(1000)	3.00	(36)20	(26)8	(72)1	0.00	0	

(15)(1100)	3.00	(62)17	(29)1	(17)1	0.00	0	

(16)(1100)	3.00	(39)21	(15)1	(19)14	0.00	0	

(17)(1100)	2.00	(54)18	(24)4	(15)1	(17)1	0.00	0	

(18)(1100)	2.00	(18)44	(28)11	0.00	0	

(19)(1100)	2.00	(22)50	0.00	0	

(20)(1100)	2.00	(50)13	(57)7	(51)1	0.00	0	

(21)(1100)	2.00	(83)12	(68)1	(17)1	(19)1	0.00	0	

(22)(1100)	1.00	(27)29	(54)2	(24)8	(17)1	0.00	0	

(23)(1000)	1.00	(10)1	(26)37	(28)1	0.00	0	

(24)(1000)	2.00	(24)1	(61)16	0.00	0	

(25)(1000)	1.00	(18)2	(72)10	(61)4	0.00	0	

(26)(1000)	1.00	(36)3	(26)2	(15)56	0.00	0	

(27)(1100)	1.00	(27)2	(24)6	(82)11	0.00	0	

(28)(1000)	1.00	(39)2	(32)28	(26)1	0.00	0	

(29)(1000)	1.00	(60)12	(43)6	(22)1	0.00	0	

(30)(1100)	1.00	(6)23	(59)13	(24)1	(82)1	(51)1	(17)1	(7)3	0.00	0	

(31)(1000)	1.00	(15)1	(40)23	(65)1	0.00	0	

(34)(1100)	1.00	(10)2	(24)45	0.00	0	

(35)(1000)	1.00	(29)32	(24)3	0.00	0	
max retalho: 5

(0)(1100)	1.00	(71)10	390.00	0	

(1)(1100)	1.00	(39)8	788.00	0	

(2)(1100)	1.00	(27)15	695.00	0	

(3)(1100)	1.00	(64)5	780.00	0	

(4)(1100)	1.00	(54)10	560.00	0	

(5)(1100)	1.00	(43)13	541.00	0	

(6)(1100)	1.00	(80)11	220.00	0	

(7)(1100)	1.00	(68)5	760.00	0	

(8)(1100)	1.00	(57)8	644.00	0	

(9)(1100)	1.00	(59)9	569.00	0	

(10)(1100)	1.00	(47)9	677.00	0	

(11)(1100)	1.00	(36)9	776.00	0	

(12)(1100)	1.00	(26)21	554.00	0	

(13)(1100)	1.00	(82)4	772.00	0	

(14)(1100)	1.00	(51)11	539.00	0	

(15)(1100)	1.00	(28)12	764.00	0	

(16)(1100)	1.00	(65)8	580.00	0	

(17)(1100)	1.00	(18)26	632.00	0	

(18)(1100)	1.00	(32)8	844.00	0	

(19)(1100)	1.00	(10)59	510.00	0	

(20)(1100)	1.00	(19)17	777.00	0	

(22)(1100)	1.00	(22)14	792.00	0	

(23)(1100)	1.00	(61)4	856.00	0	

(31)(105)	1.00	(29)3	(15)1	3.00	0	

(35)(92)	1.00	(50)1	(20)2	2.00	0	
max retalho: 5

(0)(1100)	1.00	(72)3	884.00	0	

(1)(1100)	1.00	(83)2	(60)1	(62)3	(50)2	(29)2	(53)2	(20)5	(24)8	(15)2	(17)6	0.00	0	
max retalho: 5

(0)(1000)	1.00	(15)12	(17)1	0	803	
Sobra Total: 803.00
Perda Total: 15914.00

Total Barras Cortadas:
Barra (1000) : 30
Barra (1100) : 89
Barra (105) : 6
Barra (319) : 5
Barra (92) : 9

Retalhos Gerados:
Retalho (803) : 1

7 Soluções

Saida Arquivo/Entrada/Class5/D5d9.txt

Minimizar a Perda Total
max retalho: 5

(0)(92)	9.00	(24)1	(51)1	(17)1	0.00	0	

(1)(1100)	8.00	(80)4	(65)12	0.00	0	

(2)(1100)	6.00	(18)1	(68)2	(57)16	(17)2	0.00	0	

(3)(1100)	6.00	(53)17	(22)1	(59)3	0.00	0	

(4)(1100)	6.00	(71)14	(24)1	(82)1	0.00	0	

(5)(1000)	6.00	(39)2	(64)8	(32)12	(26)1	0.00	0	

(6)(105)	6.00	(71)1	(15)1	(19)1	0.00	0	

(7)(1100)	5.00	(27)3	(19)5	(77)12	0.00	0	

(8)(1100)	4.00	(59)18	(19)2	0.00	0	

(9)(1000)	4.00	(29)4	(51)17	(17)1	0.00	0	

(10)(319)	3.00	(43)5	(24)1	(40)2	0.00	0	

(11)(1100)	3.00	(50)1	(18)18	(61)11	(55)1	0.00	0	

(12)(1000)	3.00	(39)18	(26)5	(28)6	0.00	0	

(13)(1100)	3.00	(62)17	(29)1	(17)1	0.00	0	

(14)(1100)	3.00	(83)10	(18)13	(36)1	0.00	0	

(15)(1100)	3.00	(83)3	(54)14	(19)5	0.00	0	

(16)(1000)	3.00	(83)2	(18)1	(68)12	0.00	0	

(17)(1000)	2.00	(36)15	(72)6	(28)1	0.00	0	

(18)(1000)	2.00	(83)11	(26)1	(61)1	0.00	0	

(19)(1000)	2.00	(39)1	(68)7	(26)1	(17)27	0.00	0	

(20)(1100)	2.00	(22)45	(55)2	0.00	0	

(21)(1100)	2.00	(83)7	(24)5	(19)21	0.00	0	

(22)(1100)	2.00	(71)9	(82)5	(51)1	0.00	0	

(23)(1100)	1.00	(29)36	(18)1	(19)2	0.00	0	

(24)(1100)	1.00	(22)1	(26)35	(28)6	0.00	0	

(25)(1000)	1.00	(50)20	0.00	0	

(26)(1100)	1.00	(55)20	0.00	0	

(27)(1100)	1.00	(32)1	(36)5	(24)37	0.00	0	

(28)(1000)	1.00	(27)23	(54)6	(36)1	(19)1	0.00	0	

(29)(1100)	1.00	(64)15	(68)1	(36)2	0.00	0	

(30)(319)	2.00	(83)3	(61)1	9.00	0	

(31)(1100)	1.00	(18)2	(22)2	(15)68	0.00	0	

(32)(1100)	1.00	(18)2	(76)14	0.00	0	

(33)(1000)	1.00	(60)9	(22)1	(47)9	(15)1	0.00	0	

(34)(1000)	1.00	(6)23	(20)26	(10)32	(7)3	1.00	0	

(35)(1000)	1.00	(68)2	(36)24	0.00	0	

(39)(1100)	5.00	(80)13	(36)1	(24)1	0.00	0	
max retalho: 5

(0)(1100)	1.00	(27)8	884.00	0	

(1)(1100)	1.00	(71)5	745.00	0	

(2)(1100)	1.00	(60)4	860.00	0	

(3)(1100)	1.00	(50)11	550.00	0	

(4)(1100)	1.00	(83)5	685.00	0	

(5)(1100)	1.00	(29)25	375.00	0	

(6)(1100)	1.00	(64)8	588.00	0	

(7)(1100)	1.00	(53)8	676.00	0	

(8)(1100)	1.00	(22)15	770.00	0	

(9)(1100)	1.00	(10)35	750.00	0	

(10)(1100)	1.00	(80)11	220.00	0	

(11)(1100)	1.00	(57)15	245.00	0	

(12)(1100)	1.00	(59)16	156.00	0	

(13)(1100)	1.00	(36)7	848.00	0	

(14)(1100)	1.00	(24)16	716.00	0	

(15)(1100)	1.00	(26)25	450.00	0	

(16)(1100)	1.00	(72)4	812.00	0	

(17)(1100)	1.00	(40)17	420.00	0	

(18)(1100)	1.00	(28)15	680.00	0	

(19)(1100)	1.00	(17)16	828.00	0	

(20)(1100)	1.00	(65)9	515.00	0	

(21)(1100)	1.00	(55)9	605.00	0	

(22)(1100)	1.00	(51)4	896.00	0	

(24)(1100)	1.00	(62)1	(18)9	(76)1	(43)4	(32)5	(20)1	(68)2	(15)4	(61)1	(19)6	(77)1	0.00	0	

(27)(1100)	1.00	(39)5	905.00	0	
max retalho: 5

(0)(1000)	1.00	(62)2	(15)9	(61)2	0	619	
Sobra Total: 619.00
Perda Total: 15198.00

Total Barras Cortadas:
Barra (1000) : 28
Barra (1100) : 90
Barra (105) : 6
Barra (319) : 5
Barra (92) : 9

Retalhos Gerados:
Retalho (619) : 1

10 Soluções

Saida Arquivo/Entrada/Class5/D5d9.txt

Minimizar a Perda Total
max retalho: 5

(0)(1100)	8.00	(80)4	(65)12	0.00	0	

(1)(1100)	7.00	(71)14	(29)3	(19)1	0.00	0	

(2)(1000)	7.00	(64)2	(57)15	(17)1	0.00	0	

(3)(1100)	7.00	(83)12	(32)1	(72)1	0.00	0	

(4)(105)	6.00	(36)2	33.00	0	

(5)(1100)	5.00	(29)2	(76)1	(53)16	(59)2	0.00	0	

(6)(1000)	5.00	(24)16	(77)8	0.00	0	

(7)(1000)	4.00	(62)11	(53)6	0.00	0	

(8)(1100)	5.00	(59)17	(15)1	(82)1	0.00	0	

(9)(1100)	4.00	(39)1	(68)15	(26)1	(15)1	0.00	0	

(10)(1100)	4.00	(50)6	(61)5	(55)9	0.00	0	

(11)(1100)	3.00	(18)1	(64)15	(32)3	(26)1	0.00	0	

(12)(1100)	3.00	(18)22	(22)32	0.00	0	

(13)(1000)	2.00	(39)4	(26)26	(28)6	0.00	0	

(14)(319)	2.00	(62)1	(80)3	(17)1	0.00	0	

(15)(1100)	2.00	(27)1	(29)1	(24)1	(51)20	0.00	0	

(16)(1100)	2.00	(29)16	(24)1	(51)12	0.00	0	

(17)(1000)	2.00	(27)17	(54)9	(36)1	(19)1	0.00	0	

(18)(1100)	2.00	(36)20	(19)20	0.00	0	

(19)(1000)	2.00	(83)4	(54)11	(36)1	(19)2	0.00	0	

(20)(1100)	2.00	(32)11	(17)44	0.00	0	

(21)(1100)	1.00	(71)1	(76)5	(59)11	0.00	0	

(22)(1000)	2.00	(39)23	(15)5	(28)1	0.00	0	

(23)(1100)	1.00	(27)1	(36)2	(77)13	0.00	0	

(24)(1000)	1.00	(36)1	(72)6	(19)28	0.00	0	

(25)(1000)	1.00	(61)15	85.00	0	

(26)(319)	1.00	(20)14	(24)1	(15)1	0.00	0	

(27)(1100)	1.00	(32)28	(68)3	0.00	0	

(28)(1100)	1.00	(39)14	(22)1	(28)19	0.00	0	

(29)(1000)	1.00	(71)1	(29)2	(82)10	(51)1	0.00	0	

(30)(1100)	1.00	(18)7	(22)2	(15)62	0.00	0	

(31)(1100)	1.00	(62)2	(29)1	(53)2	(43)19	(24)1	0.00	0	

(32)(319)	1.00	(6)23	(20)6	(10)6	1.00	0	

(33)(1000)	1.00	(15)1	(40)23	(65)1	0.00	0	

(34)(1000)	1.00	(60)9	(22)1	(47)9	(15)1	0.00	0	

(35)(92)	1.00	(20)2	(10)3	(7)3	1.00	0	

(38)(1100)	5.00	(18)1	(64)1	(32)1	(80)12	(26)1	0.00	0	
max retalho: 5

(0)(1100)	1.00	(71)13	177.00	0	

(1)(1100)	1.00	(62)6	728.00	0	

(2)(1100)	1.00	(50)10	600.00	0	

(3)(1100)	1.00	(76)5	720.00	0	

(4)(1100)	1.00	(64)7	652.00	0	

(5)(1100)	1.00	(54)8	668.00	0	

(6)(1100)	1.00	(80)10	300.00	0	

(7)(1100)	1.00	(57)6	758.00	0	

(8)(1100)	1.00	(36)18	452.00	0	

(9)(1100)	1.00	(26)21	554.00	0	

(10)(1100)	1.00	(51)18	182.00	0	

(11)(1100)	1.00	(77)8	484.00	0	

(12)(1100)	1.00	(65)8	580.00	0	

(13)(1100)	1.00	(18)35	470.00	0	

(14)(1100)	1.00	(29)12	752.00	0	

(15)(1100)	1.00	(10)58	520.00	0	

(16)(1100)	1.00	(19)24	644.00	0	

(17)(1100)	1.00	(22)15	770.00	0	

(20)(1100)	1.00	(61)5	795.00	0	

(21)(92)	1.00	(27)3	11.00	0	

(25)(1100)	1.00	(68)4	828.00	0	

(26)(92)	1.00	(60)1	(27)1	5.00	0	

(29)(92)	1.00	(60)1	(17)1	15.00	0	
max retalho: 5

(0)(1100)	1.00	(60)2	(39)1	(27)5	(53)4	(32)7	(20)5	(15)4	(82)1	(72)1	(28)2	0.00	0	
max retalho: 5

(0)(319)	1.00	(72)2	(28)6	7.00	0	
Sobra Total: 0.00
Perda Total: 11957.00

Total Barras Cortadas:
Barra (1000) : 29
Barra (1100) : 86
Barra (105) : 6
Barra (319) : 5
Barra (92) : 4

Retalhos Gerados:
