
Saida Arquivo/Entrada/Class8/D8d4.txt

Minimizar a Perda Total
max retalho: 5
(0)(1100)	23.00	(138)2	(140)5	(123)1	1.00	0	
(1)(1100)	18.00	(123)1	(108)9	5.00	0	
(2)(1100)	16.00	(100)11	0.00	0	
(3)(1100)	15.00	(131)4	(115)5	1.00	0	
(4)(1100)	12.00	(131)1	(116)2	(92)8	1.00	0	
(5)(1100)	5.00	(123)8	(115)1	1.00	0	
(6)(1100)	4.00	(131)4	(116)4	(108)1	4.00	0	
(7)(1100)	2.00	(131)2	(93)9	1.00	0	
(8)(1100)	1.00	(131)6	(108)2	(92)1	6.00	0	
(9)(1100)	1.00	(138)7	(131)1	3.00	0	
(10)(1000)	8.00	(138)4	(140)1	(123)1	(92)2	1.00	0	
max retalho: 5
(1)(1100)	1.00	(123)8	(108)1	8.00	0	
(4)(1100)	1.00	(108)5	(92)2	(93)4	4.00	0	
max retalho: 5
(2)(1000)	1.00	(138)1	(140)2	(131)2	(108)1	(100)2	12.00	0	
max retalho: 5
(3)(1000)	1.00	(131)2	(123)1	(116)2	(100)3	83.00	0	
Sobra Total: 0.00
Perda Total: 287.00

Total Barras Cortadas:
Barra (1000) : 10
Barra (1100) : 99
Barra (234) : 0
Barra (416) : 0
Barra (224) : 0
Barra (405) : 0
Barra (213) : 0

Retalhos Gerados:
