
Saida Arquivo/Entrada/Class8/D8d3.txt

Minimizar a Perda Total
max retalho: 5
(0)(1100)	26.00	(216)4	(67)1	(42)4	1.00	0	
(1)(1100)	19.00	(67)2	(193)5	1.00	0	
(2)(1100)	12.00	(59)5	(201)4	1.00	0	
(3)(1100)	11.00	(67)1	(209)3	(201)2	4.00	0	
(4)(1100)	8.00	(51)1	(201)5	(44)1	0.00	0	
(5)(1100)	4.00	(201)5	(44)2	7.00	0	
(6)(1100)	2.00	(208)4	(59)1	(209)1	0.00	0	
(7)(1100)	3.00	(67)14	(59)2	(44)1	0.00	0	
(9)(1100)	11.00	(67)2	(209)4	(42)1	(44)2	0.00	0	
max retalho: 5
(0)(1100)	1.00	(209)3	(42)2	(193)2	3.00	0	
(1)(1100)	1.00	(208)1	(201)4	(42)2	4.00	0	
max retalho: 5
(3)(1000)	1.00	(208)2	(42)1	(193)1	(44)3	217.00	0	
Sobra Total: 0.00
Perda Total: 353.00

Total Barras Cortadas:
Barra (1000) : 1
Barra (1100) : 98
Barra (183) : 0
Barra (357) : 0
Barra (173) : 0
Barra (359) : 0
Barra (163) : 0

Retalhos Gerados:
