
Saida Arquivo/Entrada/Class8/D8d17.txt

Minimizar a Perda Total
max retalho: 5
(0)(1100)	28.00	(197)5	115.00	0	
(1)(1100)	21.00	(204)5	80.00	0	
(2)(1000)	18.00	(55)1	(189)5	0.00	0	
(3)(1100)	18.00	(212)5	40.00	0	
(4)(1100)	16.00	(196)5	120.00	0	
(5)(1000)	12.00	(196)1	(47)1	(189)4	1.00	0	
(6)(1100)	9.00	(63)17	29.00	0	
(7)(1100)	3.00	(38)28	36.00	0	
(8)(1100)	1.00	(62)17	46.00	0	
(10)(1000)	8.00	(62)1	(196)2	(197)2	(38)4	0.00	0	
max retalho: 5
(0)(1100)	1.00	(62)3	(204)4	(55)1	(38)1	5.00	0	
(4)(1000)	1.00	(212)1	(55)4	(189)3	1.00	0	
(7)(1000)	1.00	(197)1	(38)21	5.00	0	
max retalho: 5
(0)(1100)	1.00	(62)8	(63)1	(196)1	(38)4	(189)1	4.00	0	
max retalho: 5
(0)(1100)	1.00	(62)1	(212)1	(197)4	38.00	0	
max retalho: 5
(0)(1100)	1.00	(62)2	0	976	
Sobra Total: 976.00
Perda Total: 8020.00

Total Barras Cortadas:
Barra (1000) : 40
Barra (1100) : 100
Barra (361) : 0
Barra (175) : 0
Barra (351) : 0
Barra (165) : 0
Barra (341) : 0

Retalhos Gerados:
Retalho (976) : 1
