
Saida Arquivo/Entrada/Class8/D8d5.txt

Minimizar a Perda Total
max retalho: 5
(0)(1100)	20.00	(203)4	(53)1	(47)1	(188)1	0.00	0	
(1)(1100)	16.00	(62)1	(53)1	(45)1	(188)5	0.00	0	
(2)(1100)	16.00	(211)4	(203)1	(53)1	0.00	0	
(3)(1100)	13.00	(70)1	(211)1	(204)4	3.00	0	
(4)(1100)	7.00	(70)1	(53)4	(204)4	2.00	0	
(5)(1100)	6.00	(62)1	(45)22	(47)1	1.00	0	
(6)(1100)	5.00	(62)1	(53)1	(196)5	5.00	0	
(7)(1100)	1.00	(211)4	(62)1	(53)1	(47)3	0.00	0	
max retalho: 5
(0)(1100)	1.00	(70)4	(62)1	(53)2	(204)2	(196)1	(47)1	1.00	0	
max retalho: 5
(0)(1100)	1.00	(62)13	(53)1	(45)1	(196)1	0.00	0	
max retalho: 5
(0)(1100)	1.00	(211)2	(203)1	(45)1	(196)1	(47)2	140.00	0	
max retalho: 5
(0)(1100)	1.00	(211)1	0	889	
Sobra Total: 889.00
Perda Total: 225.00

Total Barras Cortadas:
Barra (1000) : 0
Barra (1100) : 88
Barra (360) : 0
Barra (175) : 0
Barra (350) : 0
Barra (165) : 0
Barra (352) : 0

Retalhos Gerados:
Retalho (889) : 1
