
Saida Arquivo/Entrada/Class8/D8d16.txt

Minimizar a Perda Total
max retalho: 5
(0)(1100)	22.00	(125)8	100.00	0	
(1)(1100)	16.00	(93)11	77.00	0	
(2)(1100)	15.00	(101)10	90.00	0	
(3)(1100)	14.00	(116)9	56.00	0	
(4)(1100)	10.00	(85)12	80.00	0	
(5)(1100)	6.00	(133)8	36.00	0	
(6)(1100)	5.00	(109)10	10.00	0	
(7)(1100)	4.00	(108)10	20.00	0	
(8)(1100)	3.00	(140)7	120.00	0	
(9)(1100)	1.00	(131)8	52.00	0	
(10)(1000)	10.00	(140)5	(125)1	(85)2	5.00	0	
max retalho: 5
(0)(1100)	1.00	(125)1	(109)5	(85)5	5.00	0	
(1)(1100)	1.00	(125)1	(116)3	(108)3	(101)3	0.00	0	
max retalho: 5
(0)(1100)	1.00	(133)5	(125)1	(109)2	92.00	0	
max retalho: 5
(0)(1100)	1.00	(109)2	0	882	
Sobra Total: 882.00
Perda Total: 7271.00

Total Barras Cortadas:
Barra (1000) : 10
Barra (1100) : 100
Barra (223) : 0
Barra (417) : 0
Barra (225) : 0
Barra (406) : 0
Barra (214) : 0

Retalhos Gerados:
Retalho (882) : 1
