
Saida Arquivo/Entrada/Class8/D8d1.txt

Minimizar a Perda Total
max retalho: 5
(0)(1100)	20.00	(164)3	(14)3	(141)3	(142)1	1.00	0	
(1)(1100)	18.00	(172)3	(149)2	(142)2	2.00	0	
(2)(1100)	15.00	(23)1	(14)2	(6)1	(149)7	0.00	0	
(3)(1100)	15.00	(164)1	(14)3	(165)2	(141)4	0.00	0	
(4)(1100)	13.00	(172)5	(23)3	(165)1	(6)1	0.00	0	
(5)(1100)	9.00	(157)7	1.00	0	
(6)(1000)	8.00	(164)6	(14)1	2.00	0	
(7)(1000)	8.00	(6)2	(141)7	1.00	0	
(8)(1100)	6.00	(172)6	(14)4	(6)2	0.00	0	
(9)(1100)	1.00	(164)1	(6)15	(141)6	0.00	0	
(10)(1000)	10.00	(142)7	6.00	0	
max retalho: 5
(1)(1100)	1.00	(172)1	(164)3	(6)2	(141)3	1.00	0	
max retalho: 5
(2)(1100)	1.00	(23)1	(14)1	(165)1	(149)6	4.00	0	
max retalho: 5
(3)(1100)	1.00	(172)2	(6)3	(157)2	(141)3	1.00	0	
max retalho: 5
(0)(275)	1.00	(172)1	(14)4	(6)2	35.00	0	
Sobra Total: 0.00
Perda Total: 190.00

Total Barras Cortadas:
Barra (1000) : 26
Barra (1100) : 100
Barra (296) : 0
Barra (478) : 0
Barra (285) : 0
Barra (467) : 0
Barra (275) : 1

Retalhos Gerados:
