
Saida Arquivo/Entrada/Class8/D8d8.txt

Minimizar a Perda Total
max retalho: 5
(0)(1100)	19.00	(113)8	(106)1	(90)1	0.00	0	
(1)(1100)	19.00	(129)7	(106)1	(91)1	0.00	0	
(2)(1000)	19.00	(136)1	(121)1	(106)7	1.00	0	
(3)(1100)	15.00	(137)8	4.00	0	
(4)(1100)	13.00	(136)8	12.00	0	
(5)(1100)	13.00	(114)1	(98)10	6.00	0	
(6)(1100)	7.00	(121)9	11.00	0	
(7)(1100)	4.00	(114)8	(98)1	(90)1	0.00	0	
(8)(1100)	4.00	(91)12	8.00	0	
(9)(1100)	2.00	(136)1	(98)8	(90)2	0.00	0	
(10)(1000)	5.00	(129)6	(113)2	0.00	0	
max retalho: 5
(0)(1100)	1.00	(137)4	(91)6	6.00	0	
(2)(1100)	1.00	(136)2	(113)4	(98)2	(90)2	0.00	0	
max retalho: 5
(2)(1100)	1.00	(137)1	(121)6	(114)2	9.00	0	
max retalho: 5
(0)(1100)	1.00	(136)1	(114)5	(106)1	(90)1	(91)2	16.00	0	
Sobra Total: 0.00
Perda Total: 453.00

Total Barras Cortadas:
Barra (1000) : 24
Barra (1100) : 100
Barra (230) : 0
Barra (412) : 0
Barra (219) : 0
Barra (402) : 0
Barra (209) : 0

Retalhos Gerados:
