
Saida Arquivo/Entrada/Class8/D8d19.txt

Minimizar a Perda Total
max retalho: 5
(0)(1100)	29.00	(215)4	(199)1	(41)1	0.00	0	
(1)(1100)	29.00	(58)1	(41)2	(192)5	0.00	0	
(2)(1100)	15.00	(65)5	(56)2	(207)3	(41)1	1.00	0	
(3)(1000)	9.00	(199)5	5.00	0	
(4)(1100)	6.00	(56)18	(50)1	(41)1	1.00	0	
(5)(1100)	5.00	(58)18	(50)1	6.00	0	
(6)(1100)	5.00	(50)22	0.00	0	
(7)(1100)	5.00	(207)5	(58)1	7.00	0	
(8)(1100)	2.00	(56)5	(41)20	0.00	0	
(9)(1000)	2.00	(215)4	(58)1	(41)2	0.00	0	
(10)(1000)	22.00	(199)1	(200)4	1.00	0	
max retalho: 5
(1)(1100)	1.00	(215)1	(50)2	(200)2	(192)2	1.00	0	
(2)(1100)	1.00	(65)1	(56)15	(192)1	3.00	0	
(5)(1100)	1.00	(65)2	(207)2	(50)7	(41)5	1.00	0	
max retalho: 5
(1)(1100)	1.00	(199)4	(50)2	(200)1	4.00	0	
max retalho: 5
(0)(1000)	1.00	(65)1	(58)11	(50)1	247.00	0	
Sobra Total: 0.00
Perda Total: 409.00

Total Barras Cortadas:
Barra (1000) : 34
Barra (1100) : 100
Barra (366) : 0
Barra (169) : 0
Barra (356) : 0
Barra (171) : 0
Barra (346) : 0

Retalhos Gerados:
