
Saida Arquivo/Entrada/Class8/D8d9.txt

Minimizar a Perda Total
max retalho: 5
(0)(1000)	23.00	(67)1	(185)5	8.00	0	
(1)(1100)	21.00	(194)5	130.00	0	
(2)(1100)	18.00	(202)5	90.00	0	
(3)(1100)	17.00	(201)5	95.00	0	
(4)(1100)	16.00	(209)5	55.00	0	
(5)(1100)	7.00	(51)21	29.00	0	
(6)(1100)	5.00	(44)25	0.00	0	
(7)(1100)	5.00	(59)18	38.00	0	
(8)(1100)	5.00	(43)25	25.00	0	
(9)(1100)	2.00	(67)16	28.00	0	
(10)(1000)	5.00	(51)1	(43)4	(194)4	1.00	0	
max retalho: 5
(1)(1100)	1.00	(67)2	(201)2	(51)11	3.00	0	
(3)(1000)	1.00	(67)1	(51)1	(44)20	2.00	0	
max retalho: 5
(0)(1100)	1.00	(209)3	(59)1	(44)1	(185)2	0.00	0	
max retalho: 5
(1)(1100)	1.00	(209)1	(59)4	(201)1	(51)1	(202)1	(194)1	7.00	0	
max retalho: 5
(3)(1000)	1.00	(67)2	(43)2	(44)1	(185)1	0	551	
Sobra Total: 551.00
Perda Total: 7620.00

Total Barras Cortadas:
Barra (1000) : 30
Barra (1100) : 99
Barra (357) : 0
Barra (170) : 0
Barra (347) : 0
Barra (160) : 0
Barra (348) : 0

Retalhos Gerados:
Retalho (551) : 1
