
4 Soluções

Saida Arquivo/Entrada/Class4/D4d17.txt

Minimizar a Perda Total
max retalho: 5

(0)(1100)	19.00	(243)2	(234)1	(190)2	0.00	0	

(1)(1000)	12.00	(201)2	(169)1	(157)1	(136)2	0.00	0	

(2)(1100)	10.00	(167)1	(169)1	(157)4	(136)1	0.00	0	

(3)(1000)	10.00	(234)1	(199)2	(190)1	(178)1	0.00	0	

(4)(1100)	9.00	(201)1	(167)2	(157)1	(136)3	0.00	0	

(5)(1100)	9.00	(234)3	(199)2	0.00	0	

(6)(1100)	7.00	(334)3	98.00	0	

(7)(430)	5.00	(211)2	8.00	0	

(8)(261)	5.00	(23)2	(211)1	4.00	0	

(9)(431)	5.00	(234)1	(190)1	7.00	0	

(10)(1000)	4.00	(23)1	(199)3	(190)2	0.00	0	

(11)(1100)	4.00	(234)1	(222)3	(199)1	1.00	0	

(12)(1100)	1.00	(232)4	(23)1	(13)1	(134)1	2.00	0	

(13)(430)	1.00	(13)33	1.00	0	

(14)(1000)	1.00	(34)18	(23)7	(222)1	5.00	0	

(15)(1000)	1.00	(232)1	(23)1	(222)2	(146)2	9.00	0	

(16)(261)	1.00	(23)2	(11)19	6.00	0	

(17)(1100)	1.00	(211)5	45.00	0	
max retalho: 5

(0)(1100)	1.00	(232)2	636.00	0	

(1)(1100)	1.00	(201)3	497.00	0	

(2)(1100)	1.00	(334)2	432.00	0	

(3)(1100)	1.00	(190)3	530.00	0	

(4)(1100)	1.00	(243)1	(23)20	(222)1	(13)3	(136)1	0.00	0	

(6)(1100)	1.00	(157)5	315.00	0	

(9)(1100)	1.00	(23)1	(211)1	(199)2	(167)2	(134)1	0.00	0	
max retalho: 5

(0)(1000)	1.00	(23)20	0	540	
Sobra Total: 540.00
Perda Total: 3263.00

Total Barras Cortadas:
Barra (1000) : 29
Barra (1100) : 67
Barra (430) : 6
Barra (261) : 6
Barra (431) : 5

Retalhos Gerados:
Retalho (540) : 1

7 Soluções

Saida Arquivo/Entrada/Class4/D4d17.txt

Minimizar a Perda Total
max retalho: 5

(0)(1100)	15.00	(234)3	(199)2	0.00	0	

(1)(1000)	13.00	(234)1	(199)2	(201)1	(167)1	0.00	0	

(2)(1100)	11.00	(190)5	(136)1	14.00	0	

(3)(1000)	10.00	(243)3	(23)4	(178)1	1.00	0	

(4)(1100)	8.00	(157)7	1.00	0	

(5)(430)	7.00	(157)1	(136)2	1.00	0	

(6)(1100)	6.00	(334)3	98.00	0	

(7)(1000)	5.00	(222)3	(334)1	0.00	0	

(8)(431)	4.00	(234)1	(190)1	7.00	0	

(9)(1100)	4.00	(201)5	95.00	0	

(10)(1100)	4.00	(211)5	45.00	0	

(11)(1100)	4.00	(136)8	12.00	0	

(12)(261)	3.00	(23)3	(190)1	2.00	0	

(13)(1100)	2.00	(167)6	98.00	0	

(14)(261)	2.00	(34)7	(23)1	0.00	0	

(15)(1100)	2.00	(243)4	(23)5	(13)1	0.00	0	

(16)(1100)	1.00	(232)4	(23)1	(146)1	3.00	0	

(17)(1100)	1.00	(243)1	(11)19	(190)2	(134)2	0.00	0	

(19)(1000)	4.00	(169)5	(136)1	19.00	0	
max retalho: 5

(0)(1100)	1.00	(234)3	398.00	0	

(1)(1100)	1.00	(232)3	404.00	0	

(2)(1100)	1.00	(34)4	(23)3	(222)1	(13)1	(211)1	(167)1	(146)1	(136)1	0.00	0	

(3)(431)	1.00	(13)9	(157)2	0.00	0	

(4)(1100)	1.00	(13)2	(201)2	(167)2	(169)2	0.00	0	

(13)(261)	1.00	(13)8	(157)1	0.00	0	
max retalho: 5

(0)(1000)	1.00	(23)1	(13)15	(201)1	(167)2	0	247	
Sobra Total: 247.00
Perda Total: 2486.00

Total Barras Cortadas:
Barra (1000) : 33
Barra (1100) : 62
Barra (430) : 7
Barra (261) : 6
Barra (431) : 5

Retalhos Gerados:
Retalho (247) : 1

10 Soluções

Saida Arquivo/Entrada/Class4/D4d17.txt

Minimizar a Perda Total
max retalho: 5

(0)(1100)	19.00	(243)2	(234)1	(190)2	0.00	0	

(1)(1100)	10.00	(211)2	(201)2	(136)2	4.00	0	

(2)(1000)	10.00	(234)1	(199)2	(190)1	(178)1	0.00	0	

(3)(1000)	8.00	(234)1	(199)2	(201)1	(167)1	0.00	0	

(4)(1100)	8.00	(157)1	(136)2	(334)2	3.00	0	

(5)(1100)	7.00	(157)7	1.00	0	

(6)(1100)	6.00	(201)1	(157)1	(136)3	(334)1	0.00	0	

(7)(1100)	6.00	(234)3	(199)2	0.00	0	

(8)(430)	6.00	(23)4	(169)2	0.00	0	

(9)(1000)	5.00	(222)3	(167)2	0.00	0	

(10)(261)	5.00	(23)3	(190)1	2.00	0	

(11)(431)	5.00	(234)1	(190)1	7.00	0	

(12)(1000)	2.00	(232)3	(136)2	32.00	0	

(13)(1000)	2.00	(23)1	(199)3	(190)2	0.00	0	

(14)(1100)	2.00	(23)3	(167)6	29.00	0	

(15)(1100)	1.00	(23)3	(169)6	17.00	0	

(16)(430)	1.00	(34)2	(23)3	(146)2	1.00	0	

(17)(261)	1.00	(34)1	(11)19	(13)1	5.00	0	

(21)(1000)	1.00	(243)1	(232)1	(23)1	(234)1	(134)2	0.00	0	
max retalho: 5

(0)(1100)	1.00	(34)2	(13)22	(211)1	(201)1	(334)1	0.00	0	

(1)(1100)	1.00	(234)4	164.00	0	

(2)(1100)	1.00	(34)2	(23)12	(222)1	(199)2	(136)1	0.00	0	

(3)(1100)	1.00	(34)2	(190)2	(169)2	(157)2	0.00	0	
max retalho: 5

(0)(1100)	1.00	(13)14	918.00	0	
max retalho: 5

(0)(1000)	1.00	(34)7	(169)2	(136)3	16.00	0	
max retalho: 5

(0)(1000)	1.00	(34)2	(201)1	(157)1	0	574	
Sobra Total: 574.00
Perda Total: 1359.00

Total Barras Cortadas:
Barra (1000) : 30
Barra (1100) : 64
Barra (430) : 7
Barra (261) : 6
Barra (431) : 5

Retalhos Gerados:
Retalho (574) : 1
