
4 Soluções

Saida Arquivo/Entrada/Class4/D4d18.txt

Minimizar a Perda Total
max retalho: 5

(0)(1100)	18.00	(92)1	(291)3	(59)1	(38)2	0.00	0	

(1)(1000)	11.00	(313)2	(303)1	(71)1	0.00	0	

(2)(1100)	10.00	(269)4	24.00	0	

(3)(1100)	9.00	(303)3	191.00	0	

(4)(1100)	9.00	(247)4	112.00	0	

(5)(1000)	8.00	(280)3	(48)1	(37)2	(38)1	0.00	0	

(6)(1100)	7.00	(324)3	128.00	0	

(7)(206)	7.00	(102)1	(103)1	1.00	0	

(8)(1100)	5.00	(270)4	20.00	0	

(9)(1000)	5.00	(324)1	(301)2	(37)2	0.00	0	

(10)(1100)	4.00	(102)10	80.00	0	

(11)(1100)	4.00	(301)1	(303)2	(69)1	(48)1	(38)2	0.00	0	

(12)(1100)	3.00	(92)11	88.00	0	

(13)(1100)	3.00	(81)13	47.00	0	

(14)(1100)	3.00	(69)15	65.00	0	

(15)(197)	2.00	(48)1	(37)3	(38)1	0.00	0	

(16)(358)	2.00	(37)3	(247)1	0.00	0	

(17)(1100)	1.00	(48)22	44.00	0	

(18)(1000)	1.00	(301)1	(291)2	(69)1	(48)1	0.00	0	

(19)(1100)	1.00	(71)15	35.00	0	

(20)(1000)	1.00	(103)1	(81)1	(259)3	(38)1	1.00	0	
max retalho: 5

(0)(197)	4.00	(102)1	(92)1	3.00	0	

(1)(1100)	1.00	(303)2	494.00	0	

(2)(1100)	1.00	(269)3	293.00	0	

(3)(1100)	1.00	(92)2	(81)3	(280)1	(71)1	(37)1	(247)1	(38)1	0.00	0	

(8)(1100)	1.00	(48)8	716.00	0	
max retalho: 5

(0)(1000)	1.00	(102)2	(81)1	(71)3	0	502	
Sobra Total: 502.00
Perda Total: 6485.00

Total Barras Cortadas:
Barra (1000) : 27
Barra (1100) : 81
Barra (206) : 7
Barra (358) : 2
Barra (197) : 6

Retalhos Gerados:
Retalho (502) : 1

7 Soluções

Saida Arquivo/Entrada/Class4/D4d18.txt

Minimizar a Perda Total
max retalho: 5

(0)(1100)	11.00	(301)1	(303)2	(81)1	(37)2	(38)1	0.00	0	

(1)(1000)	10.00	(313)2	(303)1	(71)1	0.00	0	

(2)(1100)	10.00	(269)4	24.00	0	

(3)(1100)	9.00	(247)4	112.00	0	

(4)(1100)	8.00	(324)3	128.00	0	

(5)(1000)	7.00	(280)3	(48)1	(37)2	(38)1	0.00	0	

(6)(206)	7.00	(102)2	2.00	0	

(7)(1000)	7.00	(103)1	(303)2	(291)1	0.00	0	

(8)(197)	6.00	(102)1	(92)1	3.00	0	

(9)(1100)	5.00	(270)4	20.00	0	

(10)(1100)	3.00	(102)10	80.00	0	

(11)(1100)	3.00	(69)15	65.00	0	

(12)(1100)	3.00	(92)11	88.00	0	

(13)(1100)	2.00	(81)13	47.00	0	

(14)(1100)	1.00	(92)1	(48)21	0.00	0	

(15)(1100)	1.00	(71)1	(38)27	3.00	0	

(16)(358)	1.00	(280)1	(71)1	7.00	0	

(17)(1000)	1.00	(301)2	(92)1	(59)1	(247)1	0.00	0	

(18)(1000)	1.00	(103)1	(81)1	(259)3	(38)1	1.00	0	

(19)(1100)	16.00	(92)1	(291)3	(71)1	(59)1	5.00	0	

(20)(358)	1.00	(69)1	(280)1	9.00	0	

(21)(197)	1.00	(69)2	(59)1	0.00	0	
max retalho: 5

(0)(1100)	1.00	(324)2	452.00	0	

(1)(1100)	1.00	(301)2	498.00	0	

(2)(1100)	1.00	(303)2	494.00	0	

(3)(1100)	1.00	(102)1	(81)1	(291)1	(69)1	(71)2	(37)3	(38)8	0.00	0	

(4)(1100)	1.00	(269)3	293.00	0	

(5)(1100)	1.00	(48)17	284.00	0	

(6)(1100)	1.00	(313)2	474.00	0	

(7)(1100)	1.00	(280)2	540.00	0	

(9)(1100)	1.00	(247)2	606.00	0	
max retalho: 5

(0)(1000)	1.00	(102)2	(81)5	(69)1	(38)2	0	246	
Sobra Total: 246.00
Perda Total: 6938.00

Total Barras Cortadas:
Barra (1000) : 27
Barra (1100) : 81
Barra (206) : 7
Barra (358) : 2
Barra (197) : 7

Retalhos Gerados:
Retalho (246) : 1

10 Soluções

Saida Arquivo/Entrada/Class4/D4d18.txt

Minimizar a Perda Total
max retalho: 5

(0)(1100)	18.00	(303)2	(247)2	0.00	0	

(1)(1100)	18.00	(92)1	(291)3	(59)1	(38)2	0.00	0	

(2)(1100)	11.00	(102)1	(313)2	(303)1	(69)1	0.00	0	

(3)(1100)	10.00	(324)2	(102)1	(81)1	(269)1	0.00	0	

(4)(1000)	7.00	(102)3	(301)2	(92)1	0.00	0	

(5)(197)	7.00	(103)1	(92)1	2.00	0	

(6)(1000)	6.00	(324)1	(102)1	(92)2	(81)1	(69)1	(48)5	0.00	0	

(7)(1100)	5.00	(269)4	24.00	0	

(8)(1100)	5.00	(280)3	(37)6	(38)1	0.00	0	

(9)(1100)	5.00	(269)1	(270)3	21.00	0	

(10)(1000)	3.00	(81)2	(71)8	(270)1	0.00	0	

(11)(1000)	2.00	(92)1	(81)7	(71)1	(270)1	0.00	0	

(12)(1100)	3.00	(92)2	(280)3	(37)2	2.00	0	

(13)(358)	2.00	(69)1	(48)6	1.00	0	

(14)(1100)	2.00	(92)1	(69)14	42.00	0	

(15)(1000)	1.00	(103)1	(81)1	(259)3	(38)1	1.00	0	

(17)(1100)	2.00	(291)1	(269)3	2.00	0	
max retalho: 5

(0)(206)	2.00	(102)2	2.00	0	

(1)(206)	2.00	(92)1	(37)1	(38)2	1.00	0	

(2)(206)	1.00	(92)1	(71)1	43.00	0	

(3)(1100)	1.00	(301)1	799.00	0	

(4)(1100)	1.00	(81)1	(69)3	(269)1	(48)3	(247)1	(38)4	0.00	0	
max retalho: 5

(0)(1100)	1.00	(280)1	820.00	0	

(1)(206)	1.00	(81)1	(71)1	54.00	0	

(4)(1100)	1.00	(247)2	606.00	0	
max retalho: 5

(0)(1100)	1.00	(37)1	1063.00	0	

(1)(1100)	1.00	(102)1	(303)1	(81)3	(71)2	(269)1	(38)1	3.00	0	

(7)(206)	1.00	(81)1	(38)3	11.00	0	
max retalho: 5

(0)(1000)	1.00	(81)1	(38)2	0	843	
Sobra Total: 843.00
Perda Total: 3741.00

Total Barras Cortadas:
Barra (1000) : 20
Barra (1100) : 85
Barra (206) : 7
Barra (358) : 2
Barra (197) : 7

Retalhos Gerados:
Retalho (843) : 1
