
4 Soluções

Saida Arquivo/Entrada/Class4/D4d14.txt

Minimizar a Perda Total
max retalho: 5

(0)(1000)	14.00	(333)3	1.00	0	

(1)(1000)	12.00	(177)3	(156)1	(312)1	1.00	0	

(2)(1100)	12.00	(189)1	(168)1	(335)2	73.00	0	

(3)(1100)	10.00	(156)3	(312)2	8.00	0	

(4)(1100)	7.00	(189)1	(302)3	5.00	0	

(5)(1100)	6.00	(200)1	(300)3	0.00	0	

(6)(415)	5.00	(312)1	(103)1	0.00	0	

(7)(406)	5.00	(114)3	64.00	0	

(8)(1000)	5.00	(179)2	(145)4	62.00	0	

(9)(1100)	5.00	(168)1	(124)5	(312)1	0.00	0	

(10)(254)	5.00	(200)1	54.00	0	

(11)(1000)	4.00	(200)4	(179)1	21.00	0	

(12)(1000)	4.00	(168)4	(147)2	34.00	0	

(13)(406)	4.00	(179)1	(112)2	3.00	0	

(14)(1000)	2.00	(168)4	(103)3	19.00	0	

(15)(1100)	3.00	(124)1	(323)3	7.00	0	

(16)(1000)	2.00	(147)6	(103)1	15.00	0	

(17)(1000)	1.00	(147)3	(335)1	(112)2	0.00	0	

(18)(1100)	1.00	(179)4	(323)1	61.00	0	

(20)(1100)	2.00	(147)1	(312)3	17.00	0	

(21)(1000)	1.00	(135)3	(114)2	(91)4	3.00	0	
max retalho: 5

(0)(1100)	1.00	(333)1	767.00	0	

(1)(1100)	1.00	(335)2	430.00	0	

(2)(1100)	1.00	(300)1	800.00	0	

(3)(1100)	1.00	(200)3	500.00	0	

(5)(1100)	1.00	(177)3	569.00	0	

(6)(1100)	1.00	(189)1	911.00	0	

(7)(1100)	1.00	(179)2	(168)2	(145)1	(147)1	(114)1	0.00	0	
max retalho: 5

(0)(1100)	1.00	(179)1	(156)2	(114)2	(103)3	72.00	0	
max retalho: 5

(0)(1000)	1.00	(103)1	0	897	
Sobra Total: 897.00
Perda Total: 6385.00

Total Barras Cortadas:
Barra (1000) : 46
Barra (1100) : 54
Barra (415) : 5
Barra (254) : 5
Barra (406) : 9

Retalhos Gerados:
Retalho (897) : 1

7 Soluções

Saida Arquivo/Entrada/Class4/D4d14.txt

Minimizar a Perda Total
max retalho: 5

(0)(1100)	15.00	(124)1	(312)3	40.00	0	

(1)(1000)	14.00	(333)3	1.00	0	

(2)(1000)	14.00	(168)3	(156)1	(335)1	5.00	0	

(3)(406)	9.00	(179)2	48.00	0	

(4)(1100)	6.00	(189)1	(302)3	5.00	0	

(5)(1100)	6.00	(200)1	(300)3	0.00	0	

(6)(1000)	5.00	(177)3	(156)3	1.00	0	

(7)(1000)	4.00	(200)5	0.00	0	

(8)(1100)	4.00	(177)3	(112)1	(114)4	1.00	0	

(9)(1000)	4.00	(145)5	(147)1	(124)1	4.00	0	

(10)(254)	3.00	(124)2	6.00	0	

(11)(1000)	3.00	(179)1	(147)1	(335)2	4.00	0	

(12)(1100)	3.00	(147)5	(323)1	42.00	0	

(13)(1000)	3.00	(177)2	(323)2	0.00	0	

(14)(415)	3.00	(179)1	(156)1	80.00	0	

(15)(415)	3.00	(177)1	(112)2	14.00	0	

(16)(1100)	2.00	(335)1	(103)7	44.00	0	

(17)(1100)	1.00	(156)7	8.00	0	

(18)(1000)	2.00	(147)1	(335)2	183.00	0	

(19)(1100)	2.00	(189)5	155.00	0	

(20)(1000)	1.00	(135)3	(114)2	(91)4	3.00	0	
max retalho: 5

(0)(1100)	1.00	(179)1	(312)1	(302)2	5.00	0	

(1)(1000)	1.00	(177)1	(156)1	(147)2	(333)1	40.00	0	

(3)(1100)	1.00	(200)4	(300)1	0.00	0	

(4)(1000)	1.00	(189)4	(124)1	(103)1	17.00	0	

(8)(1000)	1.00	(156)4	(145)1	(114)2	3.00	0	

(12)(254)	1.00	(124)1	(103)1	27.00	0	
max retalho: 5

(0)(254)	1.00	(177)1	77.00	0	

(1)(1100)	1.00	(302)1	798.00	0	

(2)(1100)	1.00	(103)1	997.00	0	

(3)(1100)	1.00	(124)1	(335)1	(323)1	(312)1	6.00	0	
max retalho: 5

(0)(1000)	1.00	(177)1	(168)1	(312)1	0	343	
Sobra Total: 343.00
Perda Total: 4354.00

Total Barras Cortadas:
Barra (1000) : 54
Barra (1100) : 44
Barra (415) : 6
Barra (254) : 5
Barra (406) : 9

Retalhos Gerados:
Retalho (343) : 1

10 Soluções

Saida Arquivo/Entrada/Class4/D4d14.txt

Minimizar a Perda Total
max retalho: 5

(0)(1000)	10.00	(333)3	1.00	0	

(1)(1000)	10.00	(177)3	(179)1	(145)2	0.00	0	

(2)(1000)	10.00	(333)1	(335)1	(312)1	20.00	0	

(3)(1100)	9.00	(114)1	(312)2	(359)1	3.00	359	

(4)(1100)	7.00	(177)1	(168)4	(103)2	45.00	0	

(5)(1100)	6.00	(189)1	(302)3	5.00	0	

(6)(1100)	6.00	(200)1	(300)3	0.00	0	

(7)(1100)	6.00	(156)7	8.00	0	

(8)(406)	5.00	(200)1	(189)1	17.00	0	

(9)(1000)	5.00	(179)1	(168)1	(124)5	33.00	0	

(10)(254)	5.00	(179)1	75.00	0	

(11)(1100)	4.00	(335)3	(91)1	4.00	0	

(12)(1100)	4.00	(147)6	(197)1	21.00	197	

(13)(1000)	4.00	(179)1	(312)2	(197)1	0.00	197	

(14)(1100)	4.00	(168)2	(335)1	(112)1	(312)1	5.00	0	

(15)(1000)	3.00	(200)5	0.00	0	

(16)(1100)	3.00	(323)3	131.00	0	

(17)(406)	2.00	(114)2	178.00	0	

(18)(406)	1.00	(135)2	136.00	0	

(19)(1100)	1.00	(147)1	(312)3	17.00	0	

(20)(1100)	2.00	(333)1	(312)1	(197)2	61.00	394	

(21)(1000)	1.00	(147)1	(335)1	(312)1	(103)2	0.00	0	

(22)(415)	6.00	(189)1	(112)1	(114)1	0.00	0	
max retalho: 1

(0)(1100)	1.00	(200)4	300.00	0	

(1)(1100)	1.00	(189)3	533.00	0	

(2)(1100)	1.00	(177)2	746.00	0	

(3)(1100)	1.00	(179)1	(145)1	(135)1	(124)1	(114)1	(103)1	(300)1	0.00	0	

(4)(1100)	1.00	(168)2	764.00	0	

(5)(1100)	1.00	(333)1	767.00	0	

(6)(1100)	1.00	(323)1	777.00	0	

(7)(1100)	1.00	(312)2	476.00	0	

(8)(1100)	1.00	(302)3	194.00	0	

(9)(406)	1.00	(156)1	(124)2	2.00	0	
max retalho: 1

(0)(1000)	1.00	(156)1	0	844	
Sobra Total: 6439.00
Perda Total: 6958.00

Total Barras Cortadas:
Barra (1000) : 44
Barra (1100) : 61
Barra (415) : 6
Barra (254) : 5
Barra (406) : 9

Retalhos Gerados:
Retalho (359) : 9
Retalho (197) : 4
Retalho (197) : 4
Retalho (197) : 4
Retalho (844) : 1
