
4 Soluções

Saida Arquivo/Entrada/Class4/D4d11.txt

Minimizar a Perda Total
max retalho: 5

(0)(1000)	20.00	(209)1	(123)1	(334)2	0.00	0	

(1)(1000)	14.00	(211)1	(167)1	(311)2	0.00	0	

(2)(1100)	8.00	(144)6	(134)1	(102)1	0.00	0	

(3)(1000)	7.00	(178)2	(322)2	0.00	0	

(4)(1000)	6.00	(199)1	(176)1	(312)2	1.00	0	

(5)(1100)	5.00	(209)5	55.00	0	

(6)(1100)	5.00	(211)5	45.00	0	

(7)(1000)	5.00	(111)1	(113)7	(90)1	8.00	0	

(8)(1000)	4.00	(188)4	(146)1	(102)1	0.00	0	

(9)(1100)	2.00	(134)8	28.00	0	

(10)(411)	2.00	(146)2	119.00	0	

(11)(1000)	2.00	(102)8	(90)2	4.00	0	

(12)(245)	3.00	(199)1	46.00	0	

(13)(1100)	1.00	(176)6	44.00	0	

(14)(1100)	1.00	(199)3	(167)3	2.00	0	

(15)(1100)	1.00	(155)7	15.00	0	

(16)(1000)	1.00	(123)8	16.00	0	

(18)(411)	2.00	(155)1	(123)2	10.00	0	
max retalho: 5

(0)(253)	3.00	(144)1	(102)1	7.00	0	

(1)(253)	2.00	(146)1	(102)1	5.00	0	

(2)(1100)	1.00	(188)3	536.00	0	

(3)(1100)	1.00	(334)1	766.00	0	

(4)(1100)	1.00	(312)1	788.00	0	

(5)(1100)	1.00	(209)1	(178)1	(167)1	(155)2	(134)1	(102)1	0.00	0	

(6)(1100)	1.00	(211)1	(176)1	(134)2	(123)1	(322)1	0.00	0	

(7)(245)	1.00	(134)1	(102)1	9.00	0	

(8)(253)	1.00	(134)1	(113)1	6.00	0	

(9)(411)	1.00	(199)1	(90)1	122.00	0	
max retalho: 5

(0)(1100)	1.00	(209)1	(176)4	(178)1	9.00	0	

(1)(1100)	1.00	(134)2	832.00	0	
max retalho: 5

(0)(1000)	1.00	(178)2	0	644	
Sobra Total: 644.00
Perda Total: 4182.00

Total Barras Cortadas:
Barra (1000) : 60
Barra (1100) : 30
Barra (253) : 6
Barra (411) : 5
Barra (245) : 4

Retalhos Gerados:
Retalho (644) : 1

7 Soluções

Saida Arquivo/Entrada/Class4/D4d11.txt

Minimizar a Perda Total
max retalho: 5

(0)(1100)	14.00	(209)1	(134)2	(311)2	1.00	0	

(1)(1100)	13.00	(334)3	98.00	0	

(2)(1000)	12.00	(144)4	(322)1	(102)1	0.00	0	

(3)(1000)	8.00	(211)4	(155)1	1.00	0	

(4)(1000)	6.00	(209)1	(167)1	(312)2	0.00	0	

(5)(1100)	4.00	(188)4	(123)2	(102)1	0.00	0	

(6)(1000)	4.00	(209)1	(113)7	0.00	0	

(7)(1100)	4.00	(209)5	55.00	0	

(8)(1100)	4.00	(211)1	(176)1	(178)4	1.00	0	

(9)(1000)	3.00	(199)4	(102)2	0.00	0	

(10)(245)	3.00	(134)1	(111)1	0.00	0	

(11)(1100)	3.00	(123)8	(102)1	14.00	0	

(12)(411)	2.00	(113)2	(102)1	83.00	0	

(13)(411)	3.00	(211)1	(167)1	33.00	0	

(14)(1000)	2.00	(176)1	(167)4	(155)1	1.00	0	

(15)(1100)	1.00	(176)6	44.00	0	

(16)(1000)	1.00	(178)2	(322)2	0.00	0	

(17)(1100)	1.00	(167)1	(123)1	(90)9	0.00	0	

(18)(245)	1.00	(209)1	36.00	0	

(20)(253)	6.00	(146)1	(102)1	5.00	0	

(21)(1000)	1.00	(176)1	(155)1	(334)2	1.00	0	
max retalho: 5

(0)(1100)	1.00	(146)4	516.00	0	

(1)(1100)	1.00	(188)3	536.00	0	

(2)(1100)	1.00	(211)1	(199)1	(176)1	(322)1	(102)1	(90)1	0.00	0	

(4)(1100)	1.00	(113)4	648.00	0	

(5)(1100)	1.00	(144)3	668.00	0	

(6)(1100)	1.00	(209)2	682.00	0	
max retalho: 5

(0)(1000)	1.00	(176)2	(111)2	(102)1	(312)1	12.00	0	
max retalho: 5

(0)(1000)	1.00	(176)1	0	824	
Sobra Total: 824.00
Perda Total: 5002.00

Total Barras Cortadas:
Barra (1000) : 39
Barra (1100) : 50
Barra (253) : 6
Barra (411) : 5
Barra (245) : 4

Retalhos Gerados:
Retalho (824) : 1

10 Soluções

Saida Arquivo/Entrada/Class4/D4d11.txt

Minimizar a Perda Total
max retalho: 5

(0)(1100)	13.00	(144)3	(334)2	0.00	0	

(1)(1100)	9.00	(167)1	(311)3	0.00	0	

(2)(1100)	6.00	(209)1	(144)1	(123)1	(312)2	0.00	0	

(3)(1000)	6.00	(209)1	(211)1	(178)1	(134)3	0.00	0	

(4)(1000)	5.00	(209)1	(123)1	(334)2	0.00	0	

(5)(1100)	5.00	(209)3	(134)1	(113)3	0.00	0	

(6)(1100)	5.00	(134)1	(322)3	0.00	0	

(7)(411)	5.00	(211)1	(199)1	1.00	0	

(8)(1100)	5.00	(209)1	(176)1	(178)1	(155)2	(113)2	1.00	0	

(9)(1100)	5.00	(211)3	(176)1	(178)1	(113)1	0.00	0	

(10)(1100)	4.00	(188)4	(144)1	(102)2	0.00	0	

(11)(1000)	4.00	(209)1	(167)2	(123)1	(334)1	0.00	0	

(12)(245)	4.00	(211)1	34.00	0	

(13)(1000)	2.00	(199)3	(178)1	(123)1	(102)1	0.00	0	

(14)(1000)	2.00	(211)2	(176)2	(113)2	0.00	0	

(15)(1100)	2.00	(211)1	(102)8	73.00	0	

(16)(1000)	2.00	(134)1	(123)7	5.00	0	

(17)(1000)	1.00	(211)2	(176)1	(155)1	(134)1	(113)1	0.00	0	

(18)(1100)	1.00	(209)5	55.00	0	

(19)(1100)	1.00	(188)1	(144)1	(123)1	(111)5	(90)1	0.00	0	

(20)(253)	6.00	(146)1	(102)1	5.00	0	
max retalho: 5

(0)(1000)	1.00	(211)1	(188)2	(311)1	(102)1	0.00	0	

(1)(1100)	1.00	(146)4	516.00	0	

(2)(1100)	1.00	(334)1	766.00	0	

(3)(1100)	1.00	(90)9	290.00	0	

(6)(1000)	1.00	(211)1	(199)1	(176)1	(102)1	(312)1	0.00	0	
max retalho: 5

(0)(1100)	1.00	(209)1	(199)1	(176)1	(167)1	(123)1	(113)1	(102)1	11.00	0	
max retalho: 5

(0)(1000)	1.00	(144)1	0	856	
Sobra Total: 856.00
Perda Total: 1970.00

Total Barras Cortadas:
Barra (1000) : 25
Barra (1100) : 60
Barra (253) : 6
Barra (411) : 5
Barra (245) : 4

Retalhos Gerados:
Retalho (856) : 1
