
4 Soluções

Saida Arquivo/Entrada/Class4/D4d10.txt

Minimizar a Perda Total
max retalho: 5

(0)(1000)	22.00	(97)1	(308)1	(297)2	1.00	0	

(1)(1100)	18.00	(174)3	(130)1	(119)1	(329)1	0.00	0	

(2)(1000)	17.00	(184)1	(185)3	(163)1	(97)1	1.00	0	

(3)(1000)	15.00	(195)3	(329)1	(86)1	0.00	0	

(4)(1000)	15.00	(207)3	(151)1	(119)1	(109)1	0.00	0	

(5)(1100)	9.00	(151)2	(329)1	(120)3	(109)1	0.00	0	

(6)(1000)	8.00	(153)1	(120)1	(109)1	(307)2	4.00	0	

(7)(1100)	6.00	(119)1	(318)3	27.00	0	

(8)(400)	5.00	(153)2	94.00	0	

(9)(253)	4.00	(163)1	(86)1	4.00	0	

(10)(1000)	4.00	(151)3	(329)1	(109)2	0.00	0	

(11)(408)	4.00	(195)1	(97)2	19.00	0	

(12)(1000)	4.00	(195)1	(163)4	(153)1	0.00	0	

(13)(400)	4.00	(163)2	74.00	0	

(14)(1100)	2.00	(97)2	(86)10	46.00	0	

(15)(1000)	2.00	(163)2	(329)2	16.00	0	

(16)(1000)	2.00	(153)1	(141)6	1.00	0	

(17)(1100)	1.00	(151)7	43.00	0	

(18)(1100)	1.00	(207)2	(130)2	(329)1	(97)1	0.00	0	

(20)(408)	2.00	(141)1	(130)2	7.00	0	

(21)(1000)	1.00	(109)1	(297)3	0.00	0	
max retalho: 5

(0)(1100)	1.00	(307)2	486.00	0	

(1)(1100)	1.00	(86)9	326.00	0	

(2)(253)	1.00	(151)1	(97)1	5.00	0	

(3)(1100)	1.00	(329)3	113.00	0	

(4)(1100)	1.00	(185)2	730.00	0	

(7)(1100)	1.00	(141)3	677.00	0	

(11)(1100)	1.00	(195)2	710.00	0	
max retalho: 5

(0)(1100)	1.00	(109)2	882.00	0	

(1)(1100)	1.00	(174)1	(151)1	(153)1	(120)1	(97)2	(308)1	0.00	0	
max retalho: 5

(0)(1000)	1.00	(207)1	(151)1	(153)1	(119)1	(120)1	0	250	
Sobra Total: 250.00
Perda Total: 5203.00

Total Barras Cortadas:
Barra (1000) : 91
Barra (1100) : 45
Barra (408) : 6
Barra (253) : 5
Barra (400) : 9

Retalhos Gerados:
Retalho (250) : 1

7 Soluções

Saida Arquivo/Entrada/Class4/D4d10.txt

Minimizar a Perda Total

10 Soluções

Saida Arquivo/Entrada/Class4/D4d10.txt

Minimizar a Perda Total
max retalho: 5

(0)(1000)	18.00	(195)3	(163)2	(86)1	3.00	0	

(1)(1100)	18.00	(329)3	113.00	0	

(2)(1000)	11.00	(308)2	(86)1	(297)1	1.00	0	

(3)(1100)	10.00	(185)5	(174)1	1.00	0	

(4)(1000)	10.00	(109)1	(297)3	0.00	0	

(5)(1100)	9.00	(207)5	65.00	0	

(6)(1100)	7.00	(151)7	43.00	0	

(7)(1100)	7.00	(174)6	56.00	0	

(8)(1000)	6.00	(307)2	(86)1	(297)1	3.00	0	

(9)(408)	6.00	(307)1	(97)1	4.00	0	

(10)(400)	5.00	(184)2	32.00	0	

(11)(1100)	5.00	(141)1	(318)3	5.00	0	

(12)(253)	5.00	(141)1	(109)1	3.00	0	

(13)(1100)	4.00	(97)11	33.00	0	

(14)(1100)	4.00	(119)9	29.00	0	

(15)(1100)	4.00	(120)9	20.00	0	

(16)(1100)	3.00	(153)7	29.00	0	

(17)(1100)	2.00	(130)8	60.00	0	

(18)(1100)	2.00	(109)10	10.00	0	

(19)(400)	3.00	(141)2	(109)1	9.00	0	

(20)(1100)	2.00	(163)6	122.00	0	

(21)(1000)	2.00	(184)3	(130)1	(318)1	0.00	0	

(22)(1100)	1.00	(86)12	68.00	0	
max retalho: 5

(0)(1100)	1.00	(151)6	194.00	0	

(1)(1100)	1.00	(130)6	320.00	0	

(2)(1100)	1.00	(163)1	(153)4	(119)1	(120)1	(86)1	0.00	0	

(3)(1100)	1.00	(207)3	479.00	0	

(4)(1100)	1.00	(174)3	578.00	0	

(5)(1100)	1.00	(185)1	(141)1	(119)2	(318)1	(109)2	0.00	0	

(12)(1100)	1.00	(195)1	(185)1	(109)2	(97)2	(308)1	0.00	0	

(17)(400)	1.00	(109)1	(97)3	0.00	0	
max retalho: 5

(0)(1000)	1.00	(184)1	(185)1	(153)1	(119)1	0	359	
Sobra Total: 359.00
Perda Total: 6094.00

Total Barras Cortadas:
Barra (1000) : 48
Barra (1100) : 85
Barra (408) : 6
Barra (253) : 5
Barra (400) : 9

Retalhos Gerados:
Retalho (359) : 1
