
4 Soluções

Saida Arquivo/Entrada/Class4/D4d16.txt

Minimizar a Perda Total
max retalho: 5

(0)(1000)	27.00	(197)1	(176)1	(153)1	(143)1	(331)1	0.00	0	

(1)(1000)	13.00	(164)2	(320)2	32.00	0	

(2)(1100)	8.00	(164)2	(330)2	(99)1	13.00	0	

(3)(1000)	7.00	(308)3	76.00	0	

(4)(410)	5.00	(142)2	126.00	0	

(5)(1100)	5.00	(208)5	60.00	0	

(6)(1100)	5.00	(208)1	(297)3	1.00	0	

(7)(259)	4.00	(208)1	51.00	0	

(8)(1000)	4.00	(208)1	(99)8	0.00	0	

(9)(412)	4.00	(132)1	(109)2	62.00	0	

(10)(1100)	4.00	(320)3	140.00	0	

(11)(1100)	3.00	(197)5	115.00	0	

(12)(1000)	3.00	(197)1	(176)4	(99)1	0.00	0	

(13)(1100)	3.00	(143)7	(99)1	0.00	0	

(14)(1100)	1.00	(174)6	56.00	0	

(15)(1100)	1.00	(153)7	29.00	0	

(16)(1100)	1.00	(111)9	(99)1	2.00	0	

(17)(1100)	2.00	(142)2	(111)2	(297)2	0.00	0	

(18)(1100)	1.00	(207)2	(186)1	(120)4	20.00	0	

(22)(259)	1.00	(186)1	73.00	0	
max retalho: 5

(0)(1100)	1.00	(132)2	(330)1	(308)1	(99)2	0.00	0	

(1)(1100)	1.00	(164)3	608.00	0	

(2)(1100)	1.00	(174)2	752.00	0	

(3)(1100)	1.00	(208)4	268.00	0	

(4)(1100)	1.00	(153)2	794.00	0	

(5)(1100)	1.00	(297)2	506.00	0	
max retalho: 5

(0)(1100)	1.00	(132)1	(330)1	(308)2	22.00	0	
max retalho: 5

(0)(1100)	1.00	(197)1	(132)2	(109)1	(99)1	0	431	
Sobra Total: 431.00
Perda Total: 6474.00

Total Barras Cortadas:
Barra (1000) : 54
Barra (1100) : 42
Barra (410) : 5
Barra (259) : 5
Barra (412) : 4

Retalhos Gerados:
Retalho (431) : 1

7 Soluções

Saida Arquivo/Entrada/Class4/D4d16.txt

Minimizar a Perda Total
max retalho: 5

(0)(1000)	14.00	(208)1	(142)1	(330)1	(320)1	0.00	0	

(1)(1100)	12.00	(164)1	(320)1	(308)2	0.00	0	

(2)(1000)	10.00	(164)1	(143)1	(99)1	(297)2	0.00	0	

(3)(1000)	11.00	(208)1	(164)1	(331)1	(99)3	0.00	0	

(4)(1100)	9.00	(197)1	(143)1	(331)1	(109)1	(320)1	0.00	0	

(5)(1000)	6.00	(197)1	(176)4	(99)1	0.00	0	

(6)(259)	5.00	(174)1	85.00	0	

(7)(1000)	5.00	(176)2	(164)1	(153)1	(331)1	0.00	0	

(8)(1000)	4.00	(153)1	(143)5	(132)1	0.00	0	

(9)(412)	4.00	(208)1	(197)1	7.00	0	

(10)(1100)	3.00	(153)7	29.00	0	

(11)(410)	3.00	(208)1	(197)1	5.00	0	

(12)(1100)	3.00	(197)5	115.00	0	

(13)(1000)	3.00	(197)2	(143)2	(320)1	0.00	0	

(14)(410)	2.00	(143)1	(132)2	3.00	0	

(15)(1100)	2.00	(208)5	60.00	0	

(16)(1000)	2.00	(176)1	(164)1	(330)2	0.00	0	

(17)(1000)	1.00	(174)1	(164)1	(331)2	0.00	0	

(18)(1100)	1.00	(111)9	(99)1	2.00	0	

(20)(1100)	1.00	(207)1	(186)2	(153)1	(120)3	8.00	0	
max retalho: 5

(0)(1000)	1.00	(197)1	(176)1	(164)1	(153)3	4.00	0	

(1)(410)	1.00	(197)1	(174)1	39.00	0	

(2)(1000)	1.00	(176)1	(153)1	(143)1	(120)1	(111)1	(297)1	0.00	0	
max retalho: 5

(0)(1100)	1.00	(207)1	(176)1	(164)3	(111)2	3.00	0	

(2)(1100)	1.00	(153)1	947.00	0	
max retalho: 5

(0)(1100)	1.00	(197)1	903.00	0	

(1)(1100)	1.00	(174)1	926.00	0	

(2)(1000)	1.00	(132)1	868.00	0	

(3)(1100)	1.00	(111)1	0	989	
Sobra Total: 989.00
Perda Total: 4726.00

Total Barras Cortadas:
Barra (1000) : 59
Barra (1100) : 36
Barra (410) : 6
Barra (259) : 5
Barra (412) : 4

Retalhos Gerados:
Retalho (989) : 1
