
4 Soluções

Saida Arquivo/Entrada/Class4/D4d13.txt

Minimizar a Perda Total
max retalho: 5

(0)(1100)	15.00	(175)1	(308)2	(309)1	0.00	0	

(1)(1100)	7.00	(207)5	65.00	0	

(2)(1100)	5.00	(196)5	(120)1	0.00	0	

(3)(1000)	5.00	(164)2	(141)4	(108)1	0.00	0	

(4)(1100)	5.00	(173)6	62.00	0	

(5)(1100)	4.00	(142)6	(131)1	(110)1	7.00	0	

(6)(1100)	4.00	(164)1	(319)1	(308)1	(309)1	0.00	0	

(7)(1000)	4.00	(185)1	(110)1	(309)2	(87)1	0.00	0	

(8)(1000)	3.00	(173)2	(330)1	(108)3	0.00	0	

(9)(408)	3.00	(110)1	(98)3	4.00	0	

(10)(1100)	3.00	(330)2	(110)4	0.00	0	

(11)(240)	3.00	(120)2	0.00	0	

(12)(1100)	2.00	(185)5	(173)1	2.00	0	

(13)(1000)	2.00	(207)1	(173)1	(98)1	(87)6	0.00	0	

(14)(248)	2.00	(141)1	(98)1	9.00	0	

(15)(408)	2.00	(164)1	(120)2	4.00	0	

(16)(1100)	1.00	(98)11	22.00	0	

(17)(1100)	1.00	(330)3	(110)1	0.00	0	

(18)(1100)	1.00	(206)2	(141)2	(308)1	(98)1	0.00	0	

(19)(1100)	1.00	(196)2	(164)1	(152)2	(142)1	(98)1	0.00	0	

(20)(248)	4.00	(131)1	(110)1	7.00	0	

(21)(240)	1.00	(141)1	(98)1	1.00	0	

(22)(1100)	1.00	(175)6	50.00	0	
max retalho: 5

(0)(1100)	1.00	(308)1	792.00	0	

(1)(1100)	1.00	(330)2	440.00	0	

(2)(1100)	1.00	(196)4	316.00	0	

(3)(1000)	1.00	(207)2	(185)1	(173)1	(141)1	(87)1	0.00	0	

(6)(1100)	1.00	(173)2	(142)1	(110)2	(98)4	0.00	0	
max retalho: 5

(0)(1100)	1.00	(207)1	(185)1	(108)2	(98)1	0	394	
Sobra Total: 394.00
Perda Total: 2484.00

Total Barras Cortadas:
Barra (1000) : 15
Barra (1100) : 55
Barra (248) : 6
Barra (408) : 5
Barra (240) : 4

Retalhos Gerados:
Retalho (394) : 1

7 Soluções

Saida Arquivo/Entrada/Class4/D4d13.txt

Minimizar a Perda Total
max retalho: 5

(0)(1000)	15.00	(196)2	(173)2	(164)1	(98)1	0.00	0	

(1)(1100)	15.00	(175)1	(308)2	(309)1	0.00	0	

(2)(1000)	8.00	(207)1	(185)2	(141)3	0.00	0	

(3)(1100)	6.00	(207)5	65.00	0	

(4)(248)	6.00	(131)1	(110)1	7.00	0	

(5)(1100)	5.00	(308)1	(309)2	(87)2	0.00	0	

(6)(1100)	4.00	(330)3	(110)1	0.00	0	

(7)(408)	3.00	(175)1	(142)1	(87)1	4.00	0	

(8)(1100)	2.00	(142)7	106.00	0	

(9)(1100)	2.00	(173)6	62.00	0	

(10)(240)	2.00	(142)1	(98)1	0.00	0	

(11)(1000)	2.00	(131)1	(330)1	(319)1	(110)2	0.00	0	

(12)(240)	2.00	(152)1	(87)1	1.00	0	

(13)(1100)	1.00	(120)9	20.00	0	

(14)(1100)	1.00	(108)10	20.00	0	

(15)(1100)	1.00	(110)10	0.00	0	

(16)(408)	2.00	(98)1	(309)1	1.00	0	

(17)(1100)	1.00	(98)11	22.00	0	

(18)(1100)	1.00	(206)2	(141)2	(308)1	(98)1	0.00	0	

(20)(1000)	1.00	(142)1	(319)2	(110)2	0.00	0	
max retalho: 5

(0)(1100)	1.00	(142)6	248.00	0	

(1)(1100)	1.00	(120)6	380.00	0	

(3)(1100)	1.00	(175)3	575.00	0	

(6)(1100)	1.00	(110)4	660.00	0	
max retalho: 5

(0)(1100)	1.00	(98)1	1002.00	0	

(1)(1100)	1.00	(108)6	452.00	0	
max retalho: 5

(0)(1000)	1.00	(207)2	(196)1	(173)1	(87)2	43.00	0	
max retalho: 5

(0)(1000)	1.00	(164)2	0	672	
Sobra Total: 672.00
Perda Total: 4206.00

Total Barras Cortadas:
Barra (1000) : 28
Barra (1100) : 45
Barra (248) : 6
Barra (408) : 5
Barra (240) : 4

Retalhos Gerados:
Retalho (672) : 1

10 Soluções

Saida Arquivo/Entrada/Class4/D4d13.txt

Minimizar a Perda Total
max retalho: 5

(0)(1100)	15.00	(175)1	(308)2	(309)1	0.00	0	

(1)(1100)	7.00	(173)6	62.00	0	

(2)(1100)	7.00	(207)5	65.00	0	

(3)(408)	5.00	(142)2	(120)1	4.00	0	

(4)(1100)	5.00	(196)5	(120)1	0.00	0	

(5)(1000)	4.00	(207)1	(141)4	(142)1	(87)1	0.00	0	

(6)(1100)	3.00	(164)1	(319)1	(308)1	(309)1	0.00	0	

(7)(1100)	4.00	(330)3	110.00	0	

(8)(1100)	3.00	(185)5	(175)1	0.00	0	

(9)(1100)	3.00	(196)2	(141)2	(142)3	0.00	0	

(10)(1100)	2.00	(98)11	22.00	0	

(11)(1100)	2.00	(110)10	0.00	0	

(12)(1100)	2.00	(308)1	(309)2	(87)2	0.00	0	

(13)(1100)	2.00	(164)6	116.00	0	

(14)(240)	2.00	(131)1	(98)1	11.00	0	

(15)(1100)	2.00	(152)1	(330)1	(309)2	0.00	0	

(16)(240)	2.00	(142)1	(98)1	0.00	0	

(17)(1100)	1.00	(108)10	20.00	0	

(18)(1100)	1.00	(206)2	(141)2	(308)1	(98)1	0.00	0	

(20)(248)	6.00	(131)1	(110)1	7.00	0	
max retalho: 5

(0)(1100)	1.00	(120)5	500.00	0	

(1)(1000)	1.00	(164)1	(319)1	(110)1	(98)1	(309)1	0.00	0	

(2)(1100)	1.00	(87)9	317.00	0	

(3)(1100)	1.00	(108)6	452.00	0	

(4)(1100)	1.00	(175)3	575.00	0	
max retalho: 5

(0)(1100)	1.00	(207)1	(185)1	(173)1	(141)2	(142)1	(110)1	1.00	0	

(1)(1100)	1.00	(164)1	936.00	0	

(2)(1100)	1.00	(98)4	708.00	0	
max retalho: 5

(0)(1000)	1.00	(110)2	0	780	
Sobra Total: 780.00
Perda Total: 5198.00

Total Barras Cortadas:
Barra (1000) : 6
Barra (1100) : 66
Barra (248) : 6
Barra (408) : 5
Barra (240) : 4

Retalhos Gerados:
Retalho (780) : 1
