
4 Soluções

Saida Arquivo/Entrada/Class4/D4d15.txt

Minimizar a Perda Total
max retalho: 5

(0)(1100)	16.00	(327)3	119.00	0	

(1)(1100)	10.00	(203)1	(170)1	(316)2	(95)1	0.00	0	

(2)(1100)	8.00	(204)5	80.00	0	

(3)(1100)	6.00	(149)7	57.00	0	

(4)(1100)	6.00	(128)8	76.00	0	

(5)(1100)	6.00	(193)1	(160)1	(139)1	(304)2	0.00	0	

(6)(243)	6.00	(128)1	(107)1	8.00	0	

(7)(1100)	5.00	(116)9	56.00	0	

(8)(1100)	4.00	(137)8	4.00	0	

(9)(1100)	4.00	(203)1	(149)1	(116)1	(316)2	0.00	0	

(10)(1100)	4.00	(172)6	68.00	0	

(11)(234)	4.00	(137)1	(95)1	2.00	0	

(12)(1100)	4.00	(316)3	152.00	0	

(13)(404)	4.00	(193)1	(116)1	(95)1	0.00	0	

(14)(1100)	3.00	(160)3	(316)1	(304)1	0.00	0	

(15)(1100)	2.00	(107)10	30.00	0	

(16)(1000)	2.00	(139)4	(128)1	(316)1	0.00	0	

(17)(1100)	2.00	(181)6	14.00	0	

(18)(1000)	1.00	(116)1	(105)3	(316)1	(84)3	1.00	0	

(19)(1000)	19.00	(193)2	(304)1	(306)1	4.00	0	
max retalho: 5

(0)(1000)	1.00	(193)1	(149)2	(137)2	(128)1	(107)1	0.00	0	

(1)(1100)	1.00	(181)1	(149)1	(137)1	(327)1	(306)1	0.00	0	

(2)(1100)	1.00	(304)1	796.00	0	

(10)(404)	1.00	(149)1	(139)1	(107)1	9.00	0	
max retalho: 5

(0)(1100)	1.00	(149)1	(137)2	(139)1	(107)5	3.00	0	
max retalho: 5

(0)(1000)	1.00	(137)2	(107)2	0	512	
Sobra Total: 512.00
Perda Total: 5547.00

Total Barras Cortadas:
Barra (1000) : 24
Barra (1100) : 83
Barra (243) : 6
Barra (404) : 5
Barra (234) : 4

Retalhos Gerados:
Retalho (512) : 1

7 Soluções

Saida Arquivo/Entrada/Class4/D4d15.txt

Minimizar a Perda Total
max retalho: 5

(0)(1100)	16.00	(327)3	119.00	0	

(1)(1100)	9.00	(203)1	(149)1	(116)1	(316)2	0.00	0	

(2)(1100)	8.00	(204)5	80.00	0	

(3)(1100)	6.00	(193)1	(160)1	(139)1	(304)2	0.00	0	

(4)(243)	6.00	(128)1	(107)1	8.00	0	

(5)(1100)	6.00	(128)8	76.00	0	

(6)(1100)	5.00	(203)1	(170)1	(316)2	(95)1	0.00	0	

(7)(404)	5.00	(172)1	(137)1	(95)1	0.00	0	

(8)(1100)	4.00	(116)9	56.00	0	

(9)(1100)	4.00	(149)7	57.00	0	

(10)(1100)	5.00	(170)1	(149)2	(316)2	0.00	0	

(11)(1100)	4.00	(137)8	4.00	0	

(12)(234)	4.00	(137)1	(95)1	2.00	0	

(13)(1100)	3.00	(172)6	68.00	0	

(14)(1100)	3.00	(160)3	(316)1	(304)1	0.00	0	

(15)(1100)	2.00	(107)10	30.00	0	

(16)(1100)	2.00	(181)6	14.00	0	

(17)(1000)	2.00	(139)4	(128)1	(316)1	0.00	0	

(18)(1100)	1.00	(139)1	(128)1	(327)1	(316)1	(95)2	0.00	0	

(19)(1000)	20.00	(193)2	(304)1	(306)1	4.00	0	

(20)(1000)	1.00	(193)2	(149)2	(316)1	0.00	0	

(21)(1000)	1.00	(116)1	(105)3	(316)1	(84)3	1.00	0	
max retalho: 5

(0)(1100)	1.00	(193)1	(172)1	(149)2	(139)1	(107)1	(95)2	1.00	0	

(1)(1100)	1.00	(181)1	919.00	0	

(2)(1100)	1.00	(137)2	826.00	0	

(3)(1100)	1.00	(116)8	172.00	0	
max retalho: 5

(0)(1000)	1.00	(107)8	144.00	0	
Sobra Total: 0.00
Perda Total: 5959.00

Total Barras Cortadas:
Barra (1000) : 25
Barra (1100) : 82
Barra (243) : 6
Barra (404) : 5
Barra (234) : 4

Retalhos Gerados:

10 Soluções

Saida Arquivo/Entrada/Class4/D4d15.txt

Minimizar a Perda Total
max retalho: 5

(0)(1100)	14.00	(137)1	(316)3	15.00	0	

(1)(1100)	13.00	(172)1	(137)1	(116)4	(327)1	0.00	0	

(2)(1100)	12.00	(327)3	119.00	0	

(3)(1000)	10.00	(204)2	(149)3	(128)1	17.00	0	

(4)(1100)	9.00	(204)1	(149)1	(128)5	(107)1	0.00	0	

(5)(1100)	8.00	(193)1	(160)1	(139)1	(304)2	0.00	0	

(6)(243)	6.00	(107)2	29.00	0	

(7)(404)	5.00	(149)1	(137)1	(107)1	11.00	0	

(8)(1100)	4.00	(203)3	(181)2	(107)1	22.00	0	

(9)(234)	3.00	(181)1	53.00	0	

(10)(1000)	2.00	(170)4	(160)2	0.00	0	

(11)(1000)	2.00	(204)4	(179)1	5.00	179	

(12)(1000)	2.00	(172)5	(137)1	3.00	0	

(13)(1000)	2.00	(139)4	(128)1	(316)1	0.00	0	

(14)(1100)	2.00	(137)1	(107)1	(95)9	1.00	0	

(15)(1100)	1.00	(204)1	(149)6	2.00	0	

(16)(1000)	1.00	(116)1	(105)3	(316)1	(84)3	1.00	0	

(19)(1000)	19.00	(193)2	(304)1	(306)1	4.00	0	

(20)(234)	1.00	(193)1	41.00	0	
max retalho: 4

(0)(1100)	1.00	(204)2	(193)2	(306)1	0.00	0	

(1)(1100)	1.00	(170)2	760.00	0	

(2)(1100)	1.00	(316)1	784.00	0	

(3)(1100)	1.00	(203)1	(181)2	(172)1	(149)1	(107)2	0.00	0	

(4)(1100)	1.00	(160)3	620.00	0	

(5)(1100)	1.00	(137)7	141.00	0	
max retalho: 4

(0)(1000)	1.00	(203)1	(116)1	(107)1	0	574	
Sobra Total: 932.00
Perda Total: 4727.00

Total Barras Cortadas:
Barra (1000) : 39
Barra (1100) : 69
Barra (243) : 6
Barra (404) : 5
Barra (234) : 4

Retalhos Gerados:
Retalho (179) : 2
Retalho (574) : 1
