
4 Soluções

Saida Arquivo/Entrada/Class4/D4d12.txt

Minimizar a Perda Total
max retalho: 5

(0)(1100)	16.00	(192)1	(159)1	(138)1	(303)2	5.00	0	

(1)(1100)	15.00	(192)1	(138)2	(315)2	2.00	0	

(2)(1100)	11.00	(171)2	(326)2	(106)1	0.00	0	

(3)(396)	9.00	(182)2	32.00	0	

(4)(1100)	9.00	(192)1	(159)1	(117)1	(315)2	2.00	0	

(5)(1100)	9.00	(182)1	(148)5	(83)2	12.00	0	

(6)(1000)	8.00	(305)3	(83)1	2.00	0	

(7)(1100)	7.00	(148)1	(115)5	(94)4	1.00	0	

(8)(1000)	7.00	(117)1	(294)3	1.00	0	

(9)(1100)	6.00	(181)5	(182)1	13.00	0	

(10)(1000)	6.00	(83)1	(294)3	35.00	0	

(11)(405)	6.00	(182)2	41.00	0	

(12)(1100)	5.00	(192)1	(127)7	19.00	0	

(13)(1100)	5.00	(115)1	(326)3	7.00	0	

(14)(1000)	5.00	(294)2	(185)2	42.00	370	

(15)(1100)	4.00	(159)6	(115)1	31.00	0	

(16)(1100)	3.00	(182)1	(150)5	(83)2	2.00	0	

(17)(1100)	2.00	(106)10	40.00	0	

(18)(1100)	2.00	(148)1	(106)1	(94)9	0.00	0	

(19)(1000)	1.00	(203)3	(305)1	(83)1	3.00	0	

(20)(1100)	2.00	(192)5	(115)1	25.00	0	

(21)(1000)	1.00	(182)3	(159)1	(294)1	1.00	0	
max retalho: 4

(0)(248)	2.00	(127)1	(115)1	6.00	0	

(1)(248)	1.00	(150)1	(94)1	4.00	0	

(9)(1100)	1.00	(305)1	795.00	0	

(10)(1100)	1.00	(294)1	806.00	0	
max retalho: 4

(5)(1100)	1.00	(192)1	(159)2	(127)2	(326)1	10.00	0	

(11)(1000)	1.00	(181)1	(117)1	(315)1	(303)1	(83)1	1.00	0	

(15)(248)	2.00	(138)1	(94)1	16.00	0	
max retalho: 4

(3)(1100)	1.00	(303)1	797.00	0	

(5)(1000)	1.00	(171)1	(138)1	(127)1	(115)1	(117)1	(315)1	17.00	0	
max retalho: 4

(0)(1000)	1.00	(106)5	(94)5	0.00	0	

(1)(1000)	1.00	(181)3	(150)1	(106)2	(94)1	1.00	0	
max retalho: 4

(0)(1000)	1.00	(106)2	0	788	
Sobra Total: 2638.00
Perda Total: 4167.00

Total Barras Cortadas:
Barra (1000) : 33
Barra (1100) : 100
Barra (405) : 6
Barra (248) : 5
Barra (396) : 9

Retalhos Gerados:
Retalho (185) : 10
Retalho (788) : 1

7 Soluções

Saida Arquivo/Entrada/Class4/D4d12.txt

Minimizar a Perda Total
max retalho: 5

(0)(1100)	24.00	(192)1	(138)2	(315)2	2.00	0	

(1)(1000)	16.00	(182)3	(148)2	(150)1	8.00	0	

(2)(1100)	12.00	(115)1	(326)3	7.00	0	

(3)(1000)	11.00	(117)1	(294)3	1.00	0	

(4)(1100)	11.00	(303)3	(94)2	3.00	0	

(5)(1000)	9.00	(94)1	(305)2	(294)1	2.00	0	

(6)(1100)	8.00	(171)1	(159)5	(127)1	7.00	0	

(7)(1100)	6.00	(192)5	(117)1	23.00	0	

(8)(1100)	5.00	(181)5	(94)2	7.00	0	

(9)(1000)	5.00	(115)7	(106)1	(83)1	6.00	0	

(10)(248)	4.00	(159)1	(83)1	6.00	0	

(11)(1100)	3.00	(127)8	(83)1	1.00	0	

(12)(1100)	3.00	(106)9	146.00	0	

(13)(1000)	3.00	(159)2	(94)1	(294)2	0.00	0	

(14)(1100)	2.00	(171)5	(148)1	(94)1	3.00	0	

(15)(1100)	2.00	(148)6	(106)2	0.00	0	

(16)(1000)	2.00	(148)1	(83)10	22.00	0	

(17)(1100)	1.00	(181)6	14.00	0	

(19)(405)	6.00	(94)1	(305)1	6.00	0	
max retalho: 5

(0)(396)	1.00	(192)1	(181)1	23.00	0	

(1)(1100)	1.00	(203)2	(148)2	(315)1	(83)1	0.00	0	

(2)(396)	1.00	(181)1	(127)1	(83)1	5.00	0	

(3)(396)	2.00	(127)3	15.00	0	

(4)(396)	1.00	(305)1	(83)1	8.00	0	

(5)(396)	1.00	(150)1	(127)1	(106)1	13.00	0	

(6)(1000)	1.00	(182)1	(159)1	(94)3	(83)1	(294)1	0.00	0	

(8)(396)	1.00	(182)2	32.00	0	

(9)(396)	1.00	(303)1	93.00	0	

(11)(1100)	1.00	(171)5	245.00	0	

(20)(396)	1.00	(159)1	(115)1	(117)1	5.00	0	
max retalho: 5

(0)(1100)	1.00	(326)2	448.00	0	

(1)(1100)	1.00	(148)4	508.00	0	

(2)(1000)	1.00	(203)1	(192)1	(181)1	(106)4	0.00	0	

(3)(1100)	1.00	(315)1	785.00	0	

(4)(1100)	1.00	(294)2	512.00	0	

(5)(1100)	1.00	(305)1	795.00	0	

(12)(248)	1.00	(83)2	82.00	0	
max retalho: 5

(0)(1000)	1.00	(138)1	(115)1	(106)1	(83)2	0	475	
Sobra Total: 475.00
Perda Total: 4730.00

Total Barras Cortadas:
Barra (1000) : 49
Barra (1100) : 84
Barra (405) : 6
Barra (248) : 5
Barra (396) : 9

Retalhos Gerados:
Retalho (475) : 1

10 Soluções

Saida Arquivo/Entrada/Class4/D4d12.txt

Minimizar a Perda Total
max retalho: 5

(0)(1100)	23.00	(192)1	(159)2	(294)2	2.00	0	

(1)(1100)	23.00	(192)1	(138)2	(315)2	2.00	0	

(2)(1100)	17.00	(106)1	(303)2	(305)1	(83)1	0.00	0	

(3)(1100)	12.00	(326)3	(117)1	5.00	0	

(4)(1000)	9.00	(171)1	(127)2	(115)5	0.00	0	

(5)(1100)	8.00	(182)6	8.00	0	

(6)(1100)	7.00	(148)7	64.00	0	

(7)(405)	6.00	(171)1	(150)1	(83)1	1.00	0	

(8)(1100)	5.00	(181)6	14.00	0	

(9)(396)	5.00	(150)1	(127)1	(117)1	2.00	0	

(10)(248)	5.00	(150)1	(94)1	4.00	0	

(11)(1000)	4.00	(94)10	60.00	0	

(12)(1000)	4.00	(94)1	(305)2	(294)1	2.00	0	

(13)(1000)	2.00	(192)4	(138)1	(94)1	0.00	0	

(14)(1000)	1.00	(127)1	(115)1	(326)2	(106)1	0.00	0	

(15)(1000)	2.00	(171)3	(127)3	(106)1	0.00	0	

(16)(1100)	1.00	(106)10	40.00	0	

(17)(1000)	1.00	(159)1	(117)1	(315)2	(94)1	0.00	0	

(18)(1100)	1.00	(83)13	21.00	0	

(19)(1000)	1.00	(203)3	(305)1	(83)1	3.00	0	

(20)(396)	3.00	(159)1	(127)1	(106)1	4.00	0	

(21)(1000)	1.00	(171)2	(150)1	(127)4	0.00	0	

(22)(396)	1.00	(148)1	(127)1	(115)1	6.00	0	
max retalho: 5

(7)(1100)	1.00	(106)9	146.00	0	

(8)(1100)	1.00	(94)3	818.00	0	

(9)(1100)	1.00	(83)3	851.00	0	
max retalho: 5

(0)(1000)	1.00	(159)1	(148)2	(115)2	(315)1	0.00	0	

(1)(1000)	1.00	(294)1	706.00	0	

(2)(1000)	1.00	(192)2	(182)1	(148)2	(138)1	0.00	0	

(3)(1000)	1.00	(127)2	746.00	0	

(4)(1000)	1.00	(181)4	276.00	0	
max retalho: 5

(0)(1000)	1.00	(182)2	(185)3	81.00	555	

(1)(1000)	1.00	(159)1	(185)1	656.00	185	

(2)(1000)	1.00	(315)1	0	685	
Sobra Total: 1425.00
Perda Total: 5380.00

Total Barras Cortadas:
Barra (1000) : 33
Barra (1100) : 100
Barra (405) : 6
Barra (248) : 5
Barra (396) : 9

Retalhos Gerados:
Retalho (185) : 3
Retalho (185) : 1
Retalho (685) : 1
