
4 Soluções

Saida Arquivo/Entrada/Class4/D4d1.txt

Minimizar a Perda Total
max retalho: 5

(0)(1100)	14.00	(323)3	131.00	0	

(1)(1100)	10.00	(324)3	128.00	0	

(2)(1100)	9.00	(280)3	(259)1	1.00	0	

(3)(1100)	8.00	(257)4	72.00	0	

(4)(215)	7.00	(113)1	(102)1	0.00	0	

(5)(1000)	6.00	(290)3	(125)1	5.00	0	

(6)(1100)	5.00	(301)3	197.00	0	

(7)(1100)	5.00	(290)2	(125)4	20.00	0	

(8)(1100)	5.00	(313)3	161.00	0	

(9)(1100)	3.00	(71)8	(48)11	4.00	0	

(10)(1100)	2.00	(259)4	64.00	0	

(11)(1100)	2.00	(69)15	65.00	0	

(12)(1100)	1.00	(269)4	24.00	0	

(13)(1100)	1.00	(102)10	80.00	0	

(14)(1000)	1.00	(60)15	(48)2	4.00	0	

(15)(1000)	1.00	(71)14	6.00	0	

(16)(1100)	1.00	(104)10	60.00	0	

(17)(372)	1.00	(92)4	4.00	0	

(18)(372)	1.00	(81)4	48.00	0	

(19)(1000)	5.00	(292)3	(102)1	22.00	0	
max retalho: 5

(0)(1100)	1.00	(259)3	323.00	0	

(1)(1100)	1.00	(269)3	293.00	0	

(2)(380)	1.00	(113)1	(69)3	(60)1	0.00	0	

(3)(1100)	1.00	(257)2	586.00	0	

(4)(1100)	1.00	(323)3	131.00	0	

(5)(1100)	1.00	(102)6	488.00	0	

(7)(1100)	1.00	(280)1	820.00	0	

(11)(380)	1.00	(301)1	(69)1	10.00	0	

(13)(380)	1.00	(104)1	(69)4	0.00	0	
max retalho: 5

(0)(1100)	1.00	(60)2	(188)2	604.00	376	

(1)(1100)	1.00	(324)1	(113)2	(92)1	458.00	0	
max retalho: 4

(0)(1000)	1.00	(125)1	(71)2	0	733	
Sobra Total: 1109.00
Perda Total: 9938.00

Total Barras Cortadas:
Barra (1000) : 14
Barra (1100) : 74
Barra (380) : 3
Barra (215) : 7
Barra (372) : 2

Retalhos Gerados:
Retalho (188) : 2
Retalho (733) : 1

7 Soluções

Saida Arquivo/Entrada/Class4/D4d1.txt

Minimizar a Perda Total
max retalho: 5

(0)(1100)	15.00	(323)3	131.00	0	

(1)(1100)	9.00	(280)3	(71)2	(69)1	(48)1	1.00	0	

(2)(1100)	8.00	(257)4	72.00	0	

(3)(1000)	9.00	(324)1	(313)1	(292)1	(71)1	0.00	0	

(4)(1100)	7.00	(324)3	128.00	0	

(5)(1100)	6.00	(301)2	(292)1	(104)1	(102)1	0.00	0	

(6)(1100)	5.00	(259)4	64.00	0	

(7)(1000)	4.00	(301)1	(290)2	(71)1	(48)1	0.00	0	

(8)(1100)	5.00	(290)3	(92)1	(69)1	(48)1	21.00	0	

(9)(1100)	3.00	(125)8	(48)2	4.00	0	

(10)(380)	3.00	(290)1	(69)1	21.00	0	

(11)(1100)	2.00	(313)2	(290)1	(113)1	(69)1	2.00	0	

(12)(1100)	1.00	(269)4	24.00	0	

(13)(1100)	1.00	(102)10	80.00	0	

(14)(1100)	1.00	(69)2	(60)16	2.00	0	

(16)(1100)	1.00	(69)15	65.00	0	

(20)(215)	7.00	(113)1	(102)1	0.00	0	
max retalho: 5

(0)(372)	1.00	(125)2	(113)1	9.00	0	

(1)(1100)	1.00	(257)2	(188)1	398.00	188	

(2)(1000)	1.00	(313)2	(269)1	105.00	0	

(3)(1100)	1.00	(324)1	(104)5	(71)1	(60)2	(48)1	17.00	0	

(9)(372)	1.00	(71)1	(69)2	(48)3	19.00	0	
max retalho: 4

(0)(1100)	1.00	(269)1	(102)4	(81)2	(71)3	(48)1	0.00	0	
max retalho: 4

(0)(1100)	1.00	(280)1	(269)1	(102)1	(81)2	(71)2	(48)3	1.00	0	

(1)(1100)	1.00	(125)1	975.00	0	
max retalho: 4

(0)(1100)	1.00	(71)2	(188)3	(360)1	34.00	924	

(1)(1100)	1.00	(48)3	0	956	
Sobra Total: 2068.00
Perda Total: 5679.00

Total Barras Cortadas:
Barra (1000) : 14
Barra (1100) : 71
Barra (380) : 3
Barra (215) : 7
Barra (372) : 2

Retalhos Gerados:
Retalho (188) : 1
Retalho (188) : 3
Retalho (360) : 1
Retalho (956) : 1

10 Soluções

Saida Arquivo/Entrada/Class4/D4d1.txt

Minimizar a Perda Total
max retalho: 5

(0)(1000)	14.00	(301)1	(290)2	(71)1	(48)1	0.00	0	

(1)(1000)	11.00	(324)1	(292)1	(280)1	(104)1	0.00	0	

(2)(1100)	10.00	(323)3	131.00	0	

(3)(1100)	9.00	(324)1	(313)1	(259)1	(102)2	0.00	0	

(4)(1100)	7.00	(257)4	72.00	0	

(5)(1100)	5.00	(323)1	(313)1	(257)1	(69)3	0.00	0	

(6)(1100)	4.00	(280)3	(71)1	(69)1	(60)2	0.00	0	

(7)(1100)	3.00	(323)1	(259)3	0.00	0	

(8)(1100)	3.00	(323)1	(324)2	(69)1	(60)1	0.00	0	

(9)(1100)	3.00	(125)8	(48)2	4.00	0	

(10)(215)	3.00	(69)1	(48)3	2.00	0	

(11)(1000)	2.00	(324)1	(269)2	(69)2	0.00	0	

(12)(1000)	2.00	(323)1	(269)1	(102)4	0.00	0	

(13)(1100)	2.00	(323)1	(301)1	(292)1	(113)1	(71)1	0.00	0	

(14)(215)	2.00	(81)2	(48)1	5.00	0	

(15)(1100)	1.00	(324)1	(313)1	(292)1	(102)1	(69)1	0.00	0	

(16)(215)	2.00	(69)3	8.00	0	

(17)(380)	1.00	(280)1	(92)1	8.00	0	

(18)(1100)	1.00	(92)1	(71)14	14.00	0	

(19)(380)	2.00	(280)1	(48)2	4.00	0	

(20)(372)	2.00	(280)1	(92)1	0.00	0	

(21)(1000)	1.00	(113)7	(71)1	(69)2	0.00	0	
max retalho: 5

(0)(1100)	1.00	(257)1	843.00	0	

(1)(1100)	1.00	(269)1	(113)1	(102)1	(92)1	(71)4	(60)4	0.00	0	

(2)(1000)	1.00	(324)1	(292)1	(259)1	(125)1	0.00	0	
max retalho: 5

(0)(1000)	2.00	(125)1	875.00	0	

(1)(1000)	1.00	(71)1	(60)1	869.00	0	

(2)(1100)	1.00	(324)1	(188)1	588.00	188	

(3)(1100)	1.00	(259)1	(188)2	465.00	376	
max retalho: 3

(0)(1000)	1.00	(60)2	0	880	
Sobra Total: 1444.00
Perda Total: 6403.00

Total Barras Cortadas:
Barra (1000) : 35
Barra (1100) : 52
Barra (380) : 3
Barra (215) : 7
Barra (372) : 2

Retalhos Gerados:
Retalho (188) : 1
Retalho (188) : 2
Retalho (880) : 1
