
4 Soluções

Saida Arquivo/Entrada/Class4/D4d2.txt

Minimizar a Perda Total
max retalho: 5

(0)(1100)	13.00	(166)1	(289)3	(66)1	1.00	0	

(1)(1100)	12.00	(321)3	137.00	0	

(2)(1100)	10.00	(298)3	206.00	0	

(3)(395)	8.00	(298)1	(89)1	8.00	0	

(4)(1100)	8.00	(143)5	(319)1	(66)1	0.00	0	

(5)(386)	8.00	(298)1	(78)1	10.00	0	

(6)(1100)	7.00	(331)3	107.00	0	

(7)(1100)	6.00	(310)3	170.00	0	

(8)(1100)	5.00	(154)7	22.00	0	

(9)(1100)	4.00	(122)9	2.00	0	

(10)(241)	3.00	(131)1	(110)1	0.00	0	

(11)(1000)	3.00	(89)1	(78)1	(277)3	2.00	0	

(12)(1100)	2.00	(110)10	0.00	0	

(13)(1100)	1.00	(99)11	11.00	0	

(14)(1100)	1.00	(166)6	104.00	0	

(15)(1000)	1.00	(122)1	(310)1	(89)2	(78)5	0.00	0	

(16)(1000)	1.00	(101)9	(89)1	2.00	0	

(17)(1100)	1.00	(89)12	32.00	0	

(18)(1100)	1.00	(143)7	99.00	0	

(19)(1000)	1.00	(131)2	(133)4	(101)2	4.00	0	

(20)(1100)	16.00	(166)1	(287)3	(66)1	7.00	0	
max retalho: 5

(0)(1100)	1.00	(154)2	(99)2	(66)9	0.00	0	

(1)(1000)	1.00	(122)3	(99)1	(89)6	1.00	0	

(2)(1100)	1.00	(143)2	(131)1	(331)1	(110)1	(78)3	8.00	0	

(3)(1100)	1.00	(166)3	(122)4	(99)1	15.00	0	

(4)(1100)	1.00	(99)1	(310)1	(101)4	(287)1	0.00	0	
max retalho: 5

(0)(1100)	1.00	(166)1	(154)1	(122)1	(99)3	(101)1	(89)2	(78)1	4.00	0	

(1)(1100)	1.00	(66)5	770.00	0	
max retalho: 5

(0)(1100)	1.00	(166)1	(154)1	(191)4	16.00	764	

(1)(395)	1.00	(99)2	0	197	
Sobra Total: 961.00
Perda Total: 6932.00

Total Barras Cortadas:
Barra (1000) : 7
Barra (1100) : 94
Barra (395) : 9
Barra (241) : 3
Barra (386) : 8

Retalhos Gerados:
Retalho (191) : 4
Retalho (197) : 1

7 Soluções

Saida Arquivo/Entrada/Class4/D4d2.txt

Minimizar a Perda Total
max retalho: 5

(0)(1000)	20.00	(122)1	(298)1	(287)2	6.00	0	

(1)(395)	9.00	(101)1	(287)1	7.00	0	

(2)(1100)	8.00	(143)6	(110)1	(66)2	0.00	0	

(3)(386)	8.00	(321)1	65.00	0	

(4)(1100)	7.00	(331)3	(99)1	8.00	0	

(5)(1100)	7.00	(154)1	(321)2	(298)1	6.00	0	

(6)(1000)	6.00	(99)1	(298)3	7.00	0	

(7)(1000)	5.00	(166)1	(321)2	(101)1	(89)1	2.00	0	

(8)(1000)	5.00	(166)3	(122)1	(310)1	(66)1	4.00	0	

(9)(1100)	4.00	(154)6	(131)1	45.00	0	

(10)(1000)	4.00	(310)3	(66)1	4.00	0	

(11)(1000)	3.00	(166)1	(122)6	(99)1	3.00	0	

(12)(1100)	3.00	(310)1	(89)8	(78)1	0.00	0	

(13)(1000)	3.00	(89)1	(78)1	(277)3	2.00	0	

(14)(241)	3.00	(166)1	75.00	0	

(15)(1000)	2.00	(319)3	43.00	0	

(16)(1000)	2.00	(154)1	(321)2	(99)2	6.00	0	

(17)(1100)	1.00	(110)10	0.00	0	

(18)(1000)	1.00	(298)1	(78)9	0.00	0	

(19)(1100)	13.00	(166)1	(289)3	(66)1	1.00	0	

(20)(1000)	1.00	(131)2	(133)4	(101)2	4.00	0	

(21)(1100)	1.00	(166)1	(154)6	10.00	0	
max retalho: 5

(0)(1000)	1.00	(122)2	(89)2	(78)4	(66)4	2.00	0	

(1)(1100)	1.00	(331)1	769.00	0	

(2)(1100)	1.00	(319)2	462.00	0	

(5)(1100)	1.00	(143)1	(110)6	(99)1	(66)3	0.00	0	
max retalho: 5

(0)(1000)	1.00	(78)1	(66)6	0	526	
Sobra Total: 526.00
Perda Total: 2667.00

Total Barras Cortadas:
Barra (1000) : 54
Barra (1100) : 47
Barra (395) : 9
Barra (241) : 3
Barra (386) : 8

Retalhos Gerados:
Retalho (526) : 1

10 Soluções

Saida Arquivo/Entrada/Class4/D4d2.txt

Minimizar a Perda Total
max retalho: 5

(0)(1000)	16.00	(166)1	(122)1	(321)2	(66)1	4.00	0	

(1)(1000)	15.00	(99)1	(298)3	7.00	0	

(2)(1000)	14.00	(110)1	(287)3	29.00	0	

(3)(395)	8.00	(101)1	(289)1	5.00	0	

(4)(1000)	8.00	(143)1	(289)2	(277)1	2.00	0	

(5)(1000)	7.00	(331)3	7.00	0	

(6)(1000)	6.00	(310)3	(66)1	4.00	0	

(7)(1100)	6.00	(143)6	(110)1	(66)2	0.00	0	

(8)(1000)	4.00	(166)1	(122)6	(99)1	3.00	0	

(9)(1100)	4.00	(166)1	(154)6	10.00	0	

(10)(1100)	4.00	(166)1	(89)4	(289)2	0.00	0	

(11)(1000)	4.00	(166)1	(89)1	(78)5	(289)1	(66)1	0.00	0	

(12)(386)	3.00	(321)1	65.00	0	

(13)(241)	3.00	(101)1	(89)1	51.00	0	

(14)(386)	2.00	(89)4	30.00	0	

(15)(1100)	2.00	(143)1	(319)3	0.00	0	

(16)(1100)	2.00	(154)5	(66)5	0.00	0	

(17)(386)	2.00	(131)2	(110)1	14.00	0	

(18)(1000)	1.00	(166)6	4.00	0	

(19)(1000)	2.00	(101)1	(287)3	38.00	0	

(20)(1000)	1.00	(131)2	(133)4	(101)2	4.00	0	
max retalho: 5

(0)(1100)	1.00	(166)1	(321)1	(310)1	(298)1	5.00	0	

(1)(386)	1.00	(110)1	(89)3	9.00	0	

(2)(1100)	1.00	(154)3	(310)1	(289)1	39.00	0	

(4)(1100)	1.00	(122)5	(99)2	(277)1	15.00	0	

(11)(395)	1.00	(66)3	(191)1	6.00	191	

(12)(1100)	1.00	(287)1	813.00	0	

(17)(1000)	1.00	(319)1	(101)1	(289)2	2.00	0	
max retalho: 4

(0)(1000)	1.00	(166)1	(154)1	(143)3	(191)1	60.00	191	

(1)(1000)	1.00	(319)1	681.00	0	

(2)(1000)	1.00	(331)1	(110)1	(191)1	(359)1	9.00	550	
max retalho: 2

(0)(1000)	1.00	(154)1	0	846	
Sobra Total: 1778.00
Perda Total: 2915.00

Total Barras Cortadas:
Barra (1000) : 83
Barra (1100) : 22
Barra (395) : 9
Barra (241) : 3
Barra (386) : 8

Retalhos Gerados:
Retalho (191) : 1
Retalho (191) : 1
Retalho (191) : 1
Retalho (359) : 1
Retalho (846) : 1
