
4 Soluções

Saida Arquivo/Entrada/Class4/D4d3.txt

Minimizar a Perda Total
max retalho: 5

(0)(1100)	14.00	(325)3	125.00	0	

(1)(1100)	11.00	(314)3	158.00	0	

(2)(1000)	11.00	(147)1	(291)1	(281)2	0.00	0	

(3)(1100)	10.00	(124)1	(103)1	(291)3	0.00	0	

(4)(1100)	9.00	(323)3	131.00	0	

(5)(1000)	7.00	(126)1	(302)1	(291)1	(281)1	0.00	0	

(6)(233)	5.00	(93)1	(70)2	0.00	0	

(7)(231)	3.00	(91)1	(70)2	0.00	0	

(8)(1100)	3.00	(103)1	(293)3	(59)2	0.00	0	

(9)(1100)	2.00	(335)3	95.00	0	

(10)(1100)	2.00	(103)10	70.00	0	

(11)(233)	3.00	(114)1	(59)2	1.00	0	

(12)(1100)	2.00	(82)13	34.00	0	

(13)(1100)	2.00	(302)1	(281)2	(59)4	0.00	0	

(14)(1100)	2.00	(291)3	227.00	0	

(15)(1100)	2.00	(158)6	152.00	0	

(16)(1100)	2.00	(126)8	92.00	0	

(17)(1100)	1.00	(147)7	71.00	0	

(18)(388)	1.00	(93)1	(59)5	0.00	0	

(19)(388)	1.00	(135)2	(59)2	0.00	0	

(20)(231)	6.00	(126)1	(103)1	2.00	0	

(21)(1100)	1.00	(114)9	74.00	0	

(22)(1100)	1.00	(91)12	8.00	0	
max retalho: 5

(0)(1100)	1.00	(314)2	472.00	0	

(1)(1100)	1.00	(335)2	430.00	0	

(2)(1100)	1.00	(158)1	(135)1	(114)2	(103)2	(291)1	(82)1	0.00	0	

(6)(1100)	1.00	(147)3	659.00	0	

(11)(1100)	1.00	(302)1	798.00	0	
max retalho: 5

(1)(1000)	1.00	(103)3	(93)1	(82)5	(70)1	(59)2	0.00	0	
max retalho: 5

(0)(388)	1.00	(91)2	(59)2	88.00	0	
Sobra Total: 0.00
Perda Total: 8622.00

Total Barras Cortadas:
Barra (1000) : 19
Barra (1100) : 69
Barra (231) : 9
Barra (388) : 3
Barra (233) : 8

Retalhos Gerados:

7 Soluções

Saida Arquivo/Entrada/Class4/D4d3.txt

Minimizar a Perda Total
max retalho: 5

(0)(1100)	14.00	(325)3	125.00	0	

(1)(1000)	11.00	(147)1	(291)1	(281)2	0.00	0	

(2)(1100)	10.00	(314)3	158.00	0	

(3)(1100)	9.00	(124)1	(103)1	(291)3	0.00	0	

(4)(1100)	7.00	(323)3	131.00	0	

(5)(1100)	6.00	(323)1	(114)1	(91)1	(291)1	(281)1	0.00	0	

(6)(233)	5.00	(158)1	(70)1	5.00	0	

(7)(1100)	5.00	(114)1	(91)1	(302)2	(291)1	0.00	0	

(8)(1000)	3.00	(114)1	(314)1	(291)1	(281)1	0.00	0	

(9)(388)	3.00	(103)2	(91)2	0.00	0	

(10)(1100)	3.00	(293)3	221.00	0	

(11)(233)	3.00	(93)1	(70)2	0.00	0	

(12)(1000)	2.00	(70)1	(281)1	(59)11	0.00	0	

(13)(1100)	2.00	(335)3	95.00	0	

(14)(1100)	2.00	(126)8	92.00	0	

(15)(1100)	2.00	(82)13	34.00	0	

(16)(1100)	2.00	(103)10	70.00	0	

(17)(1100)	1.00	(147)7	71.00	0	

(18)(1100)	1.00	(158)6	152.00	0	

(19)(1100)	1.00	(291)3	227.00	0	

(20)(231)	8.00	(126)1	(103)1	2.00	0	

(21)(1100)	1.00	(135)3	(124)1	(93)4	(70)2	(59)1	0.00	0	
max retalho: 5

(0)(1100)	1.00	(147)2	(126)1	(82)6	(70)1	(59)2	0.00	0	

(1)(1000)	1.00	(335)1	(314)2	37.00	0	
max retalho: 5

(0)(1000)	1.00	(147)1	(335)1	(103)1	(59)6	61.00	0	
max retalho: 5

(0)(1000)	1.00	(158)2	(126)4	(70)1	110.00	0	
Sobra Total: 0.00
Perda Total: 6191.00

Total Barras Cortadas:
Barra (1000) : 19
Barra (1100) : 67
Barra (231) : 8
Barra (388) : 3
Barra (233) : 8

Retalhos Gerados:

10 Soluções

Saida Arquivo/Entrada/Class4/D4d3.txt

Minimizar a Perda Total
max retalho: 5

(0)(1000)	16.00	(325)1	(103)1	(291)1	(281)1	0.00	0	

(1)(1100)	11.00	(314)3	158.00	0	

(2)(1100)	10.00	(124)1	(103)1	(291)3	0.00	0	

(3)(1000)	9.00	(114)1	(302)1	(291)1	(293)1	0.00	0	

(4)(1100)	9.00	(323)3	131.00	0	

(5)(1100)	8.00	(325)3	125.00	0	

(6)(1000)	8.00	(335)1	(103)1	(281)2	0.00	0	

(7)(231)	6.00	(126)1	(91)1	14.00	0	

(8)(233)	4.00	(147)1	(82)1	4.00	0	

(9)(233)	3.00	(70)3	23.00	0	

(10)(388)	3.00	(114)1	(91)3	1.00	0	

(11)(1100)	2.00	(126)8	92.00	0	

(12)(1100)	2.00	(158)6	152.00	0	

(13)(231)	3.00	(147)1	(82)1	2.00	0	

(14)(1100)	1.00	(147)7	71.00	0	

(15)(1100)	1.00	(82)13	34.00	0	

(16)(1100)	1.00	(82)1	(59)17	15.00	0	

(17)(1100)	1.00	(103)9	(91)1	(70)1	12.00	0	

(18)(1000)	1.00	(70)1	(281)1	(59)11	0.00	0	

(20)(1100)	1.00	(93)7	(82)1	(70)5	17.00	0	

(21)(1100)	1.00	(147)1	(135)3	(302)1	(82)3	0.00	0	
max retalho: 5

(0)(1000)	1.00	(126)2	(325)1	(82)3	(59)3	0.00	0	

(1)(1100)	1.00	(147)5	(126)2	(103)1	10.00	0	

(4)(1100)	1.00	(114)2	(314)2	(91)1	(82)1	(70)1	1.00	0	
max retalho: 5

(0)(233)	1.00	(147)1	(82)1	4.00	0	

(1)(1100)	1.00	(158)1	(126)3	(325)1	(82)2	75.00	0	
Sobra Total: 0.00
Perda Total: 4822.00

Total Barras Cortadas:
Barra (1000) : 35
Barra (1100) : 51
Barra (231) : 9
Barra (388) : 3
Barra (233) : 8

Retalhos Gerados:
