
4 Soluções

Saida Arquivo/Entrada/Class4/D4d5.txt

Minimizar a Perda Total
max retalho: 5

(0)(1000)	11.00	(121)1	(320)1	(100)1	(90)1	(57)2	(255)1	0.00	0	

(1)(1100)	8.00	(123)1	(311)1	(88)1	(289)2	0.00	0	

(2)(1000)	8.00	(88)1	(299)1	(278)2	(57)1	0.00	0	

(3)(380)	8.00	(123)1	(111)1	(79)1	(67)1	0.00	0	

(4)(1000)	8.00	(123)1	(320)2	(79)3	0.00	0	

(5)(1100)	7.00	(267)4	32.00	0	

(6)(1100)	7.00	(332)3	104.00	0	

(7)(1100)	6.00	(121)1	(88)1	(278)3	(57)1	0.00	0	

(8)(1100)	6.00	(322)3	(67)2	0.00	0	

(9)(379)	5.00	(320)1	(57)1	2.00	0	

(10)(1000)	5.00	(123)1	(320)2	(90)2	(57)1	0.00	0	

(11)(1100)	5.00	(255)4	80.00	0	

(12)(1100)	4.00	(100)1	(288)3	(79)1	(57)1	0.00	0	

(13)(1100)	3.00	(123)1	(320)1	(79)1	(289)2	0.00	0	

(14)(225)	3.00	(121)1	(100)1	4.00	0	

(15)(1100)	2.00	(332)1	(320)1	(88)1	(90)4	0.00	0	

(16)(379)	2.00	(67)1	(57)1	(255)1	0.00	0	

(17)(1100)	1.00	(100)11	0.00	0	

(18)(379)	1.00	(111)2	(100)1	(57)1	0.00	0	

(19)(1100)	1.00	(79)1	(67)1	(278)1	(56)12	4.00	0	
max retalho: 5

(0)(1100)	1.00	(289)2	522.00	0	

(1)(1100)	1.00	(278)2	544.00	0	

(2)(1100)	1.00	(121)2	(123)4	(88)4	14.00	0	

(3)(1100)	1.00	(121)1	(123)1	(100)3	(288)1	(267)1	1.00	0	
max retalho: 5

(0)(1100)	1.00	(322)1	(192)1	586.00	192	

(1)(1000)	1.00	(121)1	(320)1	(90)1	(192)1	277.00	192	
max retalho: 3

(0)(1000)	1.00	(288)1	0	712	
Sobra Total: 1096.00
Perda Total: 3322.00

Total Barras Cortadas:
Barra (1000) : 34
Barra (1100) : 55
Barra (379) : 8
Barra (225) : 3
Barra (380) : 8

Retalhos Gerados:
Retalho (192) : 1
Retalho (192) : 1
Retalho (712) : 1

7 Soluções

Saida Arquivo/Entrada/Class4/D4d5.txt

Minimizar a Perda Total
max retalho: 5

(0)(1100)	18.00	(289)1	(278)2	(255)1	0.00	0	

(1)(1100)	14.00	(123)2	(320)2	(100)1	(57)2	0.00	0	

(2)(1100)	10.00	(332)2	(90)2	(255)1	1.00	0	

(3)(1000)	9.00	(320)2	(88)1	(79)2	(57)2	0.00	0	

(4)(1100)	6.00	(322)3	(67)2	0.00	0	

(5)(1100)	5.00	(121)1	(88)1	(90)1	(267)3	0.00	0	

(6)(1000)	5.00	(121)1	(88)1	(267)2	(255)1	2.00	0	

(7)(379)	5.00	(111)2	(90)1	(67)1	0.00	0	

(8)(1000)	4.00	(311)2	(299)1	(79)1	0.00	0	

(9)(1000)	3.00	(288)3	(79)1	(57)1	0.00	0	

(10)(380)	3.00	(121)3	17.00	0	

(11)(380)	3.00	(88)1	(288)1	4.00	0	

(12)(1100)	3.00	(123)1	(100)1	(299)1	(289)2	0.00	0	

(13)(225)	3.00	(100)2	25.00	0	

(14)(379)	2.00	(79)4	(57)1	6.00	0	

(15)(380)	1.00	(123)2	(67)2	0.00	0	

(16)(1100)	1.00	(332)1	(123)3	(320)1	(79)1	0.00	0	

(18)(1100)	1.00	(100)10	(79)1	21.00	0	

(19)(1100)	1.00	(79)1	(67)1	(278)1	(56)12	4.00	0	
max retalho: 5

(0)(1000)	1.00	(121)5	(79)1	(267)1	49.00	0	

(6)(1100)	1.00	(332)1	(322)1	(288)1	(79)2	0.00	0	

(10)(380)	1.00	(88)4	28.00	0	

(11)(379)	1.00	(299)1	(79)1	1.00	0	

(12)(1000)	1.00	(332)1	(123)1	(320)1	(88)2	49.00	0	
max retalho: 5

(0)(1100)	1.00	(288)1	(67)3	(267)2	77.00	0	

(1)(1100)	1.00	(57)2	(192)3	(362)1	48.00	938	
max retalho: 4

(0)(1000)	1.00	(267)1	0	733	
Sobra Total: 1671.00
Perda Total: 447.00

Total Barras Cortadas:
Barra (1000) : 24
Barra (1100) : 62
Barra (379) : 8
Barra (225) : 3
Barra (380) : 8

Retalhos Gerados:
Retalho (192) : 3
Retalho (362) : 1
Retalho (733) : 1

10 Soluções

Saida Arquivo/Entrada/Class4/D4d5.txt

Minimizar a Perda Total
max retalho: 5

(0)(1100)	16.00	(320)3	140.00	0	

(1)(1100)	12.00	(121)1	(79)1	(278)3	(57)1	9.00	0	

(2)(1100)	8.00	(255)4	80.00	0	

(3)(379)	8.00	(90)1	(289)1	0.00	0	

(4)(1100)	7.00	(267)4	32.00	0	

(5)(1100)	7.00	(332)3	104.00	0	

(6)(1100)	6.00	(121)1	(322)3	13.00	0	

(7)(380)	6.00	(299)1	(79)1	2.00	0	

(8)(1100)	5.00	(289)3	(57)4	5.00	0	

(9)(1000)	4.00	(288)3	(79)1	(57)1	0.00	0	

(10)(1100)	3.00	(123)8	(100)1	16.00	0	

(11)(225)	3.00	(111)2	3.00	0	

(12)(1100)	2.00	(100)1	(311)3	(57)1	10.00	0	

(13)(1100)	2.00	(121)1	(88)11	11.00	0	

(14)(1100)	2.00	(100)11	0.00	0	

(15)(1000)	2.00	(332)1	(123)3	(299)1	0.00	0	

(16)(380)	2.00	(111)2	(79)2	0.00	0	

(17)(1100)	1.00	(90)3	(67)12	26.00	0	

(18)(1100)	1.00	(100)1	(90)11	10.00	0	

(19)(1100)	1.00	(79)1	(67)1	(278)1	(56)12	4.00	0	

(20)(1100)	1.00	(79)13	73.00	0	
max retalho: 5

(0)(1100)	1.00	(311)2	478.00	0	

(1)(1100)	1.00	(288)2	524.00	0	

(2)(1000)	1.00	(88)5	(67)2	(57)3	(255)1	0.00	0	

(3)(1100)	1.00	(90)8	380.00	0	

(4)(1100)	1.00	(123)7	239.00	0	

(8)(1000)	1.00	(121)1	(322)1	(100)5	(57)1	0.00	0	
max retalho: 5

(0)(1100)	1.00	(88)1	(289)1	(267)1	(57)8	0.00	0	

(4)(1100)	1.00	(121)3	737.00	0	
max retalho: 5

(0)(1000)	1.00	(67)8	(57)3	0	293	
Sobra Total: 293.00
Perda Total: 6625.00

Total Barras Cortadas:
Barra (1000) : 9
Barra (1100) : 80
Barra (379) : 8
Barra (225) : 3
Barra (380) : 8

Retalhos Gerados:
Retalho (293) : 1
