
4 Soluções

Saida Arquivo/Entrada/Class4/D4d6.txt

Minimizar a Perda Total
max retalho: 5

(0)(1100)	19.00	(315)3	155.00	0	

(1)(1100)	16.00	(158)1	(94)1	(282)3	2.00	0	

(2)(1000)	13.00	(159)1	(280)3	1.00	0	

(3)(1000)	9.00	(324)1	(313)1	(303)1	(60)1	0.00	0	

(4)(226)	8.00	(159)1	(60)1	7.00	0	

(5)(1100)	7.00	(158)3	(313)2	0.00	0	

(6)(1100)	6.00	(136)8	12.00	0	

(7)(1100)	6.00	(148)1	(292)3	(60)1	16.00	0	

(8)(1000)	6.00	(127)1	(115)1	(92)1	(303)2	(60)1	0.00	0	

(9)(224)	4.00	(104)1	(92)1	28.00	0	

(10)(1000)	4.00	(94)7	(280)1	(60)1	2.00	0	

(11)(224)	5.00	(148)1	(60)1	16.00	0	

(12)(1100)	3.00	(115)9	65.00	0	

(13)(1100)	3.00	(127)8	84.00	0	

(14)(1100)	3.00	(158)1	(159)1	(303)1	(94)2	(292)1	0.00	0	

(15)(1100)	2.00	(125)8	100.00	0	

(16)(1100)	1.00	(148)7	64.00	0	

(17)(1000)	1.00	(83)12	4.00	0	

(18)(1100)	1.00	(159)6	(136)1	10.00	0	

(19)(1100)	1.00	(148)1	(127)1	(115)1	(71)10	0.00	0	

(20)(386)	4.00	(92)1	(292)1	2.00	0	
max retalho: 5

(0)(1100)	1.00	(158)1	(115)1	(315)1	(92)1	(60)7	0.00	0	

(1)(1100)	1.00	(159)1	(148)2	(94)3	(83)1	(280)1	0.00	0	

(2)(1100)	1.00	(159)2	(313)1	(104)1	(83)1	(282)1	0.00	0	

(3)(1100)	1.00	(136)1	(324)1	(115)4	(60)3	0.00	0	

(15)(226)	1.00	(136)1	(83)1	7.00	0	
max retalho: 5

(0)(1100)	1.00	(148)2	(136)4	(115)1	(83)1	(60)1	2.00	0	
max retalho: 5

(0)(1100)	1.00	(148)2	(83)6	(282)1	24.00	0	
Sobra Total: 0.00
Perda Total: 4180.00

Total Barras Cortadas:
Barra (1000) : 33
Barra (1100) : 74
Barra (224) : 9
Barra (386) : 4
Barra (226) : 9

Retalhos Gerados:

7 Soluções

Saida Arquivo/Entrada/Class4/D4d6.txt

Minimizar a Perda Total
max retalho: 5

(0)(1100)	19.00	(315)3	155.00	0	

(1)(1100)	18.00	(158)1	(159)1	(303)1	(94)2	(292)1	0.00	0	

(2)(1100)	16.00	(158)1	(94)1	(282)3	2.00	0	

(3)(1000)	14.00	(159)1	(280)3	1.00	0	

(4)(226)	9.00	(83)2	(60)1	0.00	0	

(5)(1100)	7.00	(313)3	161.00	0	

(6)(1100)	6.00	(136)8	12.00	0	

(7)(224)	5.00	(104)1	(60)2	0.00	0	

(8)(1100)	4.00	(115)9	65.00	0	

(9)(1100)	3.00	(127)8	84.00	0	

(10)(1100)	3.00	(148)7	64.00	0	

(11)(1100)	3.00	(324)3	128.00	0	

(12)(224)	2.00	(136)1	(83)1	5.00	0	

(13)(1000)	3.00	(313)1	(92)1	(303)1	(292)1	0.00	0	

(14)(1100)	2.00	(125)8	100.00	0	

(15)(1100)	1.00	(60)18	20.00	0	

(16)(224)	2.00	(127)1	(92)1	5.00	0	

(17)(1000)	1.00	(158)1	(83)1	(71)9	(60)2	0.00	0	

(18)(1100)	1.00	(303)3	191.00	0	

(19)(1100)	1.00	(158)6	152.00	0	

(20)(386)	4.00	(92)1	(292)1	2.00	0	
max retalho: 5

(0)(1100)	1.00	(136)5	420.00	0	

(1)(1100)	1.00	(280)2	540.00	0	

(2)(1100)	1.00	(148)1	(324)1	(115)1	(92)3	(94)1	(83)1	(60)1	0.00	0	

(4)(1100)	1.00	(282)2	536.00	0	

(5)(1100)	1.00	(127)5	465.00	0	
max retalho: 5

(0)(1100)	1.00	(115)2	(315)1	(92)2	(71)1	(60)5	0.00	0	

(4)(1100)	1.00	(148)3	656.00	0	
max retalho: 5

(0)(1000)	1.00	(115)1	(179)4	169.00	716	

(1)(1100)	1.00	(159)1	(179)3	(351)1	53.00	888	

(2)(1100)	1.00	(92)1	(60)4	0	768	
Sobra Total: 2372.00
Perda Total: 8708.00

Total Barras Cortadas:
Barra (1000) : 19
Barra (1100) : 93
Barra (224) : 9
Barra (386) : 4
Barra (226) : 9

Retalhos Gerados:
Retalho (179) : 4
Retalho (179) : 3
Retalho (351) : 1
Retalho (768) : 1

10 Soluções

Saida Arquivo/Entrada/Class4/D4d6.txt

Minimizar a Perda Total
max retalho: 5

(0)(1100)	18.00	(148)1	(115)2	(313)1	(315)1	(94)1	0.00	0	

(1)(1100)	14.00	(159)1	(92)1	(282)3	3.00	0	

(2)(1000)	14.00	(94)1	(280)3	(60)1	6.00	0	

(3)(1100)	10.00	(315)3	155.00	0	

(4)(226)	8.00	(159)1	(60)1	7.00	0	

(5)(1000)	8.00	(292)3	(60)2	4.00	0	

(6)(1000)	7.00	(303)3	(71)1	20.00	0	

(7)(1100)	6.00	(136)8	12.00	0	

(8)(386)	4.00	(158)2	70.00	0	

(9)(1100)	4.00	(315)2	(94)5	0.00	0	

(10)(1100)	3.00	(127)8	84.00	0	

(11)(1100)	3.00	(324)3	(115)1	13.00	0	

(12)(1000)	3.00	(125)2	(313)2	(104)1	20.00	0	

(13)(1100)	3.00	(158)5	(125)2	60.00	0	

(14)(224)	2.00	(104)1	(60)2	0.00	0	

(15)(1100)	2.00	(136)1	(83)11	51.00	0	

(16)(1000)	1.00	(94)1	(282)3	(60)1	0.00	0	

(17)(1100)	1.00	(159)6	(127)1	19.00	0	

(18)(1100)	1.00	(148)6	(136)1	76.00	0	

(19)(1100)	2.00	(158)5	(125)2	(60)1	0.00	0	

(20)(1100)	1.00	(158)6	(71)2	10.00	0	
max retalho: 5

(0)(224)	2.00	(159)1	(60)1	5.00	0	

(1)(224)	2.00	(158)1	66.00	0	

(2)(224)	2.00	(159)1	65.00	0	

(3)(226)	1.00	(136)1	(60)1	30.00	0	

(4)(1100)	1.00	(136)1	(127)2	(324)1	(315)1	(71)1	0.00	0	

(5)(1000)	1.00	(127)1	(303)1	(282)2	6.00	0	

(6)(1100)	1.00	(282)3	254.00	0	

(7)(1100)	1.00	(159)1	(127)2	(92)1	(303)1	(292)1	0.00	0	

(9)(1000)	1.00	(136)1	(303)1	(280)2	1.00	0	

(15)(224)	1.00	(115)1	(60)1	49.00	0	
max retalho: 5

(0)(1000)	1.00	(148)1	(136)1	(127)1	(315)1	0	274	
Sobra Total: 274.00
Perda Total: 3606.00

Total Barras Cortadas:
Barra (1000) : 36
Barra (1100) : 71
Barra (224) : 9
Barra (386) : 4
Barra (226) : 9

Retalhos Gerados:
Retalho (274) : 1
