
4 Soluções

Saida Arquivo/Entrada/Class4/D4d7.txt

Minimizar a Perda Total
max retalho: 5

(0)(1100)	13.00	(319)3	143.00	0	

(1)(1100)	10.00	(194)4	(162)2	0.00	0	

(2)(1100)	10.00	(141)1	(317)3	8.00	0	

(3)(1000)	9.00	(97)1	(307)1	(296)2	4.00	0	

(4)(1100)	8.00	(183)6	2.00	0	

(5)(1100)	7.00	(173)6	62.00	0	

(6)(1000)	6.00	(162)2	(141)1	(119)1	(319)1	(97)1	0.00	0	

(7)(1100)	6.00	(206)2	(307)2	74.00	0	

(8)(1100)	5.00	(329)3	113.00	0	

(9)(252)	5.00	(108)2	36.00	0	

(10)(1100)	4.00	(118)9	38.00	0	

(11)(1000)	3.00	(119)7	(108)1	59.00	0	

(12)(1100)	3.00	(185)3	(118)1	(108)1	(319)1	0.00	0	

(13)(1100)	2.00	(141)7	113.00	0	

(14)(1100)	2.00	(97)11	33.00	0	

(15)(1100)	2.00	(206)4	(108)2	60.00	0	

(16)(1000)	1.00	(150)1	(85)10	0.00	0	

(17)(399)	1.00	(183)1	(108)2	0.00	0	

(18)(1100)	1.00	(150)7	50.00	0	

(19)(407)	6.00	(162)2	83.00	0	

(20)(1100)	1.00	(185)1	(162)1	(129)5	(108)1	0.00	0	

(21)(1100)	1.00	(150)1	(152)2	(329)1	(317)1	0.00	0	
max retalho: 5

(0)(399)	6.00	(173)1	(141)1	(85)1	0.00	0	

(1)(399)	2.00	(183)1	(119)1	(97)1	0.00	0	

(2)(1100)	1.00	(319)3	143.00	0	

(3)(1100)	1.00	(150)6	200.00	0	

(4)(1100)	1.00	(185)1	(141)1	(129)1	(118)2	(108)3	(85)1	0.00	0	

(5)(1100)	1.00	(317)3	149.00	0	

(6)(1100)	1.00	(194)4	324.00	0	

(7)(1100)	1.00	(307)2	486.00	0	

(8)(1100)	1.00	(296)2	508.00	0	

(9)(1100)	1.00	(329)2	442.00	0	

(10)(1100)	1.00	(162)4	452.00	0	
max retalho: 5

(0)(1000)	1.00	(183)2	(119)1	(319)1	(97)2	2.00	0	
max retalho: 5

(0)(1100)	1.00	(118)1	(119)1	(97)4	(85)1	(353)1	37.00	353	
max retalho: 4

(0)(1000)	1.00	(206)2	0	588	
Sobra Total: 941.00
Perda Total: 7646.00

Total Barras Cortadas:
Barra (1000) : 21
Barra (1100) : 85
Barra (407) : 6
Barra (252) : 5
Barra (399) : 9

Retalhos Gerados:
Retalho (353) : 1
Retalho (588) : 1

7 Soluções

Saida Arquivo/Entrada/Class4/D4d7.txt

Minimizar a Perda Total
max retalho: 5

(0)(1000)	11.00	(173)3	(162)1	(319)1	0.00	0	

(1)(1000)	11.00	(317)3	49.00	0	

(2)(1100)	10.00	(118)1	(319)3	25.00	0	

(3)(1100)	9.00	(194)4	(162)2	0.00	0	

(4)(1100)	8.00	(162)2	(118)1	(329)2	0.00	0	

(5)(1100)	8.00	(183)6	2.00	0	

(6)(1000)	7.00	(97)1	(307)1	(296)2	4.00	0	

(7)(399)	7.00	(141)2	(97)1	20.00	0	

(8)(1000)	7.00	(194)1	(173)2	(141)1	(319)1	0.00	0	

(9)(407)	6.00	(97)1	(307)1	3.00	0	

(10)(1100)	4.00	(206)5	70.00	0	

(11)(1000)	3.00	(150)4	(141)2	(118)1	0.00	0	

(12)(252)	3.00	(129)1	(119)1	4.00	0	

(13)(1100)	2.00	(119)1	(108)9	9.00	0	

(14)(1000)	2.00	(185)4	(141)1	(119)1	0.00	0	

(15)(1100)	2.00	(119)9	29.00	0	

(16)(252)	2.00	(152)1	(97)1	3.00	0	

(17)(1100)	2.00	(97)11	33.00	0	

(18)(1100)	2.00	(118)9	38.00	0	

(19)(1000)	5.00	(307)2	(85)1	(296)1	5.00	0	

(20)(399)	1.00	(141)1	(129)2	0.00	0	

(21)(1100)	1.00	(141)1	(85)11	24.00	0	

(22)(1000)	2.00	(162)1	(141)2	(118)1	(119)1	(319)1	0.00	0	
max retalho: 5

(0)(1100)	1.00	(185)3	545.00	0	

(1)(1100)	1.00	(329)2	442.00	0	

(2)(1100)	1.00	(206)1	(162)1	(119)1	(317)1	(296)1	0.00	0	

(3)(1100)	1.00	(319)2	462.00	0	

(4)(1100)	1.00	(108)8	236.00	0	

(5)(1100)	1.00	(183)5	185.00	0	

(11)(1100)	1.00	(150)3	650.00	0	

(14)(1100)	1.00	(173)1	(141)1	(129)1	(118)1	(119)3	(97)1	(85)1	0.00	0	
max retalho: 5

(0)(1000)	1.00	(206)1	(194)1	(162)1	(141)1	(85)1	0	212	
Sobra Total: 212.00
Perda Total: 4076.00

Total Barras Cortadas:
Barra (1000) : 49
Barra (1100) : 56
Barra (407) : 6
Barra (252) : 5
Barra (399) : 8

Retalhos Gerados:
Retalho (212) : 1

10 Soluções

Saida Arquivo/Entrada/Class4/D4d7.txt

Minimizar a Perda Total
max retalho: 5

(0)(1100)	16.00	(162)2	(141)1	(317)2	1.00	0	

(1)(1000)	13.00	(194)1	(162)1	(319)2	6.00	0	

(2)(399)	9.00	(206)1	(183)1	10.00	0	

(3)(1100)	8.00	(183)1	(141)1	(329)2	(97)1	21.00	0	

(4)(1100)	7.00	(173)5	(108)2	19.00	0	

(5)(1100)	7.00	(194)4	(319)1	5.00	0	

(6)(1100)	6.00	(183)5	(150)1	35.00	0	

(7)(1100)	6.00	(97)2	(296)3	18.00	0	

(8)(1100)	5.00	(108)1	(319)3	35.00	0	

(9)(1100)	5.00	(150)1	(118)8	6.00	0	

(10)(252)	4.00	(141)1	(97)1	14.00	0	

(11)(1100)	4.00	(206)1	(119)7	61.00	0	

(12)(407)	4.00	(97)4	19.00	0	

(13)(1100)	2.00	(185)5	(173)1	2.00	0	

(14)(1000)	2.00	(206)4	(85)2	6.00	0	

(15)(407)	2.00	(183)1	(108)2	8.00	0	

(16)(1000)	1.00	(150)1	(85)10	0.00	0	

(17)(1000)	1.00	(162)1	(152)2	(141)1	(307)1	(85)1	1.00	0	

(18)(1000)	1.00	(129)6	(118)1	(108)1	0.00	0	

(19)(1100)	7.00	(173)1	(307)3	6.00	0	

(20)(1000)	1.00	(141)7	13.00	0	
max retalho: 5

(0)(1100)	1.00	(319)3	143.00	0	

(1)(1100)	1.00	(329)2	442.00	0	

(2)(1100)	1.00	(317)2	466.00	0	

(3)(1100)	1.00	(194)3	518.00	0	

(4)(1100)	1.00	(296)2	508.00	0	

(5)(1100)	1.00	(183)1	(185)1	(162)1	(307)1	(85)3	8.00	0	

(7)(1100)	1.00	(173)4	408.00	0	

(10)(1100)	1.00	(97)5	615.00	0	

(11)(1100)	1.00	(206)1	(162)1	(150)1	(119)3	(108)2	9.00	0	
max retalho: 5

(0)(1000)	1.00	(183)2	(150)1	(141)1	(319)1	24.00	0	
max retalho: 5

(0)(1000)	1.00	(183)1	(162)1	(150)1	(118)1	0	387	
Sobra Total: 387.00
Perda Total: 4648.00

Total Barras Cortadas:
Barra (1000) : 21
Barra (1100) : 82
Barra (407) : 6
Barra (252) : 4
Barra (399) : 9

Retalhos Gerados:
Retalho (387) : 1
