
4 Soluções

Saida Arquivo/Entrada/Class4/D4d8.txt

Minimizar a Perda Total
max retalho: 5

(0)(1000)	21.00	(187)1	(189)1	(312)2	0.00	0	

(1)(1000)	19.00	(133)1	(124)1	(321)2	(101)1	0.00	0	

(2)(1100)	18.00	(166)1	(310)3	4.00	0	

(3)(1000)	16.00	(156)1	(333)2	(89)2	0.00	0	

(4)(1100)	10.00	(210)2	(177)1	(166)1	(333)1	4.00	0	

(5)(403)	8.00	(198)2	7.00	0	

(6)(1100)	6.00	(187)5	(156)1	9.00	0	

(7)(1000)	6.00	(189)4	(122)2	0.00	0	

(8)(411)	6.00	(198)2	15.00	0	

(9)(258)	5.00	(198)1	60.00	0	

(10)(1100)	5.00	(210)2	(177)1	(166)3	5.00	0	

(11)(1100)	5.00	(154)5	(156)2	18.00	0	

(12)(1100)	3.00	(198)4	(154)2	0.00	0	

(13)(1100)	3.00	(210)1	(177)5	5.00	0	

(14)(1100)	2.00	(166)1	(156)3	(133)1	(333)1	0.00	0	

(15)(1100)	3.00	(198)1	(124)7	34.00	0	

(16)(1000)	3.00	(333)3	1.00	0	

(17)(1000)	2.00	(133)1	(89)3	(300)2	0.00	0	

(18)(1000)	1.00	(154)3	(133)4	6.00	0	

(19)(1000)	2.00	(145)1	(124)1	(321)2	(89)1	0.00	0	

(20)(1000)	1.00	(210)2	(145)4	0.00	0	

(21)(1100)	1.00	(189)5	(154)1	1.00	0	

(22)(1000)	1.00	(198)2	(156)1	(112)4	0.00	0	
max retalho: 5

(0)(1100)	1.00	(187)4	352.00	0	

(1)(1100)	1.00	(198)5	110.00	0	

(2)(1100)	1.00	(189)5	155.00	0	

(3)(1000)	1.00	(156)1	(122)1	(321)1	(101)1	(300)1	0.00	0	

(4)(1100)	1.00	(210)1	(156)1	(133)3	(333)1	2.00	0	
max retalho: 5

(0)(1000)	1.00	(145)2	(133)1	(310)1	(89)3	0.00	0	
max retalho: 5

(0)(1000)	1.00	(156)1	(133)1	(333)1	(312)1	66.00	0	
Sobra Total: 0.00
Perda Total: 1539.00

Total Barras Cortadas:
Barra (1000) : 75
Barra (1100) : 60
Barra (411) : 6
Barra (258) : 5
Barra (403) : 8

Retalhos Gerados:

7 Soluções

Saida Arquivo/Entrada/Class4/D4d8.txt

Minimizar a Perda Total
max retalho: 5

(0)(1100)	21.00	(333)1	(124)1	(321)2	1.00	0	

(1)(1000)	21.00	(187)1	(189)1	(312)2	0.00	0	

(2)(1100)	17.00	(166)1	(310)3	4.00	0	

(3)(1100)	11.00	(333)3	101.00	0	

(4)(1100)	9.00	(198)5	110.00	0	

(5)(1100)	7.00	(210)5	50.00	0	

(6)(1100)	6.00	(187)5	(122)1	43.00	0	

(7)(1100)	6.00	(156)7	8.00	0	

(8)(411)	5.00	(198)1	(124)1	(89)1	0.00	0	

(9)(258)	5.00	(133)1	(124)1	1.00	0	

(10)(1100)	5.00	(177)6	38.00	0	

(11)(1100)	4.00	(166)6	104.00	0	

(12)(1100)	4.00	(154)7	22.00	0	

(13)(1000)	5.00	(189)4	(154)1	(89)1	1.00	0	

(14)(1100)	3.00	(133)8	36.00	0	

(15)(1000)	3.00	(189)4	(122)2	0.00	0	

(16)(1000)	2.00	(310)1	(89)1	(300)2	1.00	0	

(17)(1000)	2.00	(101)9	(89)1	2.00	0	

(18)(1100)	2.00	(89)12	32.00	0	

(19)(403)	4.00	(145)2	(89)1	24.00	0	

(20)(1000)	1.00	(124)6	(112)2	32.00	0	
max retalho: 5

(0)(403)	1.00	(166)1	(112)2	13.00	0	

(4)(1100)	1.00	(310)2	480.00	0	

(5)(1100)	1.00	(124)5	480.00	0	

(7)(1100)	1.00	(133)3	701.00	0	

(8)(1000)	1.00	(154)1	(101)2	(312)1	(300)1	32.00	0	
max retalho: 5

(1)(1100)	1.00	(187)4	352.00	0	

(2)(1000)	1.00	(210)1	(189)2	(154)1	(122)1	(89)1	47.00	0	

(3)(1100)	1.00	(166)3	602.00	0	
max retalho: 5

(0)(1000)	1.00	(198)3	(333)1	73.00	0	

(1)(403)	1.00	(321)1	82.00	0	
max retalho: 5

(0)(403)	1.00	(198)2	7.00	0	
Sobra Total: 0.00
Perda Total: 6725.00

Total Barras Cortadas:
Barra (1000) : 37
Barra (1100) : 100
Barra (411) : 5
Barra (258) : 5
Barra (403) : 7

Retalhos Gerados:

10 Soluções

Saida Arquivo/Entrada/Class4/D4d8.txt

Minimizar a Perda Total
max retalho: 5

(0)(1000)	21.00	(187)1	(189)1	(312)2	0.00	0	

(1)(1100)	21.00	(198)1	(166)1	(321)2	(89)1	5.00	0	

(2)(1000)	18.00	(333)3	1.00	0	

(3)(1100)	9.00	(210)1	(133)2	(310)2	4.00	0	

(4)(1100)	8.00	(210)3	(154)1	(156)2	4.00	0	

(5)(1000)	7.00	(124)5	(310)1	70.00	0	

(6)(1100)	7.00	(154)1	(310)3	16.00	0	

(7)(403)	7.00	(198)2	7.00	0	

(8)(1000)	6.00	(189)4	(122)2	0.00	0	

(9)(1100)	6.00	(187)5	(154)1	11.00	0	

(10)(1000)	6.00	(177)3	(154)2	(156)1	5.00	0	

(11)(411)	6.00	(145)1	(133)2	0.00	0	

(12)(1100)	4.00	(166)5	(89)3	3.00	0	

(13)(1100)	4.00	(198)4	(101)3	5.00	0	

(14)(1100)	2.00	(177)5	(101)2	13.00	0	

(15)(258)	3.00	(156)1	(101)1	1.00	0	

(16)(1100)	2.00	(156)7	8.00	0	

(17)(403)	2.00	(145)1	(124)2	10.00	0	

(18)(1100)	1.00	(133)1	(112)3	(310)2	11.00	0	

(19)(1100)	2.00	(187)1	(189)4	(156)1	1.00	0	

(20)(1000)	2.00	(310)2	(89)4	24.00	0	

(21)(1100)	1.00	(198)1	(300)3	2.00	0	
max retalho: 5

(0)(1100)	1.00	(310)3	170.00	0	

(1)(258)	1.00	(166)1	(89)1	3.00	0	

(2)(1100)	1.00	(300)2	500.00	0	

(3)(1100)	1.00	(154)2	792.00	0	

(4)(258)	1.00	(210)1	48.00	0	

(5)(1100)	1.00	(198)3	506.00	0	

(6)(1100)	1.00	(189)1	(177)2	(133)1	(122)1	(112)1	(101)1	(89)1	0.00	0	

(8)(1100)	1.00	(187)1	(156)1	(124)1	(321)1	(312)1	0.00	0	

(10)(1100)	1.00	(333)1	767.00	0	
max retalho: 5

(0)(1000)	1.00	(210)2	(166)2	(124)2	0.00	0	
max retalho: 5

(0)(1000)	1.00	(187)1	(189)1	(166)1	0	458	
Sobra Total: 458.00
Perda Total: 3884.00

Total Barras Cortadas:
Barra (1000) : 62
Barra (1100) : 74
Barra (411) : 6
Barra (258) : 5
Barra (403) : 9

Retalhos Gerados:
Retalho (458) : 1
