
4 Soluções

Saida Arquivo/Entrada/Class4/D4d9.txt

Minimizar a Perda Total
max retalho: 5

(0)(1000)	14.00	(191)1	(158)3	(149)1	(93)2	0.00	0	

(1)(1100)	10.00	(191)1	(158)1	(114)3	(316)1	(93)1	0.00	0	

(2)(1100)	7.00	(147)2	(105)1	(93)1	(304)2	0.00	0	

(3)(1100)	6.00	(181)1	(170)1	(149)5	4.00	0	

(4)(1000)	6.00	(191)2	(314)1	(304)1	0.00	0	

(5)(404)	6.00	(170)1	(116)2	2.00	0	

(6)(1100)	5.00	(202)5	(82)1	8.00	0	

(7)(248)	5.00	(180)1	68.00	0	

(8)(396)	5.00	(202)1	(191)1	3.00	0	

(9)(1100)	3.00	(126)3	(114)1	(304)2	0.00	0	

(10)(1000)	3.00	(202)1	(191)1	(314)1	(293)1	0.00	0	

(11)(1100)	2.00	(180)3	(149)1	(137)3	0.00	0	

(12)(1000)	2.00	(202)1	(114)7	0.00	0	

(13)(1000)	1.00	(126)7	(114)1	4.00	0	

(14)(1100)	1.00	(149)1	(137)1	(325)2	(82)2	0.00	0	

(19)(1100)	2.00	(149)1	(105)9	6.00	0	
max retalho: 5

(0)(1100)	1.00	(180)2	(181)1	(170)1	(137)1	(126)2	0.00	0	

(1)(1100)	1.00	(170)1	(149)1	(137)1	(126)2	(114)2	(82)2	0.00	0	

(2)(396)	1.00	(137)1	(126)2	7.00	0	
max retalho: 5

(0)(1000)	1.00	(181)1	(170)2	(149)1	(137)1	0	193	
Sobra Total: 193.00
Perda Total: 454.00

Total Barras Cortadas:
Barra (1000) : 27
Barra (1100) : 38
Barra (404) : 6
Barra (248) : 5
Barra (396) : 6

Retalhos Gerados:
Retalho (193) : 1

7 Soluções

Saida Arquivo/Entrada/Class4/D4d9.txt

Minimizar a Perda Total
max retalho: 5

(0)(1000)	12.00	(191)2	(116)1	(105)1	(93)1	(304)1	0.00	0	

(1)(1100)	10.00	(191)1	(158)1	(114)3	(316)1	(93)1	0.00	0	

(2)(1000)	8.00	(191)1	(158)1	(149)1	(105)1	(93)1	(304)1	0.00	0	

(3)(1100)	7.00	(202)5	90.00	0	

(4)(404)	6.00	(149)1	(126)2	3.00	0	

(5)(1000)	6.00	(170)2	(158)3	(93)2	0.00	0	

(6)(248)	5.00	(126)1	(105)1	17.00	0	

(7)(1100)	4.00	(170)1	(158)4	(149)2	0.00	0	

(8)(1100)	3.00	(149)7	57.00	0	

(9)(1100)	3.00	(149)1	(314)3	9.00	0	

(10)(396)	2.00	(149)1	(82)3	1.00	0	

(11)(396)	2.00	(191)1	(126)1	79.00	0	

(12)(1100)	2.00	(180)1	(304)3	8.00	0	

(13)(1100)	2.00	(147)7	71.00	0	

(14)(1100)	1.00	(180)6	20.00	0	

(15)(1100)	1.00	(114)9	74.00	0	

(16)(1000)	1.00	(114)2	(93)2	(293)2	0.00	0	

(17)(396)	1.00	(126)2	(114)1	30.00	0	

(18)(1100)	1.00	(181)6	14.00	0	

(19)(1100)	1.00	(137)8	4.00	0	

(21)(1100)	1.00	(149)1	(137)1	(325)2	(82)2	0.00	0	
max retalho: 5

(0)(396)	2.00	(114)2	168.00	0	

(1)(1000)	1.00	(180)2	(181)1	(137)1	(126)1	(114)1	(82)1	0.00	0	

(2)(396)	1.00	(180)2	36.00	0	

(3)(396)	1.00	(149)2	(93)1	5.00	0	
max retalho: 5

(0)(1100)	1.00	(180)1	(181)1	(137)1	(114)2	(293)1	81.00	0	
max retalho: 5

(0)(1100)	1.00	(114)1	0	986	
Sobra Total: 986.00
Perda Total: 1849.00

Total Barras Cortadas:
Barra (1000) : 28
Barra (1100) : 38
Barra (404) : 6
Barra (248) : 5
Barra (396) : 9

Retalhos Gerados:
Retalho (986) : 1

10 Soluções

Saida Arquivo/Entrada/Class4/D4d9.txt

Minimizar a Perda Total
max retalho: 5

(0)(1100)	17.00	(191)1	(158)1	(126)1	(114)2	(93)1	(304)1	0.00	0	

(1)(1000)	9.00	(191)2	(314)1	(304)1	0.00	0	

(2)(396)	7.00	(202)1	(191)1	3.00	0	

(3)(1000)	7.00	(202)2	(170)1	(147)1	(93)3	0.00	0	

(4)(1100)	6.00	(149)7	57.00	0	

(5)(1000)	5.00	(158)5	(105)2	0.00	0	

(6)(248)	5.00	(126)1	(116)1	6.00	0	

(7)(1000)	5.00	(158)1	(105)2	(316)2	0.00	0	

(8)(404)	3.00	(149)1	(137)1	(116)1	2.00	0	

(9)(1000)	2.00	(202)1	(114)7	0.00	0	

(10)(404)	2.00	(158)1	(82)3	0.00	0	

(11)(1100)	2.00	(180)6	20.00	0	

(12)(1100)	2.00	(202)2	(191)1	(170)1	(149)1	(93)2	0.00	0	

(13)(396)	1.00	(105)2	(93)2	0.00	0	

(14)(1100)	1.00	(202)5	90.00	0	

(15)(1000)	1.00	(149)2	(116)1	(293)2	0.00	0	

(16)(1100)	1.00	(181)6	14.00	0	

(17)(1100)	1.00	(170)6	80.00	0	

(18)(1100)	1.00	(147)7	71.00	0	

(20)(1100)	1.00	(149)1	(137)1	(325)2	(82)2	0.00	0	
max retalho: 5

(0)(1100)	1.00	(293)1	807.00	0	

(1)(1100)	1.00	(137)7	141.00	0	

(3)(1100)	1.00	(202)1	(180)1	(149)1	(114)2	(105)3	26.00	0	

(4)(1100)	1.00	(158)3	626.00	0	

(10)(1100)	1.00	(116)3	752.00	0	

(12)(404)	1.00	(202)2	0.00	0	
max retalho: 5

(0)(1000)	1.00	(181)2	(170)1	(93)1	(82)1	0	293	
Sobra Total: 293.00
Perda Total: 3046.00

Total Barras Cortadas:
Barra (1000) : 30
Barra (1100) : 37
Barra (404) : 6
Barra (248) : 5
Barra (396) : 8

Retalhos Gerados:
Retalho (293) : 1
