
4 Soluções

Saida Arquivo/Entrada/Class3/D3d14.txt

Minimizar a Perda Total
max retalho: 5

(0)(1000)	21.00	(65)4	(74)10	0.00	0	

(1)(1000)	11.00	(67)9	(37)10	(27)1	0.00	0	

(2)(1100)	11.00	(60)18	20.00	0	

(3)(1100)	8.00	(44)25	0.00	0	

(4)(125)	8.00	(23)1	(37)2	(27)1	1.00	0	

(5)(1100)	6.00	(39)28	8.00	0	

(6)(113)	5.00	(33)1	(6)13	2.00	0	

(7)(1100)	5.00	(81)10	(71)1	(48)4	(27)1	0.00	0	

(8)(1100)	4.00	(33)33	11.00	0	

(9)(353)	4.00	(67)1	(37)7	(27)1	0.00	0	

(10)(113)	4.00	(37)2	(39)1	0.00	0	

(11)(1000)	3.00	(65)11	(81)2	(48)2	(27)1	0.00	0	

(12)(1000)	4.00	(67)13	(23)3	(60)1	0.00	0	

(13)(1100)	3.00	(77)14	22.00	0	

(14)(1100)	3.00	(27)40	20.00	0	

(15)(1100)	3.00	(23)1	(81)5	(48)14	0.00	0	

(16)(1100)	2.00	(67)1	(23)2	(71)13	(37)1	(27)1	0.00	0	

(17)(1100)	2.00	(23)47	19.00	0	

(18)(1000)	1.00	(34)12	(12)48	(6)1	10.00	0	

(19)(1100)	7.00	(65)1	(69)15	0.00	0	

(20)(1000)	1.00	(56)11	(6)64	0.00	0	
max retalho: 5

(0)(1100)	1.00	(77)8	484.00	0	

(1)(1100)	1.00	(69)14	134.00	0	

(2)(1100)	1.00	(33)30	110.00	0	

(3)(1100)	1.00	(44)16	396.00	0	

(4)(1100)	1.00	(65)10	450.00	0	

(5)(1100)	1.00	(71)7	603.00	0	

(7)(1100)	1.00	(74)5	730.00	0	

(9)(1100)	1.00	(56)1	(34)6	(23)1	(81)2	(60)1	(48)2	(37)5	(39)1	(27)5	(16)8	(6)2	0.00	0	
max retalho: 5

(0)(1000)	1.00	(23)13	(27)9	(16)1	0	442	
Sobra Total: 442.00
Perda Total: 3411.00

Total Barras Cortadas:
Barra (1000) : 42
Barra (1100) : 62
Barra (125) : 8
Barra (353) : 4
Barra (113) : 9

Retalhos Gerados:
Retalho (442) : 1

7 Soluções

Saida Arquivo/Entrada/Class3/D3d14.txt

Minimizar a Perda Total
max retalho: 5

(0)(1100)	15.00	(37)1	(74)14	27.00	0	

(1)(1100)	13.00	(67)10	(23)1	(37)11	0.00	0	

(2)(1000)	13.00	(44)14	(33)1	(39)9	0.00	0	

(3)(1000)	12.00	(44)1	(33)1	(23)1	(60)15	0.00	0	

(4)(1000)	11.00	(65)11	(81)2	(48)2	(27)1	0.00	0	

(5)(1000)	6.00	(77)7	(23)1	(60)1	(27)14	0.00	0	

(6)(125)	7.00	(39)2	(46)1	1.00	46	

(7)(113)	6.00	(39)1	(6)12	2.00	0	

(8)(1100)	5.00	(44)4	(33)28	0.00	0	

(9)(1100)	4.00	(81)10	(71)1	(48)4	(27)1	0.00	0	

(10)(353)	4.00	(67)5	18.00	0	

(11)(1100)	3.00	(23)34	(60)4	(39)2	0.00	0	

(12)(1100)	2.00	(77)1	(67)2	(71)12	(37)1	0.00	0	

(13)(1000)	2.00	(81)3	(48)15	(37)1	0.00	0	

(14)(1100)	1.00	(44)1	(27)39	3.00	0	

(15)(1000)	1.00	(39)22	(46)2	50.00	92	

(16)(1000)	1.00	(34)12	(12)48	(6)1	10.00	0	

(20)(1100)	7.00	(65)1	(69)15	0.00	0	
max retalho: 5

(0)(1100)	1.00	(56)12	428.00	0	

(1)(1100)	1.00	(69)14	134.00	0	

(2)(1100)	1.00	(71)10	390.00	0	

(3)(1100)	1.00	(27)29	317.00	0	

(4)(1100)	1.00	(77)6	638.00	0	

(5)(1100)	1.00	(65)6	710.00	0	

(6)(1100)	1.00	(81)5	695.00	0	

(9)(1100)	1.00	(74)5	730.00	0	

(11)(1000)	1.00	(67)3	(34)6	(37)7	(16)9	(6)32	0.00	0	

(13)(125)	1.00	(33)2	(39)1	(6)3	2.00	0	

(18)(125)	1.00	(23)1	(48)2	(6)1	0.00	0	
max retalho: 5

(0)(1000)	1.00	(23)1	(60)5	(6)1	(46)9	(255)1	2.00	669	

(6)(113)	3.00	(39)2	(6)5	5.00	0	
max retalho: 4

(0)(1000)	1.00	(44)1	(39)1	(6)7	0	875	
Sobra Total: 1958.00
Perda Total: 4620.00

Total Barras Cortadas:
Barra (1000) : 49
Barra (1100) : 58
Barra (125) : 9
Barra (353) : 4
Barra (113) : 9

Retalhos Gerados:
Retalho (46) : 7
Retalho (46) : 2
Retalho (46) : 9
Retalho (255) : 1
Retalho (875) : 1

10 Soluções

Saida Arquivo/Entrada/Class3/D3d14.txt

Minimizar a Perda Total
max retalho: 5

(0)(1000)	21.00	(65)4	(74)10	0.00	0	

(1)(1000)	11.00	(44)14	(33)1	(39)9	0.00	0	

(2)(1100)	9.00	(65)4	(81)1	(69)11	0.00	0	

(3)(1100)	8.00	(67)8	(23)2	(37)14	0.00	0	

(4)(125)	8.00	(44)2	(37)1	0.00	0	

(5)(1000)	7.00	(23)2	(60)15	(27)2	0.00	0	

(6)(1100)	6.00	(67)13	(37)4	(27)3	0.00	0	

(7)(1100)	5.00	(23)1	(60)13	(27)11	0.00	0	

(8)(1100)	5.00	(77)9	(23)4	(60)3	(27)5	0.00	0	

(9)(1100)	5.00	(44)4	(33)28	0.00	0	

(10)(1100)	5.00	(81)10	(71)1	(48)4	(27)1	0.00	0	

(11)(1000)	3.00	(44)5	(39)20	0.00	0	

(12)(1000)	3.00	(81)3	(48)15	(37)1	0.00	0	

(13)(1100)	2.00	(67)2	(71)11	(37)5	0.00	0	

(14)(353)	2.00	(23)1	(69)4	(27)2	0.00	0	

(15)(1100)	1.00	(23)37	(60)1	(27)7	0.00	0	

(16)(353)	1.00	(33)1	(23)1	(27)11	0.00	0	

(19)(113)	8.00	(65)1	(6)8	0.00	0	

(20)(125)	1.00	(12)1	(16)7	1.00	0	

(21)(113)	1.00	(44)1	(69)1	0.00	0	
max retalho: 5

(0)(1100)	1.00	(67)11	363.00	0	

(1)(1100)	1.00	(56)12	428.00	0	

(2)(1100)	1.00	(69)11	341.00	0	

(3)(1100)	1.00	(71)11	319.00	0	

(4)(1100)	1.00	(60)17	80.00	0	

(5)(1100)	1.00	(39)14	554.00	0	

(6)(1100)	1.00	(44)2	(33)1	(34)1	(12)2	(37)3	(16)2	(6)68	(74)5	0.00	0	

(7)(1100)	1.00	(77)5	(23)2	(12)2	(81)5	(48)5	0.00	0	

(8)(1100)	1.00	(27)28	344.00	0	
max retalho: 5

(0)(353)	1.00	(65)4	(12)7	9.00	0	

(1)(1100)	1.00	(23)38	226.00	0	

(4)(1100)	1.00	(34)17	522.00	0	
max retalho: 5

(0)(1100)	1.00	(65)2	(44)8	(33)5	(12)10	(37)9	0.00	0	
max retalho: 5

(0)(1000)	1.00	(33)9	(12)26	0	391	
Sobra Total: 391.00
Perda Total: 3187.00

Total Barras Cortadas:
Barra (1000) : 46
Barra (1100) : 58
Barra (125) : 9
Barra (353) : 4
Barra (113) : 9

Retalhos Gerados:
Retalho (391) : 1
