
4 Soluções

Saida Arquivo/Entrada/Class3/D3d12.txt

Minimizar a Perda Total
max retalho: 5

(0)(1000)	11.00	(83)1	(51)16	(29)2	(43)1	0.00	0	

(1)(1100)	10.00	(62)10	(18)1	(66)7	0.00	0	

(2)(1100)	9.00	(83)12	(72)1	(8)4	0.00	0	

(3)(58)	9.00	(55)1	3.00	0	

(4)(1000)	8.00	(83)5	(45)13	0.00	0	

(5)(1100)	8.00	(73)14	(18)3	(8)3	0.00	0	

(6)(1000)	7.00	(39)2	(8)2	(34)26	(22)1	0.00	0	

(7)(1100)	5.00	(66)16	(22)2	0.00	0	

(8)(1100)	4.00	(29)26	(43)7	(45)1	0.00	45	

(9)(1000)	4.00	(83)5	(72)5	(45)5	0.00	0	

(10)(285)	4.00	(45)6	15.00	0	

(11)(1100)	3.00	(73)12	(8)28	0.00	0	

(12)(1100)	3.00	(43)1	(22)48	1.00	0	

(13)(1000)	3.00	(51)1	(29)1	(8)1	(76)12	0.00	0	

(14)(1000)	2.00	(39)18	(8)8	(78)3	0.00	0	

(15)(1100)	2.00	(41)26	(18)1	(8)2	0.00	0	

(16)(1000)	1.00	(18)36	(55)6	(22)1	0.00	0	

(17)(1100)	1.00	(18)55	(22)5	0.00	0	

(18)(1100)	1.00	(39)8	(8)6	(78)3	(22)1	(11)44	0.00	0	

(19)(1100)	1.00	(39)7	(18)2	(7)75	(8)4	(78)3	0.00	0	

(20)(56)	5.00	(45)1	11.00	0	

(21)(1100)	1.00	(29)35	(8)1	(43)1	(34)1	0.00	0	
max retalho: 5

(0)(1100)	1.00	(83)6	602.00	0	

(1)(1100)	1.00	(73)10	370.00	0	

(2)(1100)	1.00	(34)18	488.00	0	

(3)(1100)	1.00	(22)29	462.00	0	

(4)(1100)	1.00	(18)45	290.00	0	

(5)(1100)	1.00	(62)7	666.00	0	

(6)(1100)	1.00	(51)7	743.00	0	

(7)(1100)	1.00	(29)11	781.00	0	

(8)(1100)	1.00	(66)5	770.00	0	
max retalho: 5

(0)(1100)	1.00	(45)10	650.00	0	

(1)(1100)	1.00	(72)1	(39)4	(41)3	(8)17	(76)2	(78)3	(55)1	(43)4	0.00	0	
max retalho: 5

(0)(1000)	1.00	(39)3	(8)14	(55)4	(45)5	(254)1	72.00	479	
max retalho: 4

(0)(1000)	1.00	(45)5	0	775	
Sobra Total: 1434.00
Perda Total: 6039.00

Total Barras Cortadas:
Barra (1000) : 38
Barra (1100) : 59
Barra (56) : 5
Barra (285) : 4
Barra (58) : 9

Retalhos Gerados:
Retalho (45) : 4
Retalho (45) : 5
Retalho (254) : 1
Retalho (775) : 1

7 Soluções

Saida Arquivo/Entrada/Class3/D3d12.txt

Minimizar a Perda Total
max retalho: 5

(11)(1000)	1.00	(83)5	(72)5	(45)5	0.00	0	

(12)(1100)	4.00	(39)1	(22)48	5.00	0	

(13)(1100)	2.00	(18)2	(76)14	0.00	0	

(14)(1000)	2.00	(39)12	(8)8	(78)6	0.00	0	

(15)(1100)	2.00	(41)26	(18)1	(8)2	0.00	0	

(16)(1100)	1.00	(18)55	(22)5	0.00	0	

(17)(1000)	2.00	(43)22	(45)1	9.00	0	

(18)(1000)	1.00	(39)11	(66)1	(55)1	(45)10	0.00	450	

(22)(1100)	1.00	(62)16	(8)1	(66)1	(34)1	0.00	0	

(23)(1000)	1.00	(39)24	(8)8	0.00	0	
max retalho: 4

(0)(1000)	15.00	(62)6	(66)9	(34)1	0.00	0	

(1)(1100)	14.00	(83)12	(18)2	(34)2	0.00	0	

(2)(1000)	14.00	(51)13	(29)11	(18)1	0.00	0	

(3)(1000)	8.00	(73)12	(18)6	(8)2	0.00	0	

(4)(1000)	6.00	(8)23	(34)24	0.00	0	

(5)(1100)	4.00	(73)14	(18)3	(8)3	0.00	0	

(6)(56)	4.00	(8)1	(11)4	4.00	0	

(7)(1000)	2.00	(83)2	(72)11	(8)1	(34)1	0.00	0	

(8)(285)	1.00	(7)40	5.00	0	

(9)(285)	1.00	(43)2	(11)18	1.00	0	

(10)(1100)	1.00	(51)2	(29)2	(8)2	(66)14	0.00	0	

(11)(1100)	1.00	(39)9	(18)1	(8)2	(55)13	0.00	0	

(12)(285)	1.00	(18)2	(7)1	(8)1	(78)3	0.00	0	

(13)(1100)	1.00	(41)3	(18)1	(76)10	(55)3	(34)1	0.00	0	

(15)(56)	1.00	(18)3	2.00	0	

(18)(1000)	1.00	(29)1	(18)1	(8)1	(45)21	0.00	0	

(19)(58)	9.00	(29)2	0.00	0	
max retalho: 4

(0)(1100)	5.00	(45)24	20.00	0	

(1)(1100)	1.00	(83)8	436.00	0	

(2)(1100)	1.00	(73)6	662.00	0	

(3)(1100)	1.00	(72)3	(18)3	(7)20	(8)16	(66)3	(55)3	(43)1	(34)2	(11)8	0.00	0	
max retalho: 4

(2)(1100)	1.00	(11)2	1078.00	0	

(5)(1100)	1.00	(7)9	(34)8	(45)17	0.00	765	
max retalho: 3

(0)(1000)	1.00	(62)1	(51)2	(7)5	(66)1	(45)3	0	600	
Sobra Total: 1815.00
Perda Total: 2338.00

Total Barras Cortadas:
Barra (1000) : 54
Barra (1100) : 41
Barra (56) : 5
Barra (285) : 3
Barra (58) : 9

Retalhos Gerados:
Retalho (45) : 10
Retalho (45) : 17
Retalho (600) : 1

10 Soluções

Saida Arquivo/Entrada/Class3/D3d12.txt

Minimizar a Perda Total
max retalho: 5

(5)(1100)	7.00	(39)4	(18)1	(8)1	(34)27	0.00	0	

(6)(1100)	6.00	(62)16	(8)1	(66)1	(34)1	0.00	0	

(7)(1100)	4.00	(41)2	(22)46	6.00	0	

(8)(1000)	3.00	(51)1	(41)1	(29)1	(76)11	(43)1	0.00	0	

(9)(1100)	3.00	(73)12	(8)28	0.00	0	

(10)(1000)	3.00	(29)22	(18)1	(43)8	0.00	0	

(11)(285)	2.00	(7)3	(22)1	(11)22	0.00	0	

(12)(285)	2.00	(41)4	(76)1	(45)1	0.00	0	

(13)(1000)	1.00	(39)6	(8)8	(78)9	0.00	0	

(14)(1000)	2.00	(39)10	(41)2	(66)8	0.00	0	

(15)(1100)	2.00	(72)10	(39)7	(41)1	(66)1	0.00	0	

(16)(1100)	1.00	(83)3	(43)19	(34)1	0.00	0	

(17)(1000)	1.00	(39)1	(41)23	(18)1	0.00	0	

(18)(1100)	2.00	(18)55	(22)5	0.00	0	

(19)(58)	9.00	(55)1	3.00	0	

(20)(1000)	1.00	(18)25	(55)10	0.00	0	
max retalho: 5

(0)(1100)	11.00	(83)5	(73)1	(51)12	0.00	0	

(1)(1100)	10.00	(83)1	(51)4	(29)3	(66)11	0.00	0	

(2)(1000)	8.00	(73)13	(51)1	0.00	0	

(3)(1100)	6.00	(83)12	(72)1	(8)4	0.00	0	

(4)(1000)	4.00	(83)11	(29)3	0.00	0	

(5)(56)	4.00	(7)3	(34)1	1.00	0	

(6)(1100)	2.00	(29)22	(66)7	0.00	0	

(10)(1100)	1.00	(39)3	(18)9	(7)11	(76)3	(78)2	(45)8	0.00	0	

(17)(56)	1.00	(55)1	1.00	0	
max retalho: 5

(0)(1100)	1.00	(62)11	418.00	0	

(1)(1100)	1.00	(29)20	520.00	0	

(2)(1100)	1.00	(8)94	348.00	0	

(3)(1100)	1.00	(73)7	589.00	0	

(4)(1100)	1.00	(72)4	(41)7	(18)6	(7)15	(78)4	0.00	0	

(7)(1100)	1.00	(66)7	638.00	0	
max retalho: 5

(2)(1100)	1.00	(7)31	883.00	0	
max retalho: 5

(0)(1100)	1.00	(18)13	(34)1	(22)1	(45)9	405.00	405	

(1)(1100)	1.00	(83)1	(45)22	27.00	990	

(2)(1100)	1.00	(51)3	(43)1	0	904	
Sobra Total: 2299.00
Perda Total: 3884.00

Total Barras Cortadas:
Barra (1000) : 23
Barra (1100) : 65
Barra (56) : 5
Barra (285) : 4
Barra (58) : 9

Retalhos Gerados:
Retalho (45) : 9
Retalho (45) : 22
Retalho (904) : 1
