
4 Soluções

Saida Arquivo/Entrada/Class3/D3d1.txt

Minimizar a Perda Total
max retalho: 5

(0)(1100)	13.00	(77)13	(36)2	(27)1	0.00	0	

(1)(1100)	12.00	(77)1	(63)16	(15)1	0.00	0	

(2)(1100)	12.00	(66)9	(59)1	(48)9	(15)1	0.00	0	

(3)(1100)	12.00	(80)13	(52)1	8.00	0	

(4)(1100)	10.00	(66)1	(58)17	(48)1	0.00	0	

(5)(1100)	9.00	(59)18	(19)2	0.00	0	

(6)(1100)	8.00	(73)14	(25)3	3.00	0	

(7)(1000)	7.00	(73)3	(52)15	1.00	0	

(8)(1100)	7.00	(36)19	(27)14	(19)2	0.00	0	

(9)(1000)	6.00	(52)3	(31)24	(25)4	0.00	0	

(10)(1100)	6.00	(41)26	(19)1	(15)1	0.00	0	

(11)(105)	4.00	(69)1	(15)2	6.00	0	

(12)(117)	4.00	(69)1	(15)3	3.00	0	

(13)(105)	5.00	(15)7	0.00	0	

(14)(1100)	4.00	(66)1	(59)1	(48)20	(15)1	0.00	0	

(15)(1100)	3.00	(27)33	(19)11	0.00	0	

(16)(1000)	3.00	(80)9	(8)35	0.00	0	

(17)(1000)	2.00	(52)1	(31)3	(19)45	0.00	0	

(18)(345)	2.00	(62)5	(27)1	(8)1	0.00	0	

(19)(1000)	1.00	(58)5	(48)1	(41)2	(29)20	0.00	0	

(20)(345)	2.00	(69)5	0.00	0	

(21)(1000)	1.00	(69)12	(66)1	(58)1	(48)1	0.00	0	
max retalho: 5

(3)(1100)	1.00	(52)14	372.00	0	

(4)(1100)	1.00	(58)10	520.00	0	

(5)(1100)	1.00	(31)15	635.00	0	

(6)(1100)	1.00	(80)5	700.00	0	

(7)(1000)	1.00	(69)3	(66)1	(59)1	(41)3	(36)2	(27)7	(25)5	(19)7	(8)2	10.00	0	
max retalho: 5

(0)(1000)	1.00	(77)8	(66)2	(63)4	0.00	0	

(1)(117)	1.00	(66)1	(46)1	5.00	46	

(2)(1000)	1.00	(73)13	(46)1	5.00	46	
max retalho: 5

(0)(1000)	1.00	(77)3	(66)1	(63)7	0	262	
Sobra Total: 354.00
Perda Total: 2410.00

Total Barras Cortadas:
Barra (1000) : 24
Barra (1100) : 100
Barra (117) : 5
Barra (345) : 4
Barra (105) : 9

Retalhos Gerados:
Retalho (46) : 1
Retalho (46) : 1
Retalho (262) : 1

7 Soluções

Saida Arquivo/Entrada/Class3/D3d1.txt

Minimizar a Perda Total
max retalho: 5

(0)(1100)	17.00	(77)11	(36)5	(27)2	(19)1	0.00	0	

(1)(1000)	15.00	(80)12	(25)1	(15)1	0.00	0	

(2)(1100)	14.00	(59)11	(41)11	0.00	0	

(3)(1100)	12.00	(63)16	(27)2	(19)2	0.00	0	

(4)(1000)	12.00	(52)11	(31)13	(25)1	0.00	0	

(5)(1000)	11.00	(66)1	(59)2	(48)17	0.00	0	

(6)(1100)	10.00	(66)1	(58)17	(48)1	0.00	0	

(7)(1100)	10.00	(73)14	(52)1	(25)1	1.00	0	

(8)(1100)	5.00	(36)10	(27)26	(19)2	0.00	0	

(9)(117)	3.00	(25)4	(15)1	2.00	0	

(10)(345)	2.00	(15)23	0.00	0	

(11)(1100)	2.00	(69)15	(27)1	(19)2	0.00	0	

(12)(1100)	2.00	(25)1	(19)55	(15)2	0.00	0	

(13)(1000)	1.00	(62)6	(29)20	(8)6	0.00	0	

(15)(1100)	1.00	(36)25	(27)6	(19)2	0.00	0	

(18)(1100)	6.00	(66)16	(27)1	(15)1	2.00	0	
max retalho: 5

(0)(105)	3.00	(59)1	(41)1	5.00	0	

(1)(105)	3.00	(69)1	(8)4	4.00	0	

(2)(105)	1.00	(15)6	15.00	0	

(3)(105)	1.00	(36)1	(27)2	(15)1	0.00	0	

(4)(1100)	1.00	(58)16	172.00	0	

(5)(1100)	1.00	(66)11	374.00	0	

(6)(1100)	1.00	(80)8	460.00	0	

(7)(1100)	1.00	(63)11	407.00	0	

(8)(117)	1.00	(62)1	(25)2	5.00	0	

(9)(1100)	1.00	(52)9	632.00	0	

(14)(1100)	1.00	(73)6	662.00	0	

(15)(1100)	1.00	(77)5	715.00	0	

(18)(105)	1.00	(48)1	(19)1	(8)4	6.00	0	
max retalho: 5

(1)(1100)	1.00	(41)4	(27)5	(15)8	(8)85	1.00	0	

(5)(1100)	1.00	(48)2	(31)9	(8)1	(46)10	(255)1	2.00	715	
max retalho: 4

(0)(1000)	1.00	(62)3	(27)10	(8)1	0	536	
Sobra Total: 1251.00
Perda Total: 3506.00

Total Barras Cortadas:
Barra (1000) : 40
Barra (1100) : 88
Barra (117) : 4
Barra (345) : 2
Barra (105) : 9

Retalhos Gerados:
Retalho (46) : 10
Retalho (255) : 1
Retalho (536) : 1

10 Soluções

Saida Arquivo/Entrada/Class3/D3d1.txt

Minimizar a Perda Total
max retalho: 5

(0)(1000)	17.00	(77)9	(36)8	(19)1	0.00	0	

(1)(1000)	14.00	(80)12	(25)1	(15)1	0.00	0	

(2)(1100)	13.00	(59)11	(41)11	0.00	0	

(3)(1100)	12.00	(63)16	(27)2	(19)2	0.00	0	

(4)(1000)	11.00	(66)1	(59)2	(48)17	0.00	0	

(5)(1100)	10.00	(66)1	(58)17	(48)1	0.00	0	

(6)(1000)	10.00	(73)13	(25)2	1.00	0	

(7)(1100)	10.00	(52)14	(31)12	0.00	0	

(8)(1100)	5.00	(31)5	(27)35	0.00	0	

(9)(117)	5.00	(73)1	(19)2	6.00	0	

(10)(345)	4.00	(66)5	(15)1	0.00	0	

(11)(1000)	3.00	(80)4	(69)9	(59)1	0.00	0	

(12)(1100)	3.00	(77)11	(36)5	(27)2	(19)1	0.00	0	

(13)(1100)	2.00	(25)6	(19)50	0.00	0	

(14)(1000)	1.00	(80)4	(59)1	(41)1	(29)20	0.00	0	

(15)(1000)	1.00	(69)1	(59)1	(8)109	0.00	0	

(16)(1000)	1.00	(80)3	(62)10	(58)1	(41)2	0.00	0	

(19)(1100)	5.00	(66)15	(59)1	(36)1	(15)1	0.00	0	
max retalho: 5

(0)(105)	3.00	(48)1	(27)2	3.00	0	

(1)(105)	2.00	(36)2	(27)1	6.00	0	

(2)(105)	1.00	(25)4	5.00	0	

(3)(1100)	1.00	(73)4	(66)10	(58)1	(15)6	0.00	0	

(4)(1100)	1.00	(58)13	(15)23	1.00	0	

(5)(1000)	1.00	(52)6	(41)13	(31)5	0.00	0	

(6)(1100)	1.00	(77)6	(69)5	(19)13	(15)3	1.00	0	

(7)(105)	1.00	(59)1	(31)1	(15)1	0.00	0	

(8)(1100)	1.00	(63)11	(15)26	17.00	0	

(17)(105)	1.00	(80)1	(15)1	10.00	0	
max retalho: 5

(5)(1000)	1.00	(73)3	(66)2	(59)3	(52)2	(41)2	(31)4	(27)6	0.00	0	
max retalho: 5

(0)(1100)	1.00	(73)4	(58)1	(52)3	(36)1	(31)10	(25)3	(19)1	(15)6	0	64	
Sobra Total: 64.00
Perda Total: 95.00

Total Barras Cortadas:
Barra (1000) : 60
Barra (1100) : 65
Barra (117) : 5
Barra (345) : 4
Barra (105) : 8

Retalhos Gerados:
Retalho (64) : 1
