
4 Soluções

Saida Arquivo/Entrada/Class3/D3d13.txt

Minimizar a Perda Total
max retalho: 5

(20)(1000)	1.00	(15)22	(73)4	(42)9	0.00	0	

(21)(1000)	1.00	(80)8	(26)1	(15)2	(19)16	0.00	0	

(22)(497)	1.00	(59)8	25.00	0	
max retalho: 5

(0)(1000)	19.00	(80)2	(70)1	(74)10	(30)1	0.00	0	

(1)(1000)	15.00	(59)12	(38)5	(51)2	0.00	0	

(2)(1000)	12.00	(47)4	(73)11	9.00	0	

(3)(1000)	11.00	(80)12	(40)1	0.00	0	

(4)(1100)	11.00	(68)15	(9)2	(42)1	20.00	42	

(5)(497)	8.00	(26)1	(9)1	(42)11	0.00	462	

(6)(1100)	6.00	(70)3	(63)14	8.00	0	

(7)(1000)	5.00	(38)20	(63)3	(51)1	0.00	0	

(8)(52)	5.00	(36)1	(5)1	(9)1	2.00	0	

(9)(1000)	4.00	(63)1	(51)17	(40)1	(30)1	0.00	0	

(10)(1000)	4.00	(36)5	(40)19	(30)2	0.00	0	

(11)(267)	4.00	(36)7	(9)1	6.00	0	

(12)(1000)	2.00	(70)1	(36)25	(30)1	0.00	0	

(13)(1000)	2.00	(15)66	10.00	0	

(14)(1100)	1.00	(26)34	(9)24	0.00	0	

(15)(1100)	1.00	(47)22	(5)1	(9)2	(42)1	1.00	42	

(16)(1000)	1.00	(26)4	(5)1	(63)14	(9)1	0.00	0	

(17)(1000)	1.00	(5)2	(30)33	0.00	0	

(18)(1100)	1.00	(68)7	(7)81	57.00	0	

(19)(1100)	1.00	(36)1	(5)1	(42)25	(9)1	0.00	0	

(21)(1100)	1.00	(5)1	(9)5	(42)25	0.00	1050	
max retalho: 3

(1)(1100)	1.00	(63)12	344.00	0	

(2)(1100)	1.00	(80)7	540.00	0	

(3)(1100)	1.00	(51)15	335.00	0	

(4)(1100)	1.00	(5)184	180.00	0	

(5)(1100)	1.00	(36)20	380.00	0	

(6)(1100)	1.00	(73)7	589.00	0	

(7)(1100)	1.00	(40)13	580.00	0	

(8)(1100)	1.00	(68)7	624.00	0	

(15)(1100)	1.00	(59)5	(38)5	(26)6	(30)3	(9)41	0.00	0	
max retalho: 3

(0)(1100)	1.00	(70)3	(47)5	(38)4	(26)8	(15)7	(74)2	(42)1	0.00	0	
max retalho: 3

(0)(1000)	1.00	(38)1	(26)1	(42)22	12.00	924	
max retalho: 2

(0)(1100)	3.00	(42)26	8.00	0	
max retalho: 2

(0)(1000)	1.00	(42)6	0	748	
Sobra Total: 6922.00
Perda Total: 4121.00

Total Barras Cortadas:
Barra (1000) : 80
Barra (1100) : 35
Barra (52) : 5
Barra (267) : 4
Barra (497) : 9

Retalhos Gerados:
Retalho (42) : 11
Retalho (42) : 88
Retalho (42) : 1
Retalho (42) : 25
Retalho (42) : 22
Retalho (748) : 1

7 Soluções

Saida Arquivo/Entrada/Class3/D3d13.txt

Minimizar a Perda Total
max retalho: 5

(11)(1000)	3.00	(47)20	(15)2	(30)1	0.00	0	

(12)(1100)	2.00	(68)1	(47)6	(30)25	0.00	0	

(13)(1000)	1.00	(5)162	(19)10	0.00	0	

(14)(1000)	1.00	(80)1	(38)1	(9)98	0.00	0	

(15)(1000)	2.00	(68)10	(26)10	(15)4	0.00	0	

(16)(1100)	1.00	(15)44	(73)2	(42)7	0.00	0	

(17)(1000)	1.00	(80)2	(70)3	(63)1	(7)81	0.00	0	

(19)(497)	1.00	(26)1	(5)1	(42)1	(42)10	4.00	420	

(20)(1100)	15.00	(80)12	(70)2	0.00	0	

(21)(1000)	1.00	(59)7	(26)2	(73)1	(42)1	(42)10	0.00	420	
max retalho: 3

(0)(1100)	14.00	(36)2	(15)1	(74)13	(51)1	0.00	0	

(1)(1100)	10.00	(59)15	(38)4	(63)1	0.00	0	

(2)(1100)	10.00	(68)5	(15)2	(73)10	0.00	0	

(3)(1100)	9.00	(68)11	(15)4	(73)4	0.00	0	

(4)(1100)	8.00	(36)1	(63)14	(51)2	(40)2	0.00	0	

(5)(497)	7.00	(38)10	(15)1	(51)2	0.00	0	

(6)(1000)	4.00	(59)6	(38)17	0.00	0	

(7)(1100)	3.00	(68)1	(63)1	(51)19	0.00	0	

(8)(1100)	3.00	(68)1	(36)2	(40)24	0.00	0	

(9)(52)	3.00	(19)2	14.00	0	

(10)(1100)	2.00	(36)29	56.00	0	

(11)(1100)	1.00	(26)15	(15)2	(5)32	(40)1	(30)16	0.00	0	

(12)(1100)	1.00	(80)2	(47)3	(38)1	(26)21	(40)2	(9)15	0.00	0	

(13)(497)	1.00	(70)7	7.00	0	

(16)(1000)	1.00	(15)2	(42)23	4.00	0	
max retalho: 3

(0)(1000)	3.00	(36)2	(42)22	4.00	0	

(1)(267)	1.00	(15)15	(40)1	2.00	0	

(2)(267)	2.00	(36)6	51.00	0	

(3)(1100)	1.00	(36)2	(74)7	(51)10	0.00	0	

(4)(1100)	1.00	(70)2	(59)2	(36)2	(38)5	(26)3	(63)3	(51)3	(40)4	0.00	0	
max retalho: 3

(0)(52)	1.00	(15)2	22.00	0	

(6)(52)	1.00	(51)1	1.00	0	

(7)(267)	1.00	(36)2	(51)3	(42)1	0.00	0	
max retalho: 3

(0)(1100)	1.00	(68)2	(59)6	(15)6	(73)4	(74)2	(40)2	0.00	0	
max retalho: 3

(0)(1000)	1.00	(59)2	(15)1	(74)1	(40)3	(42)16	1.00	0	
max retalho: 3
max retalho: 3

(0)(1000)	1.00	(59)2	(40)3	(42)4	(252)2	90.00	672	
max retalho: 2

(0)(1100)	1.00	(42)4	0	932	
Sobra Total: 2444.00
Perda Total: 399.00

Total Barras Cortadas:
Barra (1000) : 19
Barra (1100) : 83
Barra (52) : 5
Barra (267) : 4
Barra (497) : 9

Retalhos Gerados:
Retalho (42) : 10
Retalho (42) : 10
Retalho (42) : 4
Retalho (252) : 2
Retalho (932) : 1

10 Soluções

Saida Arquivo/Entrada/Class3/D3d13.txt

Minimizar a Perda Total
max retalho: 5

(0)(1100)	13.00	(38)1	(26)1	(74)14	0.00	0	

(1)(1100)	9.00	(59)15	(38)4	(63)1	0.00	0	

(2)(1100)	9.00	(47)1	(63)7	(51)12	0.00	0	

(3)(1100)	8.00	(5)1	(73)15	0.00	0	

(4)(497)	8.00	(15)3	(73)1	(42)9	1.00	0	

(5)(1000)	8.00	(59)6	(38)17	0.00	0	

(6)(1100)	7.00	(36)15	(40)14	0.00	0	

(7)(1000)	7.00	(68)11	(15)14	(42)1	0.00	0	

(8)(1100)	5.00	(68)11	(26)9	(15)3	(73)1	0.00	0	

(9)(52)	5.00	(42)1	10.00	0	

(10)(267)	4.00	(80)1	(70)2	(47)1	0.00	0	

(11)(1100)	3.00	(36)1	(63)14	(51)2	(40)2	0.00	0	

(12)(1000)	3.00	(68)13	(36)2	(42)1	2.00	42	

(13)(1100)	2.00	(68)1	(47)6	(30)25	0.00	0	

(14)(1000)	2.00	(47)20	(30)2	0.00	0	

(15)(1000)	1.00	(15)1	(74)2	(9)93	0.00	0	

(16)(1000)	1.00	(5)143	(19)15	0.00	0	

(17)(1000)	1.00	(80)2	(70)3	(63)1	(7)81	0.00	0	

(18)(1000)	1.00	(15)1	(42)23	(19)1	0.00	0	

(20)(1100)	14.00	(80)12	(70)2	0.00	0	
max retalho: 5

(0)(1100)	1.00	(80)11	220.00	0	

(1)(1100)	1.00	(59)10	510.00	0	

(2)(1100)	1.00	(47)10	630.00	0	

(3)(1100)	1.00	(63)14	218.00	0	

(4)(1100)	1.00	(30)15	650.00	0	

(5)(1100)	1.00	(73)10	370.00	0	

(6)(1100)	1.00	(74)8	508.00	0	

(7)(1100)	1.00	(68)6	692.00	0	

(10)(1100)	1.00	(15)24	740.00	0	

(13)(1100)	1.00	(36)10	740.00	0	
max retalho: 5

(0)(1100)	1.00	(70)3	(26)4	(5)30	(51)4	(42)6	(9)20	0.00	0	
max retalho: 5

(0)(1000)	1.00	(5)14	(42)4	0	762	
Sobra Total: 888.00
Perda Total: 5342.00

Total Barras Cortadas:
Barra (1000) : 25
Barra (1100) : 81
Barra (52) : 5
Barra (267) : 4
Barra (497) : 8

Retalhos Gerados:
Retalho (42) : 3
Retalho (762) : 1
