
4 Soluções

Saida Arquivo/Entrada/Class3/D3d20.txt

Minimizar a Perda Total
max retalho: 5

(0)(1100)	18.00	(78)12	(44)1	(11)5	(13)5	0.00	0	

(1)(1100)	15.00	(74)14	(51)1	(13)1	0.00	0	

(2)(1100)	11.00	(72)15	(7)1	(11)1	2.00	0	

(3)(1100)	8.00	(41)12	(76)8	0.00	0	

(4)(1100)	5.00	(63)1	(41)1	(76)1	(46)20	0.00	0	

(5)(1100)	4.00	(72)5	(40)17	(30)2	0.00	0	

(6)(56)	4.00	(11)1	(13)3	6.00	0	

(7)(1000)	3.00	(72)7	(23)21	(13)1	0.00	0	

(8)(1100)	3.00	(55)19	(44)1	(11)1	0.00	0	

(9)(1000)	3.00	(51)19	(13)2	5.00	0	

(10)(1100)	2.00	(72)10	(40)2	(30)10	0.00	0	

(11)(1100)	2.00	(72)1	(30)3	(67)14	0.00	0	

(12)(1100)	2.00	(34)27	(13)14	0.00	0	

(13)(1100)	2.00	(63)10	(51)9	(11)1	0.00	0	

(14)(1100)	1.00	(44)23	(11)8	0.00	0	

(15)(1100)	1.00	(74)10	(41)1	(9)27	(76)1	0.00	0	

(16)(1100)	1.00	(74)10	(40)1	(41)1	(19)14	(13)1	0.00	0	
max retalho: 5

(0)(44)	3.00	(40)1	4.00	0	

(1)(271)	1.00	(51)5	(7)2	2.00	0	

(2)(1100)	1.00	(44)16	396.00	0	

(3)(1100)	1.00	(76)7	568.00	0	

(4)(1100)	1.00	(41)22	198.00	0	

(5)(1100)	1.00	(11)53	517.00	0	

(8)(1100)	1.00	(23)22	594.00	0	

(9)(1100)	1.00	(46)11	594.00	0	

(10)(1100)	1.00	(55)9	605.00	0	

(11)(271)	1.00	(74)2	(7)8	(67)1	0.00	0	

(14)(44)	1.00	(30)1	(7)2	0.00	0	
max retalho: 5

(0)(1100)	1.00	(72)2	(30)3	(7)52	(78)6	(34)1	0.00	0	

(1)(271)	1.00	(40)3	(67)2	17.00	0	

(6)(271)	1.00	(51)3	(7)1	(13)4	(42)1	17.00	42	
max retalho: 5

(0)(271)	2.00	(7)29	(34)2	0.00	0	

(1)(271)	1.00	(40)3	(7)2	(34)4	1.00	0	
max retalho: 5

(0)(271)	1.00	(7)1	(34)4	0	128	
Sobra Total: 170.00
Perda Total: 3582.00

Total Barras Cortadas:
Barra (1000) : 6
Barra (1100) : 83
Barra (56) : 4
Barra (271) : 8
Barra (44) : 4

Retalhos Gerados:
Retalho (42) : 1
Retalho (128) : 1

7 Soluções

Saida Arquivo/Entrada/Class3/D3d20.txt

Minimizar a Perda Total
max retalho: 5

(0)(1100)	16.00	(74)14	(51)1	(13)1	0.00	0	

(1)(1100)	13.00	(72)13	(23)6	(13)2	0.00	0	

(2)(1000)	10.00	(78)12	(11)2	(42)1	0.00	42	

(3)(271)	6.00	(63)4	(7)1	(9)1	3.00	0	

(4)(1000)	6.00	(78)9	(55)1	(11)2	(13)17	0.00	0	

(5)(1100)	5.00	(72)1	(40)1	(76)13	0.00	0	

(6)(1000)	5.00	(46)21	(23)1	(11)1	0.00	0	

(7)(1100)	5.00	(51)15	(67)5	0.00	0	

(8)(1100)	3.00	(55)18	(44)2	(11)2	0.00	0	

(9)(1100)	3.00	(78)11	(11)22	0.00	0	

(10)(1000)	3.00	(78)3	(34)21	(13)4	0.00	0	

(11)(1000)	3.00	(72)10	(40)1	(30)8	0.00	0	

(12)(271)	2.00	(40)1	(30)1	(67)3	0.00	0	

(13)(1100)	2.00	(44)20	(11)20	0.00	0	

(14)(1000)	2.00	(40)25	0.00	0	

(15)(1100)	1.00	(72)14	(40)2	12.00	0	

(21)(1100)	4.00	(41)26	(34)1	0.00	0	
max retalho: 5

(0)(56)	2.00	(30)1	(9)2	8.00	0	

(1)(56)	2.00	(11)5	1.00	0	

(2)(1100)	1.00	(41)21	239.00	0	

(3)(1100)	1.00	(72)12	236.00	0	

(4)(1100)	1.00	(40)20	300.00	0	

(5)(1100)	1.00	(76)12	188.00	0	

(6)(1100)	1.00	(44)14	484.00	0	

(7)(1100)	1.00	(7)131	183.00	0	

(8)(1100)	1.00	(74)8	508.00	0	

(9)(1100)	1.00	(78)6	632.00	0	

(15)(1100)	1.00	(51)7	(19)13	(55)4	(46)6	0.00	0	
max retalho: 5

(0)(44)	2.00	(11)4	0.00	0	

(1)(271)	1.00	(63)1	(19)1	(9)1	(55)2	(23)2	(11)1	(13)1	0.00	0	

(2)(44)	1.00	(30)1	(13)1	1.00	0	
max retalho: 5

(0)(1000)	1.00	(30)9	(9)16	(11)3	(13)1	0	540	
Sobra Total: 960.00
Perda Total: 2819.00

Total Barras Cortadas:
Barra (1000) : 30
Barra (1100) : 61
Barra (56) : 4
Barra (271) : 9
Barra (44) : 3

Retalhos Gerados:
Retalho (42) : 10
Retalho (540) : 1

10 Soluções

Saida Arquivo/Entrada/Class3/D3d20.txt

Minimizar a Perda Total
max retalho: 5

(0)(1100)	16.00	(74)14	(51)1	(13)1	0.00	0	

(1)(1100)	14.00	(72)14	(34)1	(23)1	(11)2	(13)1	0.00	0	

(2)(1100)	9.00	(78)11	(11)9	(13)11	0.00	0	

(3)(1000)	8.00	(41)13	(76)6	(11)1	0.00	0	

(4)(271)	8.00	(78)3	37.00	0	

(5)(1000)	7.00	(41)2	(76)3	(46)15	0.00	0	

(6)(1000)	6.00	(51)13	(7)1	(78)4	18.00	0	

(7)(1000)	4.00	(9)1	(55)15	(44)3	(11)3	1.00	0	

(8)(1100)	3.00	(40)26	(30)2	0.00	0	

(9)(1000)	3.00	(9)1	(78)12	(11)5	0.00	0	

(10)(1000)	2.00	(78)3	(34)21	(13)4	0.00	0	

(11)(1100)	2.00	(72)6	(23)28	(11)1	(13)1	0.00	0	

(12)(1000)	2.00	(19)3	(67)14	5.00	0	

(13)(1100)	2.00	(78)12	(55)1	(44)1	(13)5	0.00	0	

(14)(1100)	1.00	(63)15	(51)2	(30)1	(23)1	0.00	0	

(15)(1000)	1.00	(72)5	(40)1	(30)20	0.00	0	

(19)(1100)	2.00	(44)23	(11)8	0.00	0	
