
4 Soluções

Saida Arquivo/Entrada/Class3/D3d3.txt

Minimizar a Perda Total
max retalho: 5

(0)(1100)	15.00	(74)13	(69)2	0.00	0	

(1)(1100)	15.00	(42)15	(21)7	(11)1	(78)4	0.00	0	

(2)(1100)	12.00	(65)1	(69)15	0.00	0	

(3)(1100)	8.00	(76)14	(36)1	0.00	0	

(4)(1100)	8.00	(32)1	(21)2	(57)18	0.00	0	

(5)(1100)	7.00	(80)12	(46)2	(48)1	0.00	0	

(6)(1100)	5.00	(53)6	(46)17	0.00	0	

(7)(1100)	5.00	(65)12	(80)4	0.00	0	

(8)(1100)	5.00	(32)4	(36)27	0.00	0	

(9)(1100)	5.00	(53)2	(46)7	(48)14	0.00	0	

(10)(1100)	3.00	(43)24	(32)1	(36)1	0.00	0	

(11)(1100)	3.00	(11)25	(25)33	0.00	0	

(12)(1100)	3.00	(21)2	(11)4	(78)13	0.00	0	

(13)(1000)	2.00	(21)45	(46)1	9.00	0	

(14)(1100)	1.00	(32)33	(11)4	0.00	0	

(15)(1000)	1.00	(53)18	(21)1	25.00	0	

(16)(275)	1.00	(13)1	(15)17	7.00	0	

(17)(1000)	1.00	(74)9	(65)1	(9)21	(80)1	0.00	0	
max retalho: 5

(0)(60)	1.00	(15)4	0.00	0	

(3)(1100)	1.00	(74)10	360.00	0	

(4)(1100)	1.00	(80)10	300.00	0	

(5)(1100)	1.00	(32)31	108.00	0	

(6)(1100)	1.00	(46)14	456.00	0	

(7)(48)	1.00	(21)2	6.00	0	

(8)(48)	1.00	(48)1	0.00	0	

(9)(1000)	1.00	(43)8	(11)36	(13)20	0.00	0	

(19)(60)	5.00	(57)1	3.00	0	
max retalho: 5

(3)(1000)	1.00	(65)3	(53)1	(42)1	(43)2	(21)1	(11)5	(78)1	(57)3	(36)4	(25)2	(15)6	15.00	0	
max retalho: 5

(0)(1000)	1.00	(76)1	(53)10	(69)5	(36)1	13.00	0	

(4)(275)	1.00	(76)2	(53)2	17.00	0	
max retalho: 5

(1)(1100)	1.00	(76)8	(53)2	0	386	
Sobra Total: 386.00
Perda Total: 1340.00

Total Barras Cortadas:
Barra (1000) : 7
Barra (1100) : 100
Barra (60) : 6
Barra (275) : 2
Barra (48) : 2

Retalhos Gerados:
Retalho (386) : 1

7 Soluções

Saida Arquivo/Entrada/Class3/D3d3.txt

Minimizar a Perda Total
max retalho: 5

(0)(1100)	16.00	(74)13	(69)2	0.00	0	

(1)(1100)	12.00	(65)1	(69)15	0.00	0	

(2)(1000)	11.00	(76)10	(43)5	(25)1	0.00	0	

(3)(1000)	11.00	(42)6	(21)1	(78)9	(25)1	0.00	0	

(4)(1000)	9.00	(42)1	(32)5	(57)14	0.00	0	

(5)(1000)	9.00	(42)16	(21)13	(11)5	0.00	0	

(6)(1100)	7.00	(80)12	(46)2	(48)1	0.00	0	

(7)(60)	6.00	(11)3	(25)1	2.00	0	

(8)(1100)	6.00	(32)1	(11)3	(57)3	(36)24	0.00	0	

(9)(1100)	5.00	(53)1	(11)1	(46)10	(48)12	0.00	0	

(10)(1100)	5.00	(65)12	(80)4	0.00	0	

(11)(1000)	4.00	(76)1	(53)2	(46)17	(36)1	0.00	0	

(12)(275)	3.00	(53)4	(21)3	0.00	0	

(13)(1100)	2.00	(21)36	(11)29	(25)1	0.00	0	

(14)(1100)	1.00	(25)44	0.00	0	

(15)(275)	1.00	(13)1	(15)17	7.00	0	

(16)(1100)	1.00	(42)3	(32)28	(78)1	0.00	0	

(17)(1000)	1.00	(43)20	(32)1	(36)3	0.00	0	

(19)(1100)	2.00	(53)20	40.00	0	

10 Soluções

Saida Arquivo/Entrada/Class3/D3d3.txt

Minimizar a Perda Total
max retalho: 5

(0)(1100)	16.00	(74)13	(69)2	0.00	0	

(1)(1100)	12.00	(65)1	(69)15	0.00	0	

(2)(1000)	12.00	(76)10	(43)5	(25)1	0.00	0	

(3)(1000)	10.00	(42)6	(21)1	(78)9	(25)1	0.00	0	

(4)(1100)	9.00	(11)1	(57)9	(36)16	0.00	0	

(5)(1000)	9.00	(42)13	(21)19	(11)5	0.00	0	

(6)(1100)	7.00	(80)12	(46)2	(48)1	0.00	0	

(7)(1100)	5.00	(53)1	(11)1	(46)10	(48)12	0.00	0	

(8)(1100)	5.00	(65)12	(80)4	0.00	0	

(9)(275)	5.00	(42)1	(21)7	(11)1	(25)3	0.00	0	

(10)(1100)	4.00	(57)16	188.00	0	

(11)(1000)	3.00	(76)1	(53)2	(46)17	(36)1	0.00	0	

(12)(1100)	3.00	(42)3	(32)28	(78)1	0.00	0	

(13)(1000)	1.00	(42)22	(21)1	(11)5	0.00	0	

(14)(1000)	1.00	(25)40	0.00	0	

(15)(1000)	1.00	(43)20	(32)1	(36)3	0.00	0	

(16)(1000)	1.00	(74)1	(9)21	(11)1	(48)1	(13)21	(15)27	0.00	0	

(17)(1100)	1.00	(11)75	(25)11	0.00	0	

(19)(1000)	4.00	(53)15	(21)1	(46)4	0.00	0	
max retalho: 5

(0)(60)	4.00	(57)1	3.00	0	

(1)(48)	4.00	(48)1	0.00	0	

(2)(60)	1.00	(11)1	(48)1	1.00	0	

(3)(1100)	1.00	(80)11	220.00	0	

(4)(1000)	1.00	(74)1	(32)10	(11)1	(78)3	(36)1	(25)13	0.00	0	

(6)(1100)	1.00	(46)19	226.00	0	

(7)(60)	1.00	(43)1	17.00	0	
max retalho: 5

(0)(1100)	1.00	(74)2	(65)4	(53)2	(42)7	(43)1	(78)1	(57)3	0.00	0	
max retalho: 5

(0)(1000)	1.00	(74)2	(69)3	(44)9	249.00	396	

(1)(1100)	1.00	(78)3	(48)5	(44)5	406.00	220	

(5)(1000)	1.00	(42)6	0	748	
Sobra Total: 1364.00
Perda Total: 1883.00

Total Barras Cortadas:
Barra (1000) : 45
Barra (1100) : 66
Barra (60) : 6
Barra (275) : 5
Barra (48) : 4

Retalhos Gerados:
Retalho (44) : 9
Retalho (44) : 5
Retalho (748) : 1
