
4 Soluções

Saida Arquivo/Entrada/Class3/D3d6.txt

Minimizar a Perda Total
max retalho: 5

(0)(1100)	14.00	(76)11	(36)1	(38)6	0.00	0	

(1)(1000)	10.00	(34)1	(69)14	0.00	0	

(2)(1100)	9.00	(11)3	(15)3	(73)14	0.00	0	

(3)(1000)	9.00	(65)9	(80)5	(15)1	0.00	0	

(4)(1100)	9.00	(66)11	(48)7	(38)1	0.00	0	

(5)(112)	8.00	(11)1	(71)1	(15)2	0.00	0	

(6)(124)	8.00	(11)1	(71)1	(27)1	(15)1	0.00	0	

(7)(1100)	8.00	(11)1	(36)22	(27)11	0.00	0	

(8)(1100)	8.00	(11)2	(80)13	(38)1	0.00	0	

(9)(1100)	7.00	(59)18	(38)1	0.00	0	

(10)(1100)	6.00	(11)4	(48)22	0.00	0	

(11)(1100)	5.00	(55)19	(44)1	(11)1	0.00	0	

(12)(1100)	5.00	(34)28	(15)5	(73)1	0.00	0	

(13)(1100)	4.00	(32)33	(22)1	(11)2	0.00	0	

(14)(1100)	4.00	(44)24	(22)2	0.00	0	

(15)(1100)	4.00	(22)48	(11)4	0.00	0	

(16)(352)	4.00	(11)1	(15)13	(73)2	0.00	0	

(17)(1100)	4.00	(32)1	(11)1	(71)14	(36)1	(27)1	0.00	0	

(18)(1100)	2.00	(32)2	(22)1	(27)37	(15)1	0.00	0	

(19)(1000)	1.00	(65)1	(11)1	(80)1	(69)6	(5)86	0.00	0	

(20)(1100)	2.00	(76)14	(11)2	14.00	0	

(21)(1000)	1.00	(15)18	(73)10	0.00	0	
max retalho: 5

(0)(1100)	1.00	(48)22	44.00	0	

(1)(1100)	1.00	(80)13	60.00	0	

(4)(1100)	1.00	(36)22	308.00	0	

(5)(1100)	1.00	(73)12	224.00	0	

(6)(1100)	1.00	(44)10	660.00	0	

(7)(1100)	1.00	(32)16	588.00	0	

(8)(1100)	1.00	(76)6	644.00	0	

(9)(1100)	1.00	(66)6	704.00	0	

(10)(1100)	1.00	(11)40	660.00	0	

(15)(1000)	1.00	(34)7	(22)7	(69)3	(71)2	(38)4	(15)7	2.00	0	

(19)(112)	1.00	(22)5	2.00	0	
max retalho: 5

(0)(1000)	1.00	(65)4	(55)3	(34)1	(80)1	(59)7	(48)1	0.00	0	

(4)(1000)	1.00	(55)10	(59)6	(48)2	0.00	0	
max retalho: 5

(1)(1000)	1.00	(65)1	(55)2	(59)3	0	648	
Sobra Total: 648.00
Perda Total: 3924.00

Total Barras Cortadas:
Barra (1000) : 25
Barra (1100) : 100
Barra (124) : 8
Barra (352) : 4
Barra (112) : 9

Retalhos Gerados:
Retalho (648) : 1

7 Soluções

Saida Arquivo/Entrada/Class3/D3d6.txt

Minimizar a Perda Total
max retalho: 5

(0)(1100)	12.00	(44)4	(22)5	(11)1	(73)11	0.00	0	

(1)(1100)	12.00	(76)5	(71)1	(59)11	0.00	0	

(2)(1100)	10.00	(66)1	(59)1	(48)20	(15)1	0.00	0	

(3)(1000)	10.00	(34)1	(69)14	0.00	0	

(4)(1100)	10.00	(65)1	(80)12	(48)1	(27)1	0.00	0	

(5)(112)	9.00	(11)10	2.00	0	

(6)(124)	9.00	(38)3	10.00	0	

(7)(1100)	8.00	(11)1	(36)16	(27)19	0.00	0	

(8)(1000)	8.00	(65)9	(80)5	(15)1	0.00	0	

(9)(1100)	7.00	(76)7	(71)8	0.00	0	

(10)(1100)	6.00	(32)9	(34)23	(15)2	0.00	0	

(11)(1100)	6.00	(76)13	(11)1	(71)1	(15)2	0.00	0	

(12)(1100)	5.00	(55)20	0.00	0	

(13)(1000)	4.00	(44)15	(22)5	(11)1	(73)3	0.00	0	

(14)(1100)	3.00	(32)32	(38)2	0.00	0	

(15)(352)	3.00	(38)9	10.00	0	

(16)(1100)	3.00	(22)44	(11)12	0.00	0	

(17)(1100)	3.00	(34)1	(11)2	(36)29	0.00	0	

(18)(1100)	2.00	(15)49	(73)5	0.00	0	

(19)(1100)	5.00	(66)16	44.00	0	

(20)(1100)	1.00	(36)1	(38)28	0.00	0	

(21)(1000)	1.00	(65)1	(11)1	(80)1	(69)6	(5)86	0.00	0	
max retalho: 5

(2)(1100)	1.00	(48)10	620.00	0	

(3)(1100)	1.00	(38)24	188.00	0	

(4)(1100)	1.00	(73)7	589.00	0	

(5)(1100)	1.00	(15)24	740.00	0	

(6)(1100)	1.00	(27)12	776.00	0	

(7)(1100)	1.00	(65)4	840.00	0	

(10)(1100)	1.00	(80)3	860.00	0	
max retalho: 5

(0)(1000)	1.00	(76)1	(66)1	(55)9	(44)3	(22)6	(11)9	0.00	0	

(3)(1000)	1.00	(32)6	808.00	0	
max retalho: 5

(0)(1000)	1.00	(66)10	(55)1	(34)4	(11)1	(69)2	0.00	0	
max retalho: 5

(0)(1000)	1.00	(66)4	(34)3	(69)1	0	565	
Sobra Total: 565.00
Perda Total: 5779.00

Total Barras Cortadas:
Barra (1000) : 27
Barra (1100) : 100
Barra (124) : 9
Barra (352) : 3
Barra (112) : 9

Retalhos Gerados:
Retalho (565) : 1

10 Soluções

Saida Arquivo/Entrada/Class3/D3d6.txt

Minimizar a Perda Total
max retalho: 5

(0)(1000)	19.00	(76)8	(59)6	(38)1	0.00	0	

(1)(1000)	12.00	(32)2	(36)17	(27)12	0.00	0	

(2)(1100)	12.00	(44)4	(22)2	(11)7	(73)11	0.00	0	

(3)(1000)	10.00	(34)1	(69)14	0.00	0	

(4)(1100)	10.00	(65)1	(80)12	(48)1	(27)1	0.00	0	

(5)(1100)	10.00	(66)1	(11)1	(48)21	(15)1	0.00	0	

(6)(1000)	8.00	(65)9	(80)5	(15)1	0.00	0	

(7)(1100)	5.00	(55)19	(22)2	11.00	0	

(8)(1000)	4.00	(76)1	(59)6	(38)15	0.00	0	

(9)(1000)	4.00	(32)4	(34)25	(11)2	0.00	0	

(10)(1100)	4.00	(32)26	(34)7	(15)2	0.00	0	

(11)(1000)	4.00	(44)15	(22)2	(11)7	(73)3	0.00	0	

(12)(1100)	4.00	(76)7	(71)8	0.00	0	

(13)(352)	4.00	(76)1	(71)1	(38)5	(15)1	0.00	0	

(14)(1100)	2.00	(15)49	(73)5	0.00	0	

(15)(1100)	2.00	(32)1	(11)1	(71)14	(36)1	(27)1	0.00	0	

(16)(1100)	2.00	(22)41	(11)18	0.00	0	

(17)(1100)	1.00	(22)50	0.00	0	

(18)(1000)	1.00	(65)1	(11)1	(80)1	(69)6	(5)86	0.00	0	

(19)(1100)	5.00	(66)16	(22)1	22.00	0	
max retalho: 5

(16)(112)	5.00	(32)1	(36)2	8.00	0	
max retalho: 5

(0)(124)	3.00	(34)1	(15)6	0.00	0	

(1)(124)	2.00	(59)2	6.00	0	

(2)(112)	1.00	(69)1	(38)1	5.00	0	

(3)(112)	2.00	(34)2	(22)2	0.00	0	

(4)(1100)	1.00	(55)15	275.00	0	

(5)(1100)	1.00	(66)15	110.00	0	

(7)(1100)	1.00	(71)10	390.00	0	

(12)(1100)	1.00	(73)7	589.00	0	

(13)(112)	1.00	(32)2	(11)3	(15)1	0.00	0	
max retalho: 5

(0)(124)	2.00	(22)4	(27)1	9.00	0	

(1)(1100)	1.00	(44)3	(34)8	(11)1	(80)3	(38)5	(15)17	0.00	0	
max retalho: 5

(6)(1100)	1.00	(65)4	(34)5	(38)7	404.00	0	

(8)(124)	2.00	(22)4	36.00	0	
max retalho: 5

(0)(1100)	1.00	(32)3	(46)4	820.00	184	

(1)(1000)	1.00	(22)19	(27)14	204.00	0	
max retalho: 4

(0)(1000)	1.00	(69)2	(27)2	0	808	
Sobra Total: 992.00
Perda Total: 3104.00

Total Barras Cortadas:
Barra (1000) : 64
Barra (1100) : 64
Barra (124) : 9
Barra (352) : 4
Barra (112) : 9

Retalhos Gerados:
Retalho (46) : 4
Retalho (808) : 1
