
4 Soluções

Saida Arquivo/Entrada/Class8/D8d19.txt

Minimizar a Perda Total
max retalho: 5

(0)(1000)	36.00	(56)1	(58)3	(192)4	2.00	0	

(1)(1100)	23.00	(215)5	25.00	0	

(2)(1100)	17.00	(56)1	(207)1	(199)4	(41)1	0.00	0	

(3)(1000)	15.00	(200)5	0.00	0	

(4)(1000)	16.00	(65)3	(207)1	(199)2	(200)1	0.00	0	

(5)(1100)	8.00	(215)1	(207)3	(50)2	(41)4	0.00	0	

(6)(1100)	7.00	(56)2	(207)2	(41)14	0.00	0	

(7)(169)	7.00	(56)3	1.00	0	

(8)(171)	7.00	(65)2	(41)1	0.00	0	

(9)(1100)	5.00	(50)22	0.00	0	

(10)(346)	1.00	(65)5	21.00	0	

(11)(1100)	3.00	(56)19	36.00	0	

(12)(356)	2.00	(65)5	31.00	0	

(13)(366)	2.00	(56)1	(58)2	(192)1	2.00	0	

(14)(1100)	1.00	(56)1	(58)18	0.00	0	
max retalho: 5

(0)(1000)	1.00	(56)11	(192)2	0.00	0	

(1)(1100)	1.00	(65)2	(215)2	(58)6	(41)3	69.00	0	
max retalho: 5

(0)(1000)	1.00	(56)4	(207)1	(58)1	(50)7	0	161	
Sobra Total: 161.00
Perda Total: 918.00

Total Barras Cortadas:
Barra (1000) : 69
Barra (1100) : 65
Barra (366) : 2
Barra (169) : 7
Barra (356) : 2
Barra (171) : 7
Barra (346) : 1

Retalhos Gerados:
Retalho (161) : 1

7 Soluções

Saida Arquivo/Entrada/Class8/D8d19.txt

Minimizar a Perda Total
max retalho: 5

(0)(1000)	37.00	(56)1	(58)3	(192)4	2.00	0	

(1)(1100)	24.00	(56)1	(207)1	(199)4	(41)1	0.00	0	

(2)(1100)	23.00	(215)5	25.00	0	

(3)(1100)	22.00	(65)1	(56)2	(200)4	(41)3	0.00	0	

(4)(1000)	10.00	(215)1	(207)3	(41)4	0.00	0	

(5)(171)	7.00	(56)3	3.00	0	

(6)(1100)	5.00	(50)22	0.00	0	

(7)(169)	5.00	(56)3	1.00	0	

(8)(1100)	4.00	(65)13	(50)1	(41)5	0.00	0	

(9)(1100)	3.00	(65)1	(207)5	0.00	0	

(10)(346)	2.00	(56)1	(199)1	(50)1	(41)1	0.00	0	

(11)(356)	2.00	(56)3	(58)3	14.00	0	

(12)(366)	2.00	(56)6	30.00	0	

(13)(1100)	1.00	(56)1	(58)18	0.00	0	
max retalho: 5

(0)(169)	1.00	(41)4	5.00	0	

(1)(1100)	1.00	(199)2	702.00	0	

(2)(169)	1.00	(56)1	(50)2	13.00	0	

(3)(1100)	1.00	(65)2	(207)2	(50)3	(200)2	6.00	0	
max retalho: 5

(0)(1000)	1.00	(207)1	(58)2	(50)1	(200)1	(41)1	(128)3	2.00	384	
max retalho: 4

(0)(1000)	1.00	(50)11	0	450	
Sobra Total: 834.00
Perda Total: 1491.00

Total Barras Cortadas:
Barra (1000) : 49
Barra (1100) : 84
Barra (366) : 2
Barra (169) : 7
Barra (356) : 2
Barra (171) : 7
Barra (346) : 2

Retalhos Gerados:
Retalho (128) : 3
Retalho (450) : 1
