
4 Soluções

Saida Arquivo/Entrada/Class8/D8d17.txt

Minimizar a Perda Total
max retalho: 5

(0)(1000)	46.00	(197)2	(38)1	(189)3	1.00	0	

(1)(1100)	21.00	(204)5	80.00	0	

(2)(1100)	15.00	(212)5	40.00	0	

(3)(1100)	14.00	(212)1	(63)1	(196)1	(197)3	(38)1	0.00	0	

(4)(1100)	13.00	(196)5	120.00	0	

(5)(1100)	13.00	(62)2	(196)2	(197)2	(38)5	0.00	0	

(6)(1100)	7.00	(63)17	29.00	0	

(7)(351)	2.00	(62)2	(63)3	(38)1	0.00	0	

(8)(361)	2.00	(55)1	(38)3	(189)1	3.00	0	

(9)(165)	7.00	(62)1	(63)1	(38)1	2.00	0	

(10)(1000)	1.00	(62)1	(55)17	3.00	0	

(11)(1000)	1.00	(55)1	(47)12	(189)2	3.00	0	
max retalho: 5

(0)(175)	2.00	(38)1	137.00	0	

(1)(1100)	1.00	(196)4	316.00	0	

(2)(1100)	1.00	(62)1	(212)1	(63)5	(204)1	(55)2	(197)1	0.00	0	

(3)(341)	1.00	(212)1	(63)2	3.00	0	
max retalho: 5

(0)(175)	1.00	(55)1	120.00	0	

(2)(1000)	1.00	(212)1	(204)3	(126)1	50.00	126	
max retalho: 4

(0)(1000)	1.00	(63)1	0	937	
Sobra Total: 1063.00
Perda Total: 4878.00

Total Barras Cortadas:
Barra (1000) : 50
Barra (1100) : 85
Barra (361) : 2
Barra (175) : 3
Barra (351) : 2
Barra (165) : 7
Barra (341) : 1

Retalhos Gerados:
Retalho (126) : 1
Retalho (937) : 1

7 Soluções

Saida Arquivo/Entrada/Class8/D8d17.txt

Minimizar a Perda Total
max retalho: 5

(0)(1000)	40.00	(212)1	(197)4	0.00	0	

(1)(1000)	35.00	(212)1	(189)4	32.00	0	

(2)(1100)	21.00	(63)1	(55)1	(196)5	2.00	0	

(3)(1100)	21.00	(63)1	(204)5	17.00	0	

(4)(175)	7.00	(62)2	(38)1	13.00	0	

(5)(165)	7.00	(62)1	(63)1	40.00	0	

(6)(1100)	5.00	(63)1	(38)26	49.00	0	

(7)(1100)	4.00	(212)4	(63)4	0.00	0	

(8)(1100)	4.00	(63)17	29.00	0	

(9)(361)	2.00	(62)1	(63)1	(38)1	(189)1	9.00	0	

(10)(341)	2.00	(62)5	31.00	0	

(11)(351)	1.00	(62)1	(63)4	37.00	0	

(12)(1100)	1.00	(62)2	(63)9	(204)2	1.00	0	

(13)(1000)	1.00	(62)1	(63)1	(47)12	(197)1	(38)3	0.00	0	
max retalho: 5

(0)(351)	1.00	(212)1	(55)2	29.00	0	

(1)(1000)	1.00	(62)2	(204)2	(196)1	(126)2	20.00	252	
max retalho: 4

(0)(1000)	1.00	(196)3	0	412	
Sobra Total: 664.00
Perda Total: 2418.00

Total Barras Cortadas:
Barra (1000) : 78
Barra (1100) : 56
Barra (361) : 2
Barra (175) : 7
Barra (351) : 2
Barra (165) : 7
Barra (341) : 2

Retalhos Gerados:
Retalho (126) : 2
Retalho (412) : 1

10 Soluções

Saida Arquivo/Entrada/Class8/D8d17.txt

Minimizar a Perda Total
max retalho: 5

(0)(1000)	34.00	(197)2	(38)1	(189)3	1.00	0	

(1)(1100)	21.00	(204)5	80.00	0	

(2)(1100)	21.00	(196)5	120.00	0	

(3)(1100)	18.00	(212)5	40.00	0	

(4)(1100)	14.00	(197)5	115.00	0	

(5)(1100)	9.00	(63)1	(197)2	(38)2	(189)3	0.00	0	

(6)(1100)	7.00	(63)17	29.00	0	

(7)(175)	7.00	(63)2	(47)1	2.00	0	

(8)(165)	4.00	(63)1	(55)1	(47)1	0.00	0	

(9)(1100)	3.00	(55)2	(196)1	(38)1	(189)4	0.00	0	

(10)(165)	2.00	(55)3	0.00	0	

(11)(1100)	2.00	(38)28	36.00	0	

(12)(351)	2.00	(55)2	(197)1	(38)1	6.00	0	

(13)(361)	2.00	(63)2	(197)1	(38)1	0.00	0	

(14)(341)	2.00	(62)4	(55)1	(38)1	0.00	0	

(15)(1100)	1.00	(62)17	46.00	0	
max retalho: 5

(0)(165)	1.00	(47)1	(38)2	42.00	0	

(1)(1100)	1.00	(62)1	(212)2	(204)1	(55)1	(197)1	(38)4	6.00	0	

(2)(1100)	1.00	(62)3	(63)4	(204)1	(38)7	(189)1	3.00	0	

(8)(1100)	1.00	(62)8	(204)2	(196)1	0.00	0	
max retalho: 5

(1)(1100)	1.00	(62)2	(38)12	0	520	
Sobra Total: 520.00
Perda Total: 6962.00

Total Barras Cortadas:
Barra (1000) : 34
Barra (1100) : 100
Barra (361) : 2
Barra (175) : 7
Barra (351) : 2
Barra (165) : 7
Barra (341) : 2

Retalhos Gerados:
Retalho (520) : 1
