
4 Soluções

Saida Arquivo/Entrada/Class8/D8d10.txt

Minimizar a Perda Total
max retalho: 5

(0)(1100)	23.00	(132)6	(116)1	(108)1	(84)1	0.00	0	

(1)(1100)	16.00	(139)5	(124)1	(92)3	5.00	0	

(2)(1100)	13.00	(131)5	(109)4	9.00	0	

(3)(1000)	11.00	(131)4	(116)1	(108)1	(84)3	0.00	0	

(4)(416)	9.00	(131)3	23.00	0	

(5)(405)	9.00	(131)3	12.00	0	

(6)(1100)	9.00	(132)4	(116)4	(108)1	0.00	0	

(7)(1100)	6.00	(109)10	10.00	0	

(8)(222)	5.00	(116)1	(101)1	5.00	0	

(9)(1000)	22.00	(139)4	(124)1	(116)1	(101)2	2.00	0	

(10)(223)	4.00	(139)1	(84)1	0.00	0	

(11)(213)	4.00	(84)2	45.00	0	

(12)(1100)	3.00	(116)1	(109)1	(101)7	(84)2	0.00	0	

(13)(1000)	2.00	(139)2	(124)5	(101)1	1.00	0	

(14)(1000)	1.00	(116)5	(84)5	0.00	0	
max retalho: 5

(0)(1100)	1.00	(131)1	(132)1	(109)2	(92)2	(84)5	15.00	0	
max retalho: 5

(0)(1000)	1.00	(109)1	0	891	
Sobra Total: 891.00
Perda Total: 838.00

Total Barras Cortadas:
Barra (1000) : 37
Barra (1100) : 71
Barra (222) : 5
Barra (416) : 9
Barra (223) : 4
Barra (405) : 9
Barra (213) : 4

Retalhos Gerados:
Retalho (891) : 1

7 Soluções

Saida Arquivo/Entrada/Class8/D8d10.txt

Minimizar a Perda Total
max retalho: 5

(0)(1100)	31.00	(131)3	(132)2	(116)1	(109)3	0.00	0	

(1)(1100)	23.00	(139)7	(124)1	3.00	0	

(2)(1000)	18.00	(131)1	(132)4	(116)2	(109)1	0.00	0	

(3)(405)	9.00	(131)2	(132)1	11.00	0	

(4)(416)	9.00	(116)1	(108)2	(84)1	0.00	0	

(5)(1000)	5.00	(108)1	(101)8	(84)1	0.00	0	

(6)(1100)	5.00	(109)1	(92)10	71.00	0	

(7)(222)	5.00	(116)1	(101)1	5.00	0	

(8)(1000)	5.00	(139)2	(124)5	(101)1	1.00	0	

(9)(1000)	11.00	(132)2	(116)2	(84)6	0.00	0	

(10)(1100)	5.00	(131)7	(132)1	51.00	0	

(11)(223)	4.00	(101)2	21.00	0	

(12)(213)	4.00	(101)2	11.00	0	

(13)(1000)	2.00	(132)1	(108)8	4.00	0	
max retalho: 5

(0)(1000)	1.00	(109)2	(101)6	176.00	0	

(1)(1000)	1.00	(139)5	(132)2	41.00	0	

(2)(1100)	1.00	(108)4	(84)4	332.00	0	
max retalho: 5

(0)(1000)	1.00	(132)1	(116)2	0	636	
Sobra Total: 636.00
Perda Total: 1493.00

Total Barras Cortadas:
Barra (1000) : 44
Barra (1100) : 65
Barra (222) : 5
Barra (416) : 9
Barra (223) : 4
Barra (405) : 9
Barra (213) : 4

Retalhos Gerados:
Retalho (636) : 1

10 Soluções

Saida Arquivo/Entrada/Class8/D8d10.txt

Minimizar a Perda Total
max retalho: 5

(0)(1100)	23.00	(139)7	(124)1	3.00	0	

(1)(1100)	21.00	(131)1	(132)4	(116)1	(108)2	(109)1	0.00	0	

(2)(1100)	17.00	(131)1	(132)5	(116)1	(109)1	(84)1	0.00	0	

(3)(1000)	14.00	(131)4	(116)1	(92)3	(84)1	0.00	0	

(4)(1000)	8.00	(116)5	(84)5	0.00	0	

(5)(416)	7.00	(109)2	(84)1	(113)1	1.00	113	

(6)(222)	5.00	(116)1	106.00	0	

(7)(1000)	5.00	(139)2	(124)5	(101)1	1.00	0	

(8)(1100)	5.00	(109)9	119.00	0	

(9)(1100)	11.00	(131)6	(101)3	11.00	0	

(10)(223)	4.00	(131)1	(92)1	0.00	0	

(11)(213)	4.00	(101)2	11.00	0	

(12)(1000)	3.00	(109)1	(101)8	83.00	0	

(13)(1100)	2.00	(109)9	(113)1	6.00	113	

(14)(416)	2.00	(116)2	(92)2	0.00	0	
max retalho: 3

(0)(1000)	1.00	(139)1	(132)4	(116)2	(101)1	0.00	0	

(2)(1100)	1.00	(139)1	(132)1	(116)1	(108)1	(101)1	(84)6	0.00	0	
max retalho: 3

(0)(1000)	1.00	(139)3	(132)1	(116)1	0	335	
Sobra Total: 1352.00
Perda Total: 1632.00

Total Barras Cortadas:
Barra (1000) : 32
Barra (1100) : 80
Barra (222) : 5
Barra (416) : 9
Barra (223) : 4
Barra (405) : 0
Barra (213) : 4

Retalhos Gerados:
Retalho (113) : 7
Retalho (113) : 2
Retalho (335) : 1
