
4 Soluções

Saida Arquivo/Entrada/Class8/D8d11.txt

Minimizar a Perda Total
max retalho: 5

(0)(1000)	20.00	(61)4	(212)2	(62)1	(54)5	0.00	0	

(1)(1100)	18.00	(61)1	(212)1	(205)4	7.00	0	

(2)(1000)	12.00	(62)3	(203)4	2.00	0	

(3)(1100)	12.00	(197)5	(38)3	1.00	0	

(4)(1000)	7.00	(212)3	(62)5	(54)1	0.00	0	

(5)(174)	6.00	(46)3	36.00	0	

(6)(1100)	6.00	(212)5	40.00	0	

(7)(164)	4.00	(46)3	26.00	0	

(8)(1100)	3.00	(62)1	(38)27	12.00	0	

(9)(1000)	38.00	(46)1	(197)1	(188)4	5.00	0	

(10)(352)	2.00	(62)1	(205)1	(46)1	(38)1	1.00	0	

(11)(361)	2.00	(61)1	(46)6	24.00	0	

(12)(351)	2.00	(46)7	29.00	0	

(13)(1000)	2.00	(54)1	(205)4	(126)1	0.00	126	
max retalho: 4

(0)(164)	2.00	(62)2	(38)1	2.00	0	

(1)(164)	1.00	(61)2	42.00	0	

(2)(1100)	1.00	(212)3	(203)1	(46)4	(38)2	1.00	0	

(3)(1100)	1.00	(212)3	(197)1	(38)2	(188)1	3.00	0	

(9)(174)	1.00	(54)2	(38)1	28.00	0	
max retalho: 4

(0)(1000)	1.00	(212)2	(62)5	(38)7	0.00	0	

(1)(1100)	1.00	(203)3	491.00	0	
max retalho: 4

(0)(1100)	1.00	(212)1	(38)10	(188)1	0	320	
Sobra Total: 572.00
Perda Total: 1625.00

Total Barras Cortadas:
Barra (1000) : 80
Barra (1100) : 43
Barra (361) : 2
Barra (174) : 7
Barra (351) : 2
Barra (164) : 7
Barra (352) : 2

Retalhos Gerados:
Retalho (126) : 2
Retalho (320) : 1

7 Soluções

Saida Arquivo/Entrada/Class8/D8d11.txt

Minimizar a Perda Total
max retalho: 5

(0)(1100)	30.00	(46)1	(38)3	(188)5	0.00	0	

(1)(1100)	25.00	(61)4	(212)4	8.00	0	

(2)(1100)	20.00	(62)3	(205)4	(46)2	2.00	0	

(3)(1100)	17.00	(197)5	(38)3	1.00	0	

(4)(1000)	13.00	(62)3	(203)4	2.00	0	

(5)(1100)	3.00	(54)20	20.00	0	

(6)(1000)	3.00	(197)4	(126)1	86.00	126	

(7)(1100)	3.00	(212)4	(54)4	36.00	0	

(8)(1000)	3.00	(212)2	(54)10	36.00	0	

(9)(1000)	1.00	(61)2	(46)19	4.00	0	
max retalho: 4

(0)(352)	2.00	(54)1	(205)1	(46)2	1.00	0	

(1)(1000)	1.00	(62)6	(54)2	(46)1	(197)2	(38)2	4.00	0	

(3)(1100)	1.00	(188)4	348.00	0	

(6)(174)	2.00	(54)2	(46)1	20.00	0	
max retalho: 4

(1)(1100)	1.00	(54)1	(46)4	0	862	
Sobra Total: 1240.00
Perda Total: 1215.00

Total Barras Cortadas:
Barra (1000) : 21
Barra (1100) : 100
Barra (361) : 0
Barra (174) : 2
Barra (351) : 0
Barra (164) : 0
Barra (352) : 2

Retalhos Gerados:
Retalho (126) : 3
Retalho (862) : 1

10 Soluções

Saida Arquivo/Entrada/Class8/D8d11.txt

Minimizar a Perda Total
max retalho: 5

(0)(1100)	30.00	(46)1	(38)3	(188)5	0.00	0	

(1)(1100)	21.00	(61)4	(212)4	8.00	0	

(2)(1100)	14.00	(197)5	(38)3	1.00	0	

(3)(1100)	10.00	(205)4	280.00	0	

(4)(1100)	10.00	(203)5	(46)1	(38)1	1.00	0	

(5)(1000)	10.00	(205)4	(126)1	54.00	126	

(6)(1100)	9.00	(212)2	(62)10	(54)1	2.00	0	

(7)(164)	7.00	(61)2	42.00	0	

(8)(1000)	7.00	(212)1	(197)4	0.00	0	

(9)(174)	7.00	(54)3	12.00	0	

(10)(1100)	3.00	(54)20	20.00	0	

(11)(1000)	3.00	(62)2	(46)19	2.00	0	

(12)(352)	2.00	(62)3	(54)3	4.00	0	

(13)(1100)	1.00	(212)4	252.00	0	
max retalho: 4

(3)(1000)	1.00	(61)4	(62)3	(46)3	(197)1	(38)1	(188)1	9.00	0	

(4)(1100)	1.00	(203)2	694.00	0	
max retalho: 4

(0)(351)	2.00	(54)6	27.00	0	

(1)(1000)	1.00	(212)1	(205)2	(188)2	2.00	0	

(3)(1000)	1.00	(212)4	(54)1	98.00	0	
max retalho: 4

(1)(1100)	1.00	(54)2	(188)1	0	804	
Sobra Total: 2064.00
Perda Total: 5111.00

Total Barras Cortadas:
Barra (1000) : 23
Barra (1100) : 100
Barra (361) : 0
Barra (174) : 7
Barra (351) : 2
Barra (164) : 7
Barra (352) : 2

Retalhos Gerados:
Retalho (126) : 10
Retalho (804) : 1
