
4 Soluções

Saida Arquivo/Entrada/Class8/D8d18.txt

Minimizar a Perda Total
max retalho: 5

(0)(1100)	32.00	(143)3	(127)1	(104)1	(88)5	0.00	0	

(1)(1000)	16.00	(134)1	(96)9	2.00	0	

(2)(1000)	16.00	(127)6	(119)2	0.00	0	

(3)(1100)	15.00	(143)1	(126)4	(127)1	(111)2	(104)1	0.00	0	

(4)(217)	5.00	(134)1	83.00	0	

(5)(219)	4.00	(134)1	85.00	0	

(6)(1100)	3.00	(119)3	(104)7	15.00	0	

(7)(1000)	2.00	(143)1	(119)7	24.00	0	

(8)(1100)	1.00	(126)3	(111)1	(103)5	(96)1	0.00	0	

(10)(411)	9.00	(134)2	(119)1	24.00	0	
max retalho: 5

(0)(228)	3.00	(134)1	94.00	0	

(1)(228)	1.00	(119)1	(104)1	5.00	0	

(2)(1100)	1.00	(127)2	(119)3	(96)5	9.00	0	

(5)(228)	1.00	(111)2	6.00	0	
max retalho: 5

(0)(1000)	1.00	(143)3	(104)3	(96)1	(88)1	75.00	0	
Sobra Total: 0.00
Perda Total: 1473.00

Total Barras Cortadas:
Barra (1000) : 35
Barra (1100) : 52
Barra (228) : 5
Barra (421) : 0
Barra (217) : 5
Barra (411) : 9
Barra (219) : 4

Retalhos Gerados:

7 Soluções

Saida Arquivo/Entrada/Class8/D8d18.txt

Minimizar a Perda Total
max retalho: 5

(0)(1100)	27.00	(143)3	(127)1	(104)1	(88)5	0.00	0	

(1)(1000)	25.00	(143)1	(134)1	(127)4	(119)1	(96)1	0.00	0	

(2)(1100)	10.00	(96)11	44.00	0	

(3)(411)	8.00	(111)2	(96)1	(88)1	5.00	0	

(4)(1100)	7.00	(143)1	(126)4	(127)1	(111)2	(104)1	0.00	0	

(5)(217)	5.00	(104)1	(96)1	17.00	0	

(6)(1100)	4.00	(119)9	29.00	0	

(7)(219)	4.00	(104)2	11.00	0	

(8)(421)	4.00	(104)4	5.00	0	

(9)(1100)	4.00	(126)8	(88)1	4.00	0	

(10)(228)	5.00	(134)1	(88)1	6.00	0	

(11)(1100)	2.00	(127)4	(104)4	(88)2	0.00	0	

(12)(1100)	2.00	(134)8	28.00	0	

(13)(1100)	1.00	(126)3	(111)1	(103)5	(96)1	0.00	0	
max retalho: 5

(0)(1100)	1.00	(119)2	(111)2	(104)1	(96)1	(88)5	0.00	0	

(5)(411)	1.00	(127)3	30.00	0	
max retalho: 5

(0)(1000)	1.00	(143)2	(119)5	(96)1	23.00	0	
max retalho: 5

(0)(1000)	1.00	(143)1	0	857	
Sobra Total: 857.00
Perda Total: 900.00

Total Barras Cortadas:
Barra (1000) : 27
Barra (1100) : 58
Barra (228) : 5
Barra (421) : 4
Barra (217) : 5
Barra (411) : 9
Barra (219) : 4

Retalhos Gerados:
Retalho (857) : 1

10 Soluções

Saida Arquivo/Entrada/Class8/D8d18.txt

Minimizar a Perda Total
max retalho: 5

(0)(1100)	20.00	(126)1	(127)7	85.00	0	

(1)(1100)	15.00	(143)7	99.00	0	

(2)(1000)	10.00	(111)3	(88)7	51.00	0	

(3)(1100)	9.00	(126)3	(88)8	18.00	0	

(4)(1100)	9.00	(134)1	(96)10	6.00	0	

(5)(1000)	9.00	(143)1	(104)8	25.00	0	

(6)(411)	9.00	(96)4	27.00	0	

(7)(1100)	8.00	(126)1	(119)8	22.00	0	

(8)(228)	4.00	(126)1	(96)1	6.00	0	

(9)(1100)	4.00	(134)8	28.00	0	

(10)(219)	1.00	(96)2	27.00	0	

(11)(421)	4.00	(96)4	37.00	0	

(12)(217)	3.00	(88)2	41.00	0	

(13)(219)	3.00	(103)1	(115)1	1.00	115	

(14)(217)	1.00	(103)2	11.00	0	
max retalho: 4

(0)(1000)	1.00	(143)2	(134)1	(127)1	(119)3	(96)1	0.00	0	

(2)(1100)	1.00	(134)2	(127)1	(88)8	1.00	0	

(8)(228)	1.00	(126)1	(88)1	14.00	0	
max retalho: 4

(0)(217)	1.00	(134)1	83.00	0	

(1)(1100)	1.00	(134)1	(126)2	(127)3	(111)3	0.00	0	

(2)(1000)	1.00	(126)1	(96)2	(88)4	330.00	0	
max retalho: 4

(0)(1000)	1.00	(119)1	0	881	
Sobra Total: 1226.00
Perda Total: 5431.00

Total Barras Cortadas:
Barra (1000) : 22
Barra (1100) : 67
Barra (228) : 5
Barra (421) : 4
Barra (217) : 5
Barra (411) : 9
Barra (219) : 4

Retalhos Gerados:
Retalho (115) : 3
Retalho (881) : 1
