
4 Soluções

Saida Arquivo/Entrada/Class8/D8d16.txt

Minimizar a Perda Total
max retalho: 5

(0)(1100)	10.00	(140)7	(116)1	4.00	0	

(1)(1000)	9.00	(93)9	(114)1	49.00	114	

(2)(406)	8.00	(101)4	2.00	0	

(3)(1000)	8.00	(133)4	(116)4	4.00	0	

(4)(1000)	7.00	(133)1	(116)1	(108)1	(93)6	(85)1	0.00	0	

(5)(1000)	7.00	(116)7	(93)2	2.00	0	

(6)(1000)	7.00	(116)2	(109)7	5.00	0	

(7)(1100)	6.00	(133)1	(109)1	(93)1	(85)9	0.00	0	

(8)(417)	4.00	(108)3	(93)1	0.00	0	

(9)(417)	4.00	(131)2	(133)1	22.00	0	

(10)(1100)	37.00	(125)5	(101)3	(85)2	2.00	0	

(11)(214)	3.00	(93)2	28.00	0	

(12)(225)	3.00	(116)1	(108)1	1.00	0	

(13)(223)	3.00	(116)1	(101)1	6.00	0	

(14)(1100)	2.00	(108)10	20.00	0	

(15)(223)	2.00	(93)2	37.00	0	
max retalho: 4

(0)(1000)	2.00	(116)3	(93)7	1.00	0	

(1)(214)	1.00	(109)1	(93)1	12.00	0	

(2)(1000)	1.00	(133)1	(85)10	17.00	0	

(7)(417)	1.00	(101)4	13.00	0	

(8)(225)	1.00	(109)1	(101)1	15.00	0	
max retalho: 4

(0)(1100)	1.00	(140)1	(116)4	(108)1	(109)1	(93)3	0.00	0	

(1)(1000)	1.00	(133)3	(125)4	(101)1	0.00	0	
max retalho: 4

(0)(1000)	1.00	(116)1	(109)1	(101)1	(93)1	0	581	
Sobra Total: 1607.00
Perda Total: 1018.00

Total Barras Cortadas:
Barra (1000) : 43
Barra (1100) : 56
Barra (223) : 5
Barra (417) : 9
Barra (225) : 4
Barra (406) : 8
Barra (214) : 4

Retalhos Gerados:
Retalho (114) : 9
Retalho (581) : 1

7 Soluções

Saida Arquivo/Entrada/Class8/D8d16.txt

Minimizar a Perda Total
max retalho: 5

(0)(1100)	28.00	(133)1	(125)6	(116)1	(101)1	0.00	0	

(1)(1100)	20.00	(101)4	(93)2	(85)6	0.00	0	

(2)(1100)	16.00	(133)1	(116)5	(108)1	(93)3	0.00	0	

(3)(1100)	10.00	(140)7	(116)1	4.00	0	

(4)(417)	9.00	(125)1	(101)2	(85)1	5.00	0	

(5)(406)	9.00	(125)1	(101)1	(93)1	(85)1	2.00	0	

(6)(1100)	5.00	(108)1	(109)9	11.00	0	

(7)(1000)	6.00	(133)1	(108)2	(93)7	0.00	0	

(8)(225)	4.00	(93)2	39.00	0	

(9)(214)	4.00	(116)1	(93)1	5.00	0	

(10)(223)	5.00	(93)2	37.00	0	

(11)(1000)	2.00	(131)1	(101)6	(93)1	(85)2	0.00	0	

(12)(1000)	2.00	(116)1	(108)1	(109)2	(93)6	0.00	0	

(13)(1100)	1.00	(131)3	(133)2	(116)3	(93)1	0.00	0	

(14)(1100)	1.00	(108)6	(109)4	16.00	0	
max retalho: 5

(0)(1100)	1.00	(109)6	446.00	0	

(1)(1100)	1.00	(101)6	494.00	0	

(3)(1100)	1.00	(131)3	(125)3	(116)1	(108)2	0.00	0	
max retalho: 5

(0)(1000)	1.00	(140)1	(133)1	(116)1	(85)3	0	356	
Sobra Total: 356.00
Perda Total: 1475.00

Total Barras Cortadas:
Barra (1000) : 11
Barra (1100) : 84
Barra (223) : 5
Barra (417) : 9
Barra (225) : 4
Barra (406) : 9
Barra (214) : 4

Retalhos Gerados:
Retalho (356) : 1

10 Soluções

Saida Arquivo/Entrada/Class8/D8d16.txt

Minimizar a Perda Total
max retalho: 5

(0)(1100)	28.00	(133)1	(125)6	(116)1	(101)1	0.00	0	

(1)(1100)	20.00	(101)4	(93)2	(85)6	0.00	0	

(2)(1100)	17.00	(133)1	(116)5	(108)1	(93)3	0.00	0	

(3)(1100)	10.00	(140)7	(116)1	4.00	0	

(4)(417)	9.00	(125)1	(101)2	(85)1	5.00	0	

(5)(406)	9.00	(125)1	(101)1	(93)1	(85)1	2.00	0	

(6)(1100)	6.00	(108)3	(109)2	(93)6	0.00	0	

(7)(214)	4.00	(109)1	(93)1	12.00	0	

(8)(1000)	4.00	(133)1	(108)2	(93)7	0.00	0	

(9)(1100)	3.00	(109)10	10.00	0	

(10)(223)	5.00	(109)1	(93)1	21.00	0	

(11)(1000)	3.00	(131)1	(101)6	(93)1	(85)2	0.00	0	

(12)(1000)	1.00	(131)3	(133)2	(116)2	(109)1	0.00	0	
max retalho: 5

(0)(225)	2.00	(109)2	7.00	0	

(1)(1100)	1.00	(133)2	(125)3	(116)3	(109)1	2.00	0	

(2)(225)	1.00	(116)1	(85)1	24.00	0	

(3)(1000)	1.00	(131)2	(114)6	54.00	684	

(7)(225)	1.00	(140)1	85.00	0	
max retalho: 4

(0)(1000)	1.00	(109)2	0	782	
Sobra Total: 1466.00
Perda Total: 465.00

Total Barras Cortadas:
Barra (1000) : 10
Barra (1100) : 85
Barra (223) : 5
Barra (417) : 9
Barra (225) : 4
Barra (406) : 9
Barra (214) : 4

Retalhos Gerados:
Retalho (114) : 6
Retalho (782) : 1
