
4 Soluções

Saida Arquivo/Entrada/Class8/D8d15.txt

Minimizar a Perda Total
max retalho: 5

(0)(1000)	46.00	(209)1	(201)1	(202)1	(194)2	0.00	0	

(1)(1000)	21.00	(201)3	(186)2	25.00	0	

(2)(1000)	20.00	(60)3	(202)4	12.00	0	

(3)(1000)	12.00	(60)3	(201)3	(202)1	15.00	0	

(4)(1100)	8.00	(60)2	(201)1	(194)4	3.00	0	

(5)(148)	6.00	(60)2	28.00	0	

(6)(348)	5.00	(52)1	(44)1	(35)7	7.00	0	

(7)(1100)	4.00	(201)5	(52)1	(37)1	6.00	0	

(8)(168)	2.00	(60)2	48.00	0	

(9)(1100)	1.00	(60)1	(52)20	0.00	0	

(10)(348)	2.00	(60)5	48.00	0	
max retalho: 5

(0)(158)	2.00	(44)1	(37)3	3.00	0	

(1)(1100)	1.00	(60)4	(52)2	(202)2	(44)8	0.00	0	

(3)(346)	1.00	(44)2	(35)1	(186)1	(37)1	0.00	0	
max retalho: 5

(0)(1100)	1.00	(52)7	(202)1	(194)2	(35)1	(37)3	0.00	0	

(1)(346)	1.00	(52)1	(44)5	(35)2	4.00	0	
max retalho: 5

(0)(1000)	1.00	(52)2	(44)10	(194)1	0	262	
Sobra Total: 262.00
Perda Total: 1398.00

Total Barras Cortadas:
Barra (1000) : 100
Barra (1100) : 15
Barra (168) : 2
Barra (346) : 2
Barra (158) : 2
Barra (348) : 7
Barra (148) : 6

Retalhos Gerados:
Retalho (262) : 1

7 Soluções

Saida Arquivo/Entrada/Class8/D8d15.txt

Minimizar a Perda Total

10 Soluções

Saida Arquivo/Entrada/Class8/D8d15.txt

Minimizar a Perda Total
max retalho: 5

(0)(1100)	30.00	(60)2	(202)1	(194)4	2.00	0	

(1)(1100)	22.00	(201)4	(202)1	94.00	0	

(2)(1100)	16.00	(201)2	698.00	0	

(3)(1100)	14.00	(52)1	(202)5	(37)1	1.00	0	

(4)(1100)	11.00	(209)4	(202)1	62.00	0	

(5)(1000)	8.00	(60)4	(201)3	(52)3	1.00	0	

(6)(1000)	8.00	(60)1	(186)5	10.00	0	

(7)(346)	7.00	(202)1	(35)1	109.00	0	

(8)(1100)	4.00	(201)5	(35)1	60.00	0	

(9)(1100)	2.00	(60)17	80.00	0	

(10)(348)	7.00	(44)1	(194)1	(35)3	5.00	0	

(11)(158)	2.00	(44)2	(35)2	0.00	0	

(12)(168)	2.00	(44)3	(35)1	1.00	0	

(13)(1000)	2.00	(201)1	(122)4	(310)1	1.00	798	
max retalho: 4

(0)(148)	1.00	(44)3	16.00	0	

(1)(1100)	1.00	(201)5	95.00	0	

(2)(1000)	1.00	(209)2	(52)3	(202)1	(35)1	(186)1	3.00	0	

(8)(148)	4.00	(60)1	(44)2	0.00	0	
max retalho: 4

(0)(1000)	1.00	(60)4	(201)2	(44)3	(186)1	40.00	0	
max retalho: 4

(0)(1000)	1.00	(60)1	(44)1	(186)1	0	710	
Sobra Total: 2306.00
Perda Total: 15436.00

Total Barras Cortadas:
Barra (1000) : 21
Barra (1100) : 100
Barra (168) : 2
Barra (346) : 7
Barra (158) : 2
Barra (348) : 7
Barra (148) : 5

Retalhos Gerados:
Retalho (122) : 8
Retalho (310) : 2
Retalho (710) : 1
