
4 Soluções

Saida Arquivo/Entrada/Class8/D8d12.txt

Minimizar a Perda Total
max retalho: 5

(0)(1100)	22.00	(135)8	20.00	0	

(1)(1100)	15.00	(104)10	60.00	0	

(2)(1100)	9.00	(142)1	(112)7	(87)2	0.00	0	

(3)(219)	9.00	(110)1	(104)1	5.00	0	

(4)(1100)	9.00	(95)7	(87)5	0.00	0	

(5)(229)	7.00	(119)1	(110)1	0.00	0	

(6)(410)	5.00	(110)1	(104)2	(87)1	5.00	0	

(7)(420)	5.00	(119)1	(110)1	(104)1	(87)1	0.00	0	

(8)(1100)	3.00	(142)5	(104)2	(95)1	(87)1	0.00	0	

(9)(1100)	3.00	(119)9	29.00	0	

(10)(228)	6.00	(134)1	(87)1	7.00	0	

(11)(1100)	1.00	(134)2	(127)5	(110)1	(87)1	0.00	0	

(12)(229)	2.00	(134)1	(95)1	0.00	0	
max retalho: 5

(0)(1000)	1.00	(135)5	(119)2	(87)1	0.00	0	

(1)(1100)	1.00	(142)2	(127)2	(119)2	(110)2	(104)1	0.00	0	
max retalho: 5

(0)(1100)	1.00	(135)1	(110)4	(87)6	3.00	0	
max retalho: 5

(0)(1000)	1.00	(142)3	(119)1	(87)1	0	368	
Sobra Total: 368.00
Perda Total: 1542.00

Total Barras Cortadas:
Barra (1000) : 2
Barra (1100) : 64
Barra (228) : 6
Barra (420) : 5
Barra (229) : 9
Barra (410) : 5
Barra (219) : 9

Retalhos Gerados:
Retalho (368) : 1

7 Soluções

Saida Arquivo/Entrada/Class8/D8d12.txt

Minimizar a Perda Total
max retalho: 5

(0)(1100)	21.00	(135)5	(104)4	9.00	0	

(1)(1000)	10.00	(135)1	(104)2	(95)6	(87)1	0.00	0	

(2)(1100)	9.00	(142)1	(112)7	(87)2	0.00	0	

(3)(219)	9.00	(104)2	11.00	0	

(4)(1000)	8.00	(135)2	(104)2	(87)6	0.00	0	

(5)(1100)	7.00	(135)4	(119)1	(110)4	1.00	0	

(6)(1000)	7.00	(135)3	(119)5	0.00	0	

(7)(229)	7.00	(134)1	(87)1	8.00	0	

(8)(420)	5.00	(104)4	4.00	0	

(9)(1100)	4.00	(142)5	(104)2	(95)1	(87)1	0.00	0	

(10)(228)	6.00	(104)2	20.00	0	

(11)(229)	1.00	(104)2	21.00	0	

(12)(1100)	1.00	(134)2	(127)5	(110)1	(87)1	0.00	0	
max retalho: 5

(0)(229)	1.00	(134)1	(95)1	0.00	0	

(1)(1000)	1.00	(135)1	(127)2	(119)2	(104)1	(95)1	(87)2	0.00	0	

(2)(410)	1.00	(135)1	(110)1	165.00	0	

(8)(410)	1.00	(110)2	(87)1	103.00	0	
max retalho: 5

(0)(1000)	1.00	(110)1	(95)2	0	700	
Sobra Total: 700.00
Perda Total: 780.00

Total Barras Cortadas:
Barra (1000) : 27
Barra (1100) : 42
Barra (228) : 6
Barra (420) : 5
Barra (229) : 9
Barra (410) : 2
Barra (219) : 9

Retalhos Gerados:
Retalho (700) : 1

10 Soluções

Saida Arquivo/Entrada/Class8/D8d12.txt

Minimizar a Perda Total
max retalho: 5

(0)(1100)	17.00	(135)2	(119)1	(104)6	(87)1	0.00	0	

(1)(1100)	16.00	(135)8	20.00	0	

(2)(1100)	8.00	(142)1	(112)7	(87)2	0.00	0	

(3)(219)	8.00	(110)1	(104)1	5.00	0	

(4)(1100)	8.00	(95)7	(87)5	0.00	0	

(5)(229)	6.00	(110)1	(104)1	15.00	0	

(6)(228)	6.00	(110)1	(104)1	14.00	0	

(7)(420)	5.00	(110)2	(104)1	(95)1	1.00	0	

(8)(410)	5.00	(134)1	(135)2	6.00	0	

(9)(1100)	4.00	(142)5	(104)2	(95)1	(87)1	0.00	0	

(10)(1100)	6.00	(119)4	(104)6	0.00	0	

(11)(229)	3.00	(134)1	(95)1	0.00	0	

(12)(1000)	2.00	(135)2	(104)2	(87)6	0.00	0	

(13)(1100)	1.00	(134)2	(127)5	(110)1	(87)1	0.00	0	

(14)(219)	1.00	(135)1	84.00	0	
max retalho: 5

(0)(1100)	1.00	(119)3	743.00	0	

(1)(1000)	1.00	(135)5	(110)2	(104)1	1.00	0	

(2)(1100)	1.00	(142)1	(127)1	(112)2	(104)5	(87)1	0.00	0	
max retalho: 5

(0)(1000)	1.00	(127)1	(112)5	0	313	
Sobra Total: 313.00
Perda Total: 1397.00

Total Barras Cortadas:
Barra (1000) : 4
Barra (1100) : 62
Barra (228) : 6
Barra (420) : 5
Barra (229) : 9
Barra (410) : 5
Barra (219) : 9

Retalhos Gerados:
Retalho (313) : 1
