
4 Soluções

Saida Arquivo/Entrada/Class8/D8d13.txt

Minimizar a Perda Total
max retalho: 5

(0)(1100)	40.00	(64)2	(215)2	(65)2	(206)2	0.00	0	

(1)(1000)	7.00	(200)5	0.00	0	

(2)(170)	7.00	(41)4	6.00	0	

(3)(1000)	6.00	(198)1	(49)3	(41)2	(191)3	0.00	0	

(4)(180)	5.00	(57)3	9.00	0	

(5)(1100)	5.00	(206)1	(57)1	(198)2	(200)2	(41)1	0.00	0	

(6)(1100)	4.00	(215)5	25.00	0	

(7)(1000)	4.00	(64)3	(65)4	(206)1	(57)6	0.00	0	

(8)(1100)	4.00	(206)5	70.00	0	

(9)(1100)	21.00	(57)1	(41)2	(191)5	6.00	0	

(10)(1000)	2.00	(65)5	(206)3	(57)1	0.00	0	

(11)(365)	2.00	(65)2	(57)4	7.00	0	

(12)(355)	2.00	(65)1	(57)5	5.00	0	

(13)(345)	2.00	(57)6	3.00	0	

(14)(180)	2.00	(57)1	(41)3	0.00	0	
max retalho: 5

(0)(1000)	1.00	(215)1	(65)2	(206)1	(49)1	(200)2	0.00	0	

(1)(1000)	1.00	(65)2	(198)1	(49)1	(200)1	(41)1	(191)2	0.00	0	
max retalho: 5

(0)(1000)	1.00	(191)2	0	618	
Sobra Total: 618.00
Perda Total: 623.00

Total Barras Cortadas:
Barra (1000) : 22
Barra (1100) : 74
Barra (365) : 2
Barra (180) : 7
Barra (355) : 2
Barra (170) : 7
Barra (345) : 2

Retalhos Gerados:
Retalho (618) : 1

7 Soluções

Saida Arquivo/Entrada/Class8/D8d13.txt

Minimizar a Perda Total
max retalho: 5

(0)(1100)	21.00	(65)1	(206)5	5.00	0	

(1)(1100)	20.00	(215)5	25.00	0	

(2)(1100)	7.00	(65)12	(206)1	(57)2	0.00	0	

(3)(1000)	7.00	(200)5	0.00	0	

(4)(180)	7.00	(64)2	(41)1	11.00	0	

(5)(1100)	4.00	(64)1	(57)17	(41)1	26.00	0	

(6)(1100)	4.00	(49)5	(200)1	(41)2	(191)3	0.00	0	

(7)(1100)	4.00	(206)1	(57)1	(198)2	(200)2	(41)1	0.00	0	

(8)(1100)	3.00	(198)1	(41)22	0.00	0	

(9)(1100)	23.00	(64)1	(191)5	81.00	0	

(10)(1100)	3.00	(64)16	76.00	0	

(11)(355)	2.00	(198)1	(128)1	29.00	128	

(12)(345)	2.00	(198)1	(128)1	19.00	128	

(13)(365)	2.00	(198)1	(128)1	39.00	128	
max retalho: 2

(0)(170)	2.00	(65)1	(41)2	23.00	0	

(1)(1000)	1.00	(65)6	(57)7	(200)1	11.00	0	

(5)(170)	2.00	(64)1	(65)1	41.00	0	
max retalho: 2

(0)(1100)	1.00	(65)1	(57)6	(41)1	(128)1	(500)1	24.00	628	

(4)(1100)	1.00	(64)1	(215)1	0	821	
Sobra Total: 2217.00
Perda Total: 3214.00

Total Barras Cortadas:
Barra (1000) : 8
Barra (1100) : 91
Barra (365) : 2
Barra (180) : 7
Barra (355) : 2
Barra (170) : 4
Barra (345) : 2

Retalhos Gerados:
Retalho (128) : 2
Retalho (128) : 2
Retalho (128) : 2
Retalho (128) : 1
Retalho (500) : 1
Retalho (821) : 1

10 Soluções

Saida Arquivo/Entrada/Class8/D8d13.txt

Minimizar a Perda Total
max retalho: 5

(0)(1000)	28.00	(215)1	(191)4	21.00	0	

(1)(1100)	17.00	(215)1	(206)4	(57)1	4.00	0	

(2)(1000)	13.00	(65)1	(206)2	(200)2	(41)3	0.00	0	

(3)(1100)	10.00	(64)1	(215)2	(206)1	(57)7	1.00	0	

(4)(1100)	8.00	(206)1	(57)1	(198)2	(200)2	(41)1	0.00	0	

(5)(1100)	8.00	(64)3	(215)4	48.00	0	

(6)(170)	7.00	(64)1	(65)1	(41)1	0.00	0	

(7)(1000)	6.00	(65)14	(41)2	8.00	0	

(9)(1100)	4.00	(49)5	(200)1	(41)2	(191)3	0.00	0	

(10)(1100)	3.00	(64)17	12.00	0	

(11)(355)	2.00	(65)1	(41)7	3.00	0	
max retalho: 5

(0)(180)	4.00	(65)2	50.00	0	

(1)(1100)	1.00	(215)2	(206)3	52.00	0	

(3)(1100)	1.00	(206)1	(57)1	(200)2	(41)6	(191)1	0.00	0	

(7)(345)	2.00	(215)1	(128)1	2.00	128	
max retalho: 4

(0)(365)	1.00	(65)1	(57)1	(198)1	45.00	0	

(1)(365)	1.00	(57)2	(191)1	60.00	0	
max retalho: 4

(0)(1000)	1.00	(65)1	(191)1	0	744	
Sobra Total: 1000.00
Perda Total: 1501.00

Total Barras Cortadas:
Barra (1000) : 48
Barra (1100) : 52
Barra (365) : 2
Barra (180) : 4
Barra (355) : 2
Barra (170) : 7
Barra (345) : 2

Retalhos Gerados:
Retalho (128) : 2
Retalho (744) : 1
