
4 Soluções

Saida Arquivo/Entrada/Class8/D8d14.txt

Minimizar a Perda Total
max retalho: 5

(0)(1000)	24.00	(137)1	(129)5	(113)1	(105)1	0.00	0	

(1)(1100)	17.00	(129)1	(113)7	(90)2	0.00	0	

(2)(1000)	14.00	(130)3	(113)3	(107)1	(82)2	0.00	0	

(3)(1100)	9.00	(90)12	20.00	0	

(4)(1100)	8.00	(82)13	34.00	0	

(5)(1100)	8.00	(107)10	30.00	0	

(6)(217)	5.00	(105)1	(98)1	14.00	0	

(7)(1000)	4.00	(129)6	(113)2	0.00	0	

(8)(1100)	4.00	(122)9	2.00	0	

(9)(219)	4.00	(107)2	5.00	0	

(10)(413)	8.00	(105)2	(107)1	(90)1	6.00	0	

(11)(208)	4.00	(105)1	(90)1	13.00	0	

(12)(1000)	4.00	(107)1	(98)9	11.00	0	
max retalho: 5

(0)(1100)	1.00	(129)2	(122)1	(105)1	(107)1	(90)2	(82)4	0.00	0	

(1)(402)	1.00	(105)2	(90)2	12.00	0	

(4)(402)	1.00	(129)1	(82)3	27.00	0	
max retalho: 5

(0)(1000)	1.00	(129)1	(90)1	0	781	
Sobra Total: 781.00
Perda Total: 973.00

Total Barras Cortadas:
Barra (1000) : 47
Barra (1100) : 47
Barra (217) : 5
Barra (413) : 8
Barra (219) : 4
Barra (402) : 2
Barra (208) : 4

Retalhos Gerados:
Retalho (781) : 1

7 Soluções

Saida Arquivo/Entrada/Class8/D8d14.txt

Minimizar a Perda Total
max retalho: 5

(0)(1100)	27.00	(129)1	(113)7	(90)2	0.00	0	

(1)(1100)	23.00	(137)1	(129)6	(130)1	59.00	0	

(2)(1100)	17.00	(122)1	(107)6	(90)1	(82)3	0.00	0	

(3)(402)	9.00	(122)1	(90)3	10.00	0	

(4)(1000)	6.00	(105)7	(90)2	(82)1	3.00	0	

(5)(1100)	6.00	(107)1	(90)1	(82)11	1.00	0	

(6)(208)	4.00	(105)1	(98)1	5.00	0	

(7)(1100)	3.00	(98)10	(90)1	30.00	0	

(8)(1000)	3.00	(130)6	(113)1	(107)1	0.00	0	

(9)(219)	2.00	(90)2	39.00	0	

(10)(217)	5.00	(90)2	37.00	0	

(11)(1000)	2.00	(107)1	(90)9	(82)1	1.00	0	

(12)(1100)	1.00	(122)7	(82)3	0.00	0	

(13)(219)	1.00	(137)1	(82)1	0.00	0	
max retalho: 5

(0)(413)	2.00	(82)5	3.00	0	

(1)(1100)	1.00	(122)2	(98)5	(90)4	6.00	0	

(4)(413)	1.00	(113)1	(105)2	(90)1	0.00	0	

(8)(219)	1.00	(105)2	9.00	0	
max retalho: 5

(0)(413)	1.00	(130)1	(122)1	(105)1	56.00	0	

(3)(413)	1.00	(98)2	(90)1	(111)1	16.00	111	

(4)(413)	1.00	(107)2	199.00	0	
max retalho: 4

(0)(413)	1.00	(122)1	(105)1	(90)2	6.00	0	
Sobra Total: 111.00
Perda Total: 2144.00

Total Barras Cortadas:
Barra (1000) : 11
Barra (1100) : 78
Barra (217) : 5
Barra (413) : 7
Barra (219) : 4
Barra (402) : 9
Barra (208) : 4

Retalhos Gerados:
Retalho (111) : 1

10 Soluções

Saida Arquivo/Entrada/Class8/D8d14.txt

Minimizar a Perda Total
max retalho: 5

(0)(1000)	24.00	(137)1	(129)5	(113)1	(105)1	0.00	0	

(1)(1100)	21.00	(129)1	(113)7	(90)2	0.00	0	

(2)(1100)	18.00	(122)1	(107)6	(90)1	(82)3	0.00	0	

(3)(402)	9.00	(122)1	(90)3	10.00	0	

(4)(1100)	7.00	(90)4	(82)9	2.00	0	

(5)(1000)	7.00	(130)6	(113)1	(107)1	0.00	0	

(6)(413)	6.00	(105)3	(98)1	0.00	0	

(7)(1000)	5.00	(122)1	(90)7	(82)3	2.00	0	

(8)(208)	4.00	(122)1	86.00	0	

(9)(219)	4.00	(129)1	(90)1	0.00	0	

(10)(217)	5.00	(113)1	(98)1	6.00	0	

(11)(1100)	3.00	(105)3	(98)8	1.00	0	

(12)(1000)	3.00	(129)6	(113)2	0.00	0	
max retalho: 5

(0)(413)	1.00	(113)2	(90)1	(82)1	15.00	0	

(1)(1100)	1.00	(129)1	(122)1	(105)1	(98)4	(90)3	(82)1	0.00	0	

(3)(413)	1.00	(82)5	3.00	0	
max retalho: 5

(0)(1100)	1.00	(129)1	(98)2	(90)1	(111)5	130.00	555	

(1)(1100)	1.00	(113)2	0	874	
Sobra Total: 1429.00
Perda Total: 639.00

Total Barras Cortadas:
Barra (1000) : 39
Barra (1100) : 52
Barra (217) : 5
Barra (413) : 8
Barra (219) : 4
Barra (402) : 9
Barra (208) : 4

Retalhos Gerados:
Retalho (111) : 5
Retalho (874) : 1
