
4 Soluções

Saida Arquivo/Entrada/Class8/D8d20.txt

Minimizar a Perda Total
max retalho: 5

(0)(1000)	16.00	(122)1	(99)7	(91)2	3.00	0	

(1)(1100)	13.00	(122)9	2.00	0	

(2)(1000)	13.00	(130)6	(114)1	(106)1	0.00	0	

(3)(1100)	11.00	(137)8	4.00	0	

(4)(1000)	10.00	(122)3	(107)5	(99)1	0.00	0	

(5)(403)	9.00	(137)2	(91)1	38.00	0	

(6)(1000)	5.00	(129)1	(130)6	(91)1	0.00	0	

(7)(1000)	6.00	(106)6	(91)4	0.00	0	

(8)(220)	4.00	(122)1	(91)1	7.00	0	

(9)(209)	4.00	(114)1	(91)1	4.00	0	

(10)(218)	5.00	(122)1	(91)1	5.00	0	

(11)(1100)	1.00	(122)2	(106)3	(107)1	(99)1	(83)4	0.00	0	
max retalho: 5

(0)(414)	2.00	(137)3	3.00	0	

(1)(414)	1.00	(114)2	(91)2	4.00	0	

(2)(1000)	1.00	(122)5	(91)4	26.00	0	

(3)(1000)	1.00	(137)1	(129)1	(130)4	(107)2	0.00	0	
max retalho: 5

(0)(414)	1.00	(122)1	(114)1	(107)1	71.00	0	
max retalho: 5

(0)(1000)	1.00	(130)1	(91)1	0	779	
Sobra Total: 779.00
Perda Total: 636.00

Total Barras Cortadas:
Barra (1000) : 53
Barra (1100) : 25
Barra (218) : 5
Barra (414) : 4
Barra (220) : 4
Barra (403) : 9
Barra (209) : 4

Retalhos Gerados:
Retalho (779) : 1

7 Soluções

Saida Arquivo/Entrada/Class8/D8d20.txt

Minimizar a Perda Total
max retalho: 5

(0)(1100)	19.00	(122)9	2.00	0	

(1)(1100)	13.00	(130)7	(99)1	(91)1	0.00	0	

(2)(1100)	12.00	(137)8	4.00	0	

(3)(1100)	9.00	(99)11	11.00	0	

(4)(414)	8.00	(107)3	(91)1	2.00	0	

(5)(1100)	7.00	(130)1	(114)2	(106)7	0.00	0	

(6)(403)	5.00	(137)2	(129)1	0.00	0	

(7)(1100)	5.00	(91)12	8.00	0	

(8)(209)	4.00	(107)1	(99)1	3.00	0	

(9)(403)	3.00	(114)1	(107)1	(99)1	(83)1	0.00	0	

(10)(218)	5.00	(107)2	4.00	0	

(11)(220)	3.00	(107)2	6.00	0	

(12)(1100)	2.00	(130)5	(122)1	(114)1	(107)2	0.00	0	

(14)(220)	1.00	(129)1	(91)1	0.00	0	
max retalho: 5

(0)(1100)	1.00	(137)6	(91)3	5.00	0	

(1)(1000)	1.00	(130)3	(107)2	(99)4	0.00	0	

(2)(1100)	1.00	(130)1	(114)1	(106)3	(91)5	(83)1	0.00	0	

(9)(414)	1.00	(122)3	48.00	0	
max retalho: 5

(0)(1000)	1.00	(137)1	(130)1	(122)4	(107)1	0	138	
Sobra Total: 138.00
Perda Total: 344.00

Total Barras Cortadas:
Barra (1000) : 2
Barra (1100) : 69
Barra (218) : 5
Barra (414) : 9
Barra (220) : 4
Barra (403) : 8
Barra (209) : 4

Retalhos Gerados:
Retalho (138) : 1

10 Soluções

Saida Arquivo/Entrada/Class8/D8d20.txt

Minimizar a Perda Total
max retalho: 5

(0)(1000)	22.00	(137)1	(130)5	(106)1	(107)1	0.00	0	

(1)(1100)	17.00	(137)3	(99)6	(91)1	4.00	0	

(2)(1100)	15.00	(137)2	(122)6	(91)1	3.00	0	

(3)(1100)	9.00	(122)9	2.00	0	

(4)(403)	9.00	(106)2	(99)1	(91)1	1.00	0	

(5)(414)	7.00	(107)3	(91)1	2.00	0	

(6)(220)	4.00	(91)2	38.00	0	

(7)(209)	3.00	(91)2	27.00	0	

(8)(1000)	2.00	(114)7	(99)2	4.00	0	

(9)(1100)	1.00	(99)1	(91)11	0.00	0	

(10)(218)	5.00	(107)2	4.00	0	

(11)(414)	2.00	(137)3	3.00	0	

(12)(1100)	1.00	(122)2	(106)8	8.00	0	

(13)(1100)	1.00	(137)1	(129)3	(130)1	(114)1	(83)4	0.00	0	
max retalho: 5

(0)(1100)	1.00	(91)12	8.00	0	

(1)(1100)	1.00	(137)1	(129)1	(114)2	(106)4	(91)2	0.00	0	

(2)(1000)	1.00	(137)2	(129)2	(130)2	(107)1	(99)1	2.00	0	

(3)(209)	1.00	(114)1	(91)1	4.00	0	

(4)(1100)	1.00	(122)7	246.00	0	
max retalho: 5

(0)(1000)	1.00	(99)6	406.00	0	

(1)(1100)	1.00	(91)2	(111)5	(292)1	71.00	847	

(2)(1000)	1.00	(114)2	0	772	
Sobra Total: 1619.00
Perda Total: 1166.00

Total Barras Cortadas:
Barra (1000) : 27
Barra (1100) : 48
Barra (218) : 5
Barra (414) : 9
Barra (220) : 4
Barra (403) : 9
Barra (209) : 4

Retalhos Gerados:
Retalho (111) : 5
Retalho (292) : 1
Retalho (772) : 1
