
4 Soluções

Saida Arquivo/Entrada/Class8/D8d2.txt

Minimizar a Perda Total
max retalho: 5

(0)(1100)	15.00	(135)7	(120)1	35.00	0	

(1)(1000)	14.00	(120)1	(113)7	(89)1	0.00	0	

(2)(1000)	14.00	(137)1	(120)2	(89)7	0.00	0	

(3)(1100)	12.00	(135)1	(120)4	(97)5	0.00	0	

(4)(1100)	9.00	(135)1	(128)1	(120)1	(239)3	0.00	0	

(5)(229)	8.00	(128)1	(97)1	4.00	0	

(6)(1000)	6.00	(137)6	(120)1	58.00	0	

(7)(425)	5.00	(128)3	41.00	0	

(8)(239)	5.00	(128)1	(97)1	14.00	0	

(9)(416)	4.00	(128)3	32.00	0	

(10)(1000)	2.00	(97)10	30.00	0	

(11)(414)	4.00	(128)3	30.00	0	

(12)(1100)	2.00	(137)1	(128)3	(120)2	(113)3	0.00	0	

(13)(1100)	1.00	(128)1	(112)5	(105)3	(97)1	0.00	0	
max retalho: 5

(0)(1100)	1.00	(113)2	(105)2	(97)1	(89)1	(239)2	0.00	0	

(1)(1100)	1.00	(137)2	(128)2	(120)3	(105)2	0.00	0	

(2)(1100)	1.00	(135)4	560.00	0	
max retalho: 5

(0)(229)	1.00	(128)1	(97)1	4.00	0	

(3)(425)	1.00	(137)3	14.00	0	
max retalho: 5

(0)(1000)	1.00	(128)2	(239)1	0	505	
Sobra Total: 505.00
Perda Total: 2066.00

Total Barras Cortadas:
Barra (1000) : 37
Barra (1100) : 42
Barra (425) : 6
Barra (239) : 5
Barra (414) : 4
Barra (229) : 9
Barra (416) : 4

Retalhos Gerados:
Retalho (505) : 1

7 Soluções

Saida Arquivo/Entrada/Class8/D8d2.txt

Minimizar a Perda Total
max retalho: 5

(0)(1000)	18.00	(135)6	(128)1	62.00	0	

(1)(1000)	15.00	(120)1	(113)7	(89)1	0.00	0	

(2)(1100)	10.00	(135)1	(128)1	(120)1	(239)3	0.00	0	

(3)(1000)	8.00	(135)1	(89)9	64.00	0	

(4)(1100)	7.00	(128)1	(97)10	2.00	0	

(5)(425)	5.00	(128)1	(97)3	6.00	0	

(6)(239)	4.00	(128)1	(105)1	6.00	0	

(7)(416)	4.00	(128)3	32.00	0	

(8)(414)	4.00	(128)3	30.00	0	

(9)(1100)	1.00	(128)1	(120)8	12.00	0	

(10)(1100)	18.00	(137)3	(120)5	(89)1	0.00	0	

(11)(1100)	1.00	(137)1	(120)1	(112)5	(97)2	(89)1	0.00	0	

(12)(229)	1.00	(128)1	(97)1	4.00	0	
max retalho: 5

(0)(229)	3.00	(120)1	(97)1	12.00	0	

(1)(229)	2.00	(128)1	(89)1	12.00	0	

(2)(239)	1.00	(135)1	(97)1	7.00	0	

(3)(425)	1.00	(128)1	(113)1	(89)2	6.00	0	

(5)(229)	1.00	(135)1	(89)1	5.00	0	

(8)(229)	1.00	(137)1	(89)1	3.00	0	

(9)(229)	1.00	(135)1	94.00	0	
max retalho: 5

(0)(1100)	1.00	(135)1	(137)1	(105)3	(97)4	(89)1	36.00	0	
Sobra Total: 0.00
Perda Total: 2171.00

Total Barras Cortadas:
Barra (1000) : 41
Barra (1100) : 38
Barra (425) : 6
Barra (239) : 5
Barra (414) : 4
Barra (229) : 9
Barra (416) : 4

Retalhos Gerados:

10 Soluções

Saida Arquivo/Entrada/Class8/D8d2.txt

Minimizar a Perda Total
max retalho: 5

(0)(1000)	19.00	(135)6	(89)2	12.00	0	

(1)(1100)	16.00	(120)6	(97)3	(89)1	0.00	0	

(2)(1000)	14.00	(120)1	(113)7	(89)1	0.00	0	

(3)(1000)	9.00	(128)7	104.00	0	

(4)(229)	8.00	(89)1	(127)1	13.00	127	

(5)(1000)	8.00	(137)3	(120)1	(97)3	(89)2	0.00	0	

(6)(239)	4.00	(239)1	0.00	0	

(7)(1100)	4.00	(135)1	(128)1	(120)1	(239)3	0.00	0	

(8)(1100)	4.00	(97)3	(89)1	(239)3	3.00	0	

(9)(414)	4.00	(137)3	3.00	0	

(10)(416)	4.00	(135)1	(89)3	14.00	0	

(11)(425)	6.00	(137)3	14.00	0	

(12)(1000)	1.00	(137)1	(112)1	(113)2	(105)5	0.00	0	

(13)(1000)	1.00	(97)9	(127)1	0.00	127	

(15)(239)	1.00	(112)1	(127)1	0.00	127	
max retalho: 2

(0)(1000)	2.00	(135)4	(120)1	(113)3	1.00	0	

(1)(229)	1.00	(120)1	(97)1	12.00	0	

(6)(1100)	1.00	(137)1	(112)3	(105)1	(97)2	(89)1	(239)1	0.00	0	
max retalho: 2

(0)(1100)	1.00	(105)1	995.00	0	

(1)(1000)	1.00	(128)5	(120)1	(239)1	1.00	0	
max retalho: 2

(0)(1000)	1.00	(137)1	(128)1	(120)1	(89)4	0	259	
Sobra Total: 1529.00
Perda Total: 2442.00

Total Barras Cortadas:
Barra (1000) : 56
Barra (1100) : 26
Barra (425) : 6
Barra (239) : 5
Barra (414) : 4
Barra (229) : 9
Barra (416) : 4

Retalhos Gerados:
Retalho (127) : 8
Retalho (127) : 1
Retalho (127) : 1
Retalho (259) : 1
