
4 Soluções

Saida Arquivo/Entrada/Class8/D8d3.txt

Minimizar a Perda Total
max retalho: 5

(0)(1100)	33.00	(67)1	(59)1	(201)4	(42)3	(44)1	0.00	0	

(1)(1000)	26.00	(216)4	(67)2	2.00	0	

(2)(1100)	19.00	(67)2	(193)5	1.00	0	

(3)(1100)	13.00	(209)5	55.00	0	

(4)(1100)	3.00	(59)8	(209)3	1.00	0	

(5)(359)	2.00	(208)1	151.00	0	

(6)(357)	2.00	(208)1	(44)1	105.00	0	

(7)(1100)	1.00	(209)5	(44)1	11.00	0	

(8)(1000)	1.00	(208)4	(42)4	0.00	0	

(9)(1100)	1.00	(67)1	(208)2	(209)1	(51)8	0.00	0	

(10)(173)	7.00	(67)1	(59)1	(44)1	3.00	0	
max retalho: 5

(0)(1100)	1.00	(67)2	(208)1	(59)4	(201)1	(42)2	(193)1	(44)1	0.00	0	

(4)(1000)	1.00	(67)3	(209)2	(42)9	3.00	0	
max retalho: 5

(0)(1100)	1.00	(67)3	(201)1	(42)6	(193)2	60.00	0	
Sobra Total: 0.00
Perda Total: 1396.00

Total Barras Cortadas:
Barra (1000) : 28
Barra (1100) : 72
Barra (183) : 0
Barra (357) : 2
Barra (173) : 7
Barra (359) : 2
Barra (163) : 0

Retalhos Gerados:

7 Soluções

Saida Arquivo/Entrada/Class8/D8d3.txt

Minimizar a Perda Total
max retalho: 5

(0)(1100)	24.00	(216)3	(67)3	(209)1	(42)1	0.00	0	

(1)(1100)	23.00	(201)5	95.00	0	

(2)(1100)	19.00	(67)2	(193)5	1.00	0	

(3)(1100)	10.00	(216)3	(209)1	(201)1	(42)1	0.00	0	

(4)(1100)	9.00	(209)5	55.00	0	

(5)(183)	7.00	(59)3	6.00	0	

(6)(173)	7.00	(42)2	(44)2	1.00	0	

(7)(163)	7.00	(59)2	(44)1	1.00	0	

(8)(1100)	3.00	(67)2	(59)6	(201)2	(42)5	0.00	0	

(9)(1100)	2.00	(67)4	(208)4	0.00	0	

(10)(357)	2.00	(67)1	(201)1	(42)1	(44)1	3.00	0	

(11)(1100)	2.00	(67)2	(42)23	0.00	0	

(12)(359)	2.00	(59)6	5.00	0	

(13)(1000)	1.00	(67)1	(51)8	(42)2	(44)10	1.00	0	
max retalho: 5

(0)(1100)	1.00	(209)3	473.00	0	

(1)(1100)	1.00	(193)3	521.00	0	

(2)(1100)	1.00	(67)7	(59)3	454.00	0	

(3)(1000)	1.00	(216)2	(42)2	(44)11	0.00	0	
max retalho: 5

(0)(1000)	1.00	(67)1	(208)3	(42)1	(129)2	9.00	258	
max retalho: 4

(0)(1100)	1.00	(201)1	(42)4	0	731	
Sobra Total: 989.00
Perda Total: 4229.00

Total Barras Cortadas:
Barra (1000) : 3
Barra (1100) : 96
Barra (183) : 7
Barra (357) : 2
Barra (173) : 7
Barra (359) : 2
Barra (163) : 7

Retalhos Gerados:
Retalho (129) : 2
Retalho (731) : 1

10 Soluções

Saida Arquivo/Entrada/Class8/D8d3.txt

Minimizar a Perda Total
max retalho: 5

(0)(1100)	44.00	(216)1	(67)1	(209)1	(201)3	5.00	0	

(1)(1100)	19.00	(67)2	(193)5	1.00	0	

(2)(1000)	15.00	(216)4	(67)2	2.00	0	

(3)(183)	7.00	(42)4	15.00	0	

(4)(163)	7.00	(67)2	29.00	0	

(5)(1100)	7.00	(59)8	(209)3	1.00	0	

(6)(1100)	3.00	(209)5	(51)1	4.00	0	

(7)(1100)	3.00	(59)2	(51)1	(42)22	7.00	0	

(8)(1100)	2.00	(67)4	(208)4	0.00	0	

(9)(357)	2.00	(67)1	(201)1	(42)1	(44)1	3.00	0	

(10)(359)	2.00	(42)8	23.00	0	

(11)(1100)	1.00	(42)1	(44)24	2.00	0	
max retalho: 5

(0)(173)	1.00	(42)2	89.00	0	

(1)(1100)	1.00	(67)3	(208)1	(59)6	(51)2	(42)1	(193)1	0.00	0	

(8)(173)	6.00	(44)2	85.00	0	
max retalho: 5

(0)(1000)	1.00	(208)2	(42)3	(193)1	(44)6	1.00	0	
max retalho: 5

(0)(1100)	1.00	(42)1	(129)5	(314)1	99.00	959	

(1)(1000)	1.00	(209)2	582.00	0	

(2)(1100)	1.00	(193)1	0	907	
Sobra Total: 1866.00
Perda Total: 1952.00

Total Barras Cortadas:
Barra (1000) : 17
Barra (1100) : 82
Barra (183) : 7
Barra (357) : 2
Barra (173) : 7
Barra (359) : 2
Barra (163) : 7

Retalhos Gerados:
Retalho (129) : 5
Retalho (314) : 1
Retalho (907) : 1
