
4 Soluções

Saida Arquivo/Entrada/Class8/D8d5.txt

Minimizar a Perda Total
max retalho: 5

(0)(1100)	20.00	(70)1	(45)2	(188)5	0.00	0	

(1)(1100)	16.00	(211)5	45.00	0	

(2)(1100)	15.00	(203)5	85.00	0	

(3)(1100)	14.00	(204)5	80.00	0	

(4)(1100)	10.00	(203)2	(53)1	(204)1	(45)1	(196)2	0.00	0	

(5)(175)	7.00	(62)2	(47)1	4.00	0	

(6)(165)	4.00	(70)1	(47)2	1.00	0	

(7)(1100)	4.00	(45)24	20.00	0	

(8)(1100)	3.00	(53)20	40.00	0	

(9)(165)	3.00	(62)1	(53)1	(45)1	5.00	0	

(10)(360)	2.00	(62)1	(204)1	(47)2	0.00	0	

(11)(350)	2.00	(203)1	(53)1	(47)2	0.00	0	

(12)(352)	2.00	(211)1	(47)3	0.00	0	

(13)(1100)	1.00	(62)2	(53)1	(45)1	(196)4	(47)2	0.00	0	

(14)(1100)	1.00	(62)17	46.00	0	
max retalho: 5

(0)(1100)	1.00	(211)1	(62)4	(53)1	(196)3	0.00	0	
max retalho: 5

(0)(1100)	1.00	(211)1	(53)12	(196)1	(47)1	10.00	0	
Sobra Total: 0.00
Perda Total: 3418.00

Total Barras Cortadas:
Barra (1000) : 0
Barra (1100) : 86
Barra (360) : 2
Barra (175) : 7
Barra (350) : 2
Barra (165) : 7
Barra (352) : 2

Retalhos Gerados:

7 Soluções

Saida Arquivo/Entrada/Class8/D8d5.txt

Minimizar a Perda Total
max retalho: 5

(0)(1000)	20.00	(203)4	(53)1	(45)3	0.00	0	

(1)(1100)	19.00	(70)1	(45)2	(188)5	0.00	0	

(2)(1100)	16.00	(211)5	45.00	0	

(3)(1100)	13.00	(204)5	80.00	0	

(4)(1100)	7.00	(203)2	(53)2	(204)2	(45)4	0.00	0	

(5)(165)	7.00	(53)2	(45)1	14.00	0	

(6)(175)	7.00	(53)3	16.00	0	

(7)(1100)	5.00	(53)1	(45)1	(196)5	22.00	0	

(8)(1100)	3.00	(62)13	(204)1	(45)2	0.00	0	

(9)(1000)	1.00	(53)1	(47)20	7.00	0	

(10)(360)	2.00	(70)2	(53)4	8.00	0	

(11)(1100)	1.00	(203)1	(53)1	(45)1	(47)1	(188)4	0.00	0	
max retalho: 5

(0)(352)	2.00	(62)1	(196)1	(47)2	0.00	0	

(1)(1100)	1.00	(211)4	256.00	0	

(2)(1100)	1.00	(203)2	694.00	0	

(3)(350)	1.00	(53)4	(45)2	(47)1	1.00	0	
max retalho: 5

(0)(1000)	1.00	(70)1	(62)1	(53)1	(45)3	(196)1	(47)6	(188)1	14.00	0	
Sobra Total: 0.00
Perda Total: 3068.00

Total Barras Cortadas:
Barra (1000) : 22
Barra (1100) : 66
Barra (360) : 2
Barra (175) : 7
Barra (350) : 1
Barra (165) : 7
Barra (352) : 2

Retalhos Gerados:

10 Soluções

Saida Arquivo/Entrada/Class8/D8d5.txt

Minimizar a Perda Total
max retalho: 5

(0)(1100)	17.00	(203)5	85.00	0	

(1)(1100)	16.00	(211)5	45.00	0	

(2)(1100)	16.00	(204)5	80.00	0	

(3)(1000)	14.00	(70)1	(62)1	(53)1	(196)2	(47)1	(188)2	0.00	0	

(4)(1100)	9.00	(70)1	(45)2	(188)5	0.00	0	

(5)(165)	7.00	(62)1	(53)1	(45)1	5.00	0	

(6)(175)	7.00	(62)1	(53)1	(45)1	15.00	0	

(7)(1000)	6.00	(203)1	(53)1	(45)4	(188)3	0.00	0	

(8)(1000)	3.00	(62)3	(203)1	(47)1	(188)3	0.00	0	

(9)(1100)	3.00	(45)24	20.00	0	

(10)(360)	2.00	(53)5	(47)2	1.00	0	

(11)(350)	2.00	(62)1	(53)2	(45)3	(47)1	0.00	0	

(12)(1100)	2.00	(53)20	40.00	0	

(13)(352)	1.00	(70)1	(47)6	0.00	0	
max retalho: 5

(0)(1100)	1.00	(62)3	(203)2	(53)1	(204)2	(47)1	0.00	0	

(1)(1000)	1.00	(211)4	(45)3	21.00	0	

(7)(352)	1.00	(45)7	37.00	0	
max retalho: 5

(0)(1000)	1.00	(203)1	(45)6	(47)2	0	433	
Sobra Total: 433.00
Perda Total: 3785.00

Total Barras Cortadas:
Barra (1000) : 25
Barra (1100) : 64
Barra (360) : 2
Barra (175) : 7
Barra (350) : 2
Barra (165) : 7
Barra (352) : 2

Retalhos Gerados:
Retalho (433) : 1
