
4 Soluções

Saida Arquivo/Entrada/Class8/D8d6.txt

Minimizar a Perda Total
max retalho: 5

(0)(1100)	25.00	(111)1	(103)1	(87)2	(237)3	1.00	0	

(1)(1100)	21.00	(133)8	36.00	0	

(2)(1100)	14.00	(126)8	92.00	0	

(3)(1100)	12.00	(118)9	38.00	0	

(4)(413)	9.00	(126)1	(111)1	(87)2	2.00	0	

(5)(1100)	8.00	(110)10	0.00	0	

(6)(1100)	7.00	(134)8	28.00	0	

(7)(422)	6.00	(111)2	(103)1	(95)1	2.00	0	

(8)(1100)	5.00	(111)9	101.00	0	

(9)(235)	5.00	(118)1	(111)1	6.00	0	

(10)(1000)	2.00	(111)3	(103)1	(87)1	(237)2	3.00	0	

(11)(411)	4.00	(126)1	(95)3	0.00	0	

(12)(411)	4.00	(126)1	(111)1	(87)2	0.00	0	

(13)(225)	4.00	(111)2	3.00	0	

(14)(1100)	3.00	(103)10	70.00	0	

(15)(1100)	1.00	(95)11	55.00	0	
max retalho: 5

(0)(1000)	1.00	(134)1	(110)2	(111)1	(103)2	(87)1	(237)1	5.00	0	

(1)(1100)	1.00	(118)8	156.00	0	

(5)(411)	1.00	(133)3	12.00	0	
max retalho: 5

(3)(1100)	1.00	(133)1	(111)3	(103)4	(95)2	32.00	0	
max retalho: 5

(0)(1000)	1.00	(103)1	(95)6	0	327	
Sobra Total: 327.00
Perda Total: 3774.00

Total Barras Cortadas:
Barra (1000) : 4
Barra (1100) : 98
Barra (422) : 6
Barra (235) : 5
Barra (411) : 9
Barra (225) : 4
Barra (413) : 9

Retalhos Gerados:
Retalho (327) : 1

7 Soluções

Saida Arquivo/Entrada/Class8/D8d6.txt

Minimizar a Perda Total
max retalho: 5

(0)(1100)	26.00	(111)1	(103)1	(87)2	(237)3	1.00	0	

(1)(1100)	21.00	(133)8	36.00	0	

(2)(1100)	13.00	(118)9	38.00	0	

(3)(411)	9.00	(126)1	(95)3	0.00	0	

(4)(413)	9.00	(126)1	(111)1	(87)2	2.00	0	

(5)(1100)	8.00	(110)10	0.00	0	

(6)(1100)	7.00	(134)8	28.00	0	

(7)(1100)	7.00	(126)2	(111)5	(103)2	(87)1	0.00	0	

(8)(235)	4.00	(133)1	(95)1	7.00	0	

(9)(1100)	13.00	(126)7	(111)1	(103)1	4.00	0	

(10)(225)	4.00	(118)1	(103)1	4.00	0	

(11)(1100)	3.00	(111)9	(95)1	6.00	0	

(12)(422)	4.00	(111)1	(103)3	2.00	0	

(13)(422)	2.00	(126)1	(111)1	(95)1	(87)1	3.00	0	
max retalho: 5

(3)(1100)	1.00	(134)1	(126)4	(95)1	367.00	0	

(7)(235)	1.00	(110)2	15.00	0	
max retalho: 5

(2)(1100)	1.00	(111)2	(103)1	(237)2	0	301	
Sobra Total: 301.00
Perda Total: 2000.00

Total Barras Cortadas:
Barra (1000) : 0
Barra (1100) : 100
Barra (422) : 6
Barra (235) : 5
Barra (411) : 9
Barra (225) : 4
Barra (413) : 9

Retalhos Gerados:
Retalho (301) : 1

10 Soluções

Saida Arquivo/Entrada/Class8/D8d6.txt

Minimizar a Perda Total
max retalho: 5

(0)(1100)	26.00	(111)1	(103)1	(87)2	(237)3	1.00	0	

(1)(1100)	21.00	(133)7	(134)1	35.00	0	

(2)(1000)	20.00	(133)1	(126)6	(111)1	0.00	0	

(3)(1000)	17.00	(118)6	(111)2	70.00	0	

(4)(1100)	6.00	(110)3	(103)7	49.00	0	

(5)(422)	6.00	(118)3	68.00	0	

(6)(235)	5.00	(110)2	15.00	0	

(7)(1100)	5.00	(134)7	(110)1	52.00	0	

(8)(225)	4.00	(110)2	5.00	0	

(9)(413)	9.00	(126)1	(111)1	(87)2	2.00	0	

(10)(1100)	3.00	(110)1	(95)10	40.00	0	

(11)(1100)	3.00	(110)10	0.00	0	

(12)(1100)	3.00	(111)9	101.00	0	
max retalho: 5

(0)(411)	3.00	(133)1	(95)2	(87)1	1.00	0	

(1)(411)	2.00	(133)1	(237)1	41.00	0	

(2)(411)	1.00	(111)1	(95)1	(87)2	31.00	0	

(3)(411)	1.00	(110)1	(87)3	40.00	0	

(4)(1000)	1.00	(134)1	(110)6	(103)2	0.00	0	
max retalho: 5

(0)(411)	1.00	(118)1	(125)1	168.00	125	

(1)(411)	1.00	(110)1	(111)1	(87)1	103.00	0	
Sobra Total: 125.00
Perda Total: 3876.00

Total Barras Cortadas:
Barra (1000) : 38
Barra (1100) : 67
Barra (422) : 6
Barra (235) : 5
Barra (411) : 9
Barra (225) : 4
Barra (413) : 9

Retalhos Gerados:
Retalho (125) : 1
