
4 Soluções

Saida Arquivo/Entrada/Class8/D8d7.txt

Minimizar a Perda Total
max retalho: 5

(0)(1100)	35.00	(214)4	(206)1	38.00	0	

(1)(1100)	31.00	(65)1	(207)5	0.00	0	

(2)(1100)	26.00	(65)1	(199)5	(40)1	0.00	0	

(3)(167)	7.00	(41)4	3.00	0	

(4)(1000)	6.00	(206)4	(56)3	8.00	0	

(5)(1100)	5.00	(65)16	(56)1	4.00	0	

(6)(1100)	3.00	(191)5	(41)3	22.00	0	

(7)(1000)	2.00	(206)1	(41)19	15.00	0	

(8)(1000)	2.00	(40)24	40.00	0	

(9)(355)	1.00	(65)3	(40)4	0.00	0	

(10)(1000)	2.00	(56)17	48.00	0	

(11)(354)	2.00	(206)1	(126)1	22.00	126	

(12)(1000)	1.00	(191)5	(41)1	4.00	0	

(13)(1000)	1.00	(48)15	(199)1	(40)1	(41)1	0.00	0	
max retalho: 4

(0)(177)	1.00	(40)3	(41)1	16.00	0	

(1)(1000)	1.00	(214)1	(56)1	(207)1	(40)10	(41)3	0.00	0	

(2)(1000)	1.00	(191)4	(41)4	72.00	0	

(3)(157)	1.00	(41)3	34.00	0	

(5)(355)	1.00	(207)1	(126)1	22.00	126	
max retalho: 3

(0)(177)	1.00	(40)2	97.00	0	

(1)(157)	1.00	(56)1	(41)2	19.00	0	
Sobra Total: 378.00
Perda Total: 1999.00

Total Barras Cortadas:
Barra (1000) : 16
Barra (1100) : 100
Barra (177) : 2
Barra (354) : 2
Barra (167) : 7
Barra (355) : 2
Barra (157) : 2

Retalhos Gerados:
Retalho (126) : 2
Retalho (126) : 1

7 Soluções

Saida Arquivo/Entrada/Class8/D8d7.txt

Minimizar a Perda Total
max retalho: 5

(0)(1100)	31.00	(207)5	65.00	0	

(1)(1100)	28.00	(214)5	30.00	0	

(2)(1100)	18.00	(65)1	(199)5	(40)1	0.00	0	

(3)(1100)	12.00	(206)5	70.00	0	

(4)(177)	7.00	(56)1	(40)2	(41)1	0.00	0	

(5)(167)	7.00	(41)4	3.00	0	

(6)(157)	7.00	(56)2	(41)1	4.00	0	

(7)(1100)	6.00	(65)16	60.00	0	

(8)(1000)	5.00	(65)3	(191)4	(41)1	0.00	0	

(9)(1100)	2.00	(56)19	36.00	0	

(10)(1000)	10.00	(199)4	(40)2	(41)3	1.00	0	

(11)(355)	2.00	(191)1	(41)4	0.00	0	

(12)(354)	2.00	(65)1	(207)1	(41)2	0.00	0	

(13)(1100)	1.00	(40)27	20.00	0	

(14)(1000)	1.00	(48)15	(199)1	(40)1	(41)1	0.00	0	
max retalho: 5

(2)(1100)	1.00	(206)3	482.00	0	

(3)(1100)	1.00	(40)14	540.00	0	
max retalho: 5

(0)(1000)	1.00	(214)1	(65)6	(191)2	14.00	0	
max retalho: 5

(0)(1000)	1.00	(65)3	0	805	
Sobra Total: 805.00
Perda Total: 5242.00

Total Barras Cortadas:
Barra (1000) : 18
Barra (1100) : 100
Barra (177) : 7
Barra (354) : 2
Barra (167) : 7
Barra (355) : 2
Barra (157) : 7

Retalhos Gerados:
Retalho (805) : 1

10 Soluções

Saida Arquivo/Entrada/Class8/D8d7.txt

Minimizar a Perda Total
max retalho: 5

(0)(1100)	31.00	(207)5	(40)1	25.00	0	

(1)(1100)	26.00	(65)1	(199)5	(40)1	0.00	0	

(2)(1000)	25.00	(214)4	(65)1	79.00	0	

(3)(1100)	12.00	(206)5	(40)1	30.00	0	

(4)(1000)	10.00	(214)4	(126)1	18.00	126	

(5)(1100)	5.00	(65)16	(40)1	20.00	0	

(6)(1000)	4.00	(191)5	(41)1	4.00	0	

(7)(1000)	3.00	(56)17	(40)1	8.00	0	

(8)(354)	2.00	(65)4	(40)2	14.00	0	

(9)(1100)	3.00	(40)1	(41)25	35.00	0	

(10)(167)	2.00	(40)4	7.00	0	

(11)(1000)	1.00	(48)15	(199)1	(40)1	(41)1	0.00	0	
max retalho: 4

(0)(157)	4.00	(41)2	75.00	0	

(1)(1100)	1.00	(214)1	(206)1	(56)7	(207)1	(40)1	(41)1	0.00	0	

(3)(1000)	1.00	(207)1	(191)4	29.00	0	
max retalho: 4

(4)(355)	2.00	(206)1	(126)1	23.00	126	
max retalho: 3

(0)(167)	1.00	(65)1	(56)1	(41)1	5.00	0	
Sobra Total: 1512.00
Perda Total: 3957.00

Total Barras Cortadas:
Barra (1000) : 44
Barra (1100) : 78
Barra (177) : 0
Barra (354) : 2
Barra (167) : 3
Barra (355) : 2
Barra (157) : 4

Retalhos Gerados:
Retalho (126) : 10
Retalho (126) : 2
