
4 Soluções

Saida Arquivo/Entrada/Class8/D8d8.txt

Minimizar a Perda Total
max retalho: 5

(0)(1100)	22.00	(129)7	(106)1	(91)1	0.00	0	

(1)(1100)	21.00	(137)1	(121)1	(106)7	(98)1	2.00	0	

(2)(1100)	20.00	(113)8	(98)2	0.00	0	

(3)(1000)	15.00	(136)2	(137)2	(121)3	(91)1	0.00	0	

(4)(1000)	14.00	(137)3	(98)6	1.00	0	

(5)(1100)	10.00	(136)7	(121)1	27.00	0	

(6)(402)	9.00	(137)2	(121)1	7.00	0	

(7)(1000)	7.00	(136)3	(137)1	(91)5	0.00	0	

(8)(230)	4.00	(129)1	(90)1	11.00	0	

(9)(1100)	4.00	(114)9	74.00	0	

(10)(412)	8.00	(114)1	(90)3	28.00	0	

(11)(412)	1.00	(137)3	1.00	0	

(12)(1000)	1.00	(136)4	(137)2	(91)2	0.00	0	
max retalho: 5

(0)(219)	3.00	(136)1	83.00	0	

(1)(209)	2.00	(113)1	(90)1	6.00	0	

(2)(209)	1.00	(106)1	(98)1	5.00	0	

(3)(219)	1.00	(98)2	23.00	0	

(4)(209)	1.00	(137)1	72.00	0	

(5)(1100)	1.00	(129)5	(113)1	(114)3	0.00	0	

(7)(1000)	1.00	(121)1	(113)6	(98)2	5.00	0	

(10)(230)	1.00	(121)1	(106)1	3.00	0	
max retalho: 5

(0)(1100)	1.00	(137)1	(114)5	(106)1	(98)2	(91)1	0.00	0	

(1)(1100)	1.00	(121)1	979.00	0	

(2)(1100)	1.00	(113)1	0	987	
Sobra Total: 987.00
Perda Total: 2302.00

Total Barras Cortadas:
Barra (1000) : 38
Barra (1100) : 81
Barra (230) : 5
Barra (412) : 9
Barra (219) : 4
Barra (402) : 9
Barra (209) : 4

Retalhos Gerados:
Retalho (987) : 1

7 Soluções

Saida Arquivo/Entrada/Class8/D8d8.txt

Minimizar a Perda Total
max retalho: 5

(0)(1100)	23.00	(129)7	(106)1	(91)1	0.00	0	

(1)(1100)	21.00	(137)1	(121)1	(106)7	(98)1	2.00	0	

(2)(1100)	20.00	(113)8	(98)2	0.00	0	

(3)(1100)	16.00	(136)5	(137)3	9.00	0	

(4)(1000)	14.00	(136)2	(137)1	(98)6	3.00	0	

(5)(412)	9.00	(136)1	(91)3	3.00	0	

(6)(1000)	8.00	(136)1	(121)7	17.00	0	

(7)(1000)	7.00	(114)7	(90)2	22.00	0	

(8)(1000)	1.00	(98)1	(90)9	(91)1	1.00	0	

(9)(1100)	5.00	(137)8	4.00	0	

(10)(402)	6.00	(121)1	(91)3	8.00	0	

(11)(219)	3.00	(91)2	37.00	0	
max retalho: 5

(0)(209)	4.00	(98)1	(90)1	21.00	0	

(1)(230)	2.00	(136)1	(90)1	4.00	0	

(2)(230)	2.00	(113)2	4.00	0	

(3)(219)	1.00	(129)1	(90)1	0.00	0	

(4)(1100)	1.00	(136)1	(137)2	(129)1	(121)1	(114)2	(106)2	0.00	0	
max retalho: 5

(0)(230)	1.00	(113)1	(114)1	3.00	0	

(1)(1100)	1.00	(121)4	(98)2	(113)1	(292)1	15.00	405	
max retalho: 4

(0)(1100)	1.00	(113)8	(113)1	83.00	113	
max retalho: 3

(0)(1000)	1.00	(113)1	0	887	
Sobra Total: 1405.00
Perda Total: 926.00

Total Barras Cortadas:
Barra (1000) : 31
Barra (1100) : 88
Barra (230) : 5
Barra (412) : 9
Barra (219) : 4
Barra (402) : 6
Barra (209) : 4

Retalhos Gerados:
Retalho (113) : 1
Retalho (292) : 1
Retalho (113) : 1
Retalho (887) : 1

10 Soluções

Saida Arquivo/Entrada/Class8/D8d8.txt

Minimizar a Perda Total
max retalho: 5

(0)(1100)	23.00	(129)7	(106)1	(91)1	0.00	0	

(1)(1100)	20.00	(113)8	(98)2	0.00	0	

(2)(1100)	20.00	(137)1	(121)1	(106)7	(98)1	2.00	0	

(3)(1100)	14.00	(136)7	(137)1	11.00	0	

(4)(1100)	7.00	(136)1	(137)7	5.00	0	

(5)(1000)	7.00	(114)7	(106)1	(91)1	5.00	0	

(6)(1100)	7.00	(121)9	11.00	0	

(7)(1000)	6.00	(136)1	(137)1	(90)1	(91)7	0.00	0	

(8)(1000)	15.00	(136)1	(137)2	(98)6	2.00	0	

(9)(402)	5.00	(121)1	(90)3	11.00	0	

(10)(209)	4.00	(90)2	29.00	0	
max retalho: 5

(0)(230)	3.00	(113)2	4.00	0	

(1)(412)	2.00	(136)1	(137)2	2.00	0	

(2)(1100)	1.00	(137)1	(129)1	(114)3	(106)2	(98)1	(91)2	0.00	0	

(5)(219)	1.00	(129)1	(90)1	0.00	0	
max retalho: 5

(0)(402)	1.00	(137)1	(98)1	(91)1	76.00	0	
max retalho: 5

(0)(1100)	1.00	(113)9	83.00	0	
max retalho: 5

(0)(1000)	1.00	(113)1	0	887	
Sobra Total: 887.00
Perda Total: 717.00

Total Barras Cortadas:
Barra (1000) : 29
Barra (1100) : 93
Barra (230) : 3
Barra (412) : 2
Barra (219) : 1
Barra (402) : 6
Barra (209) : 4

Retalhos Gerados:
Retalho (887) : 1
