
4 Soluções

Saida Arquivo/Entrada/Class8/D8d9.txt

Minimizar a Perda Total
max retalho: 5

(0)(1000)	27.00	(67)2	(209)1	(51)1	(202)3	0.00	0	

(1)(1000)	20.00	(201)1	(43)3	(194)3	(44)2	0.00	0	

(2)(1100)	16.00	(59)4	(194)4	(44)2	0.00	0	

(3)(1000)	13.00	(209)3	(51)3	(44)5	0.00	0	

(4)(1100)	9.00	(201)4	(51)1	(202)1	(43)1	0.00	0	

(5)(1100)	7.00	(209)2	(51)10	(43)4	0.00	0	

(6)(1000)	2.00	(209)1	(51)2	(43)15	(44)1	0.00	0	

(7)(1000)	29.00	(59)1	(201)1	(185)4	0.00	0	

(8)(170)	3.00	(67)1	(51)2	1.00	0	

(9)(347)	2.00	(43)6	(44)2	1.00	0	

(10)(357)	1.00	(51)7	0.00	0	
max retalho: 5

(0)(1100)	1.00	(67)3	(209)1	(59)2	(51)3	(202)1	(43)3	(44)2	0.00	0	

(1)(1100)	1.00	(201)3	497.00	0	

(2)(357)	1.00	(43)4	(185)1	0.00	0	

(4)(1100)	1.00	(194)2	712.00	0	
max retalho: 5

(0)(348)	1.00	(209)1	139.00	0	

(1)(160)	1.00	(43)1	(44)2	29.00	0	

(2)(348)	1.00	(185)1	0	163	
Sobra Total: 163.00
Perda Total: 1382.00

Total Barras Cortadas:
Barra (1000) : 91
Barra (1100) : 35
Barra (357) : 2
Barra (170) : 3
Barra (347) : 2
Barra (160) : 1
Barra (348) : 2

Retalhos Gerados:
Retalho (163) : 1

7 Soluções

Saida Arquivo/Entrada/Class8/D8d9.txt

Minimizar a Perda Total
max retalho: 5

(0)(1000)	29.00	(59)1	(201)1	(185)4	0.00	0	

(1)(1000)	28.00	(67)2	(209)2	(202)2	(44)1	0.00	0	

(2)(1000)	17.00	(201)2	(202)2	(194)1	0.00	0	

(3)(1100)	16.00	(59)4	(194)4	(44)2	0.00	0	

(4)(1000)	14.00	(209)2	(194)3	0.00	0	

(5)(170)	7.00	(51)2	(43)1	25.00	0	

(6)(160)	7.00	(51)2	(43)1	15.00	0	

(7)(1000)	6.00	(51)11	(43)1	(44)9	0.00	0	

(8)(1100)	5.00	(51)3	(43)21	(44)1	0.00	0	

(9)(1000)	4.00	(67)1	(201)4	(43)3	0.00	0	

(10)(347)	2.00	(201)1	(51)2	(44)1	0.00	0	

(11)(357)	2.00	(51)7	0.00	0	

(12)(1100)	1.00	(51)7	(43)5	(44)12	0.00	0	

(13)(1100)	1.00	(51)19	(43)1	(44)2	0.00	0	

(14)(1000)	1.00	(201)4	(51)3	(43)1	0.00	0	
max retalho: 5

(0)(348)	1.00	(59)2	(44)1	(185)1	1.00	0	

(1)(1100)	1.00	(201)2	(51)8	(202)1	(44)2	0.00	0	
max retalho: 5

(0)(348)	1.00	(51)1	(43)3	(44)2	80.00	0	

(1)(1100)	1.00	(201)1	(194)3	(44)3	(185)1	0.00	0	
max retalho: 5

(0)(1000)	1.00	(44)4	0	824	
Sobra Total: 824.00
Perda Total: 361.00

Total Barras Cortadas:
Barra (1000) : 100
Barra (1100) : 25
Barra (357) : 2
Barra (170) : 7
Barra (347) : 2
Barra (160) : 7
Barra (348) : 2

Retalhos Gerados:
Retalho (824) : 1

10 Soluções

Saida Arquivo/Entrada/Class8/D8d9.txt

Minimizar a Perda Total
max retalho: 5

(0)(1000)	22.00	(202)4	(185)1	7.00	0	

(1)(1000)	21.00	(201)4	(185)1	11.00	0	

(2)(1100)	21.00	(209)4	(194)1	(44)1	26.00	0	

(3)(1000)	20.00	(194)5	30.00	0	

(4)(1100)	15.00	(59)6	(185)4	6.00	0	

(5)(1100)	9.00	(67)2	(51)18	(44)1	4.00	0	

(6)(160)	6.00	(67)2	26.00	0	

(7)(1100)	6.00	(67)1	(43)24	1.00	0	

(9)(1100)	5.00	(67)2	(44)21	42.00	0	

(10)(347)	2.00	(67)5	12.00	0	

(11)(1100)	2.00	(185)5	175.00	0	
max retalho: 5

(0)(170)	2.00	(59)2	(44)1	8.00	0	

(1)(170)	2.00	(44)3	38.00	0	

(2)(357)	1.00	(67)1	(202)1	(43)1	(44)1	1.00	0	

(3)(1100)	1.00	(67)2	(194)4	(185)1	5.00	0	

(4)(1000)	1.00	(201)4	(185)1	11.00	0	

(7)(348)	1.00	(51)2	(202)1	(44)1	0.00	0	

(8)(357)	1.00	(202)1	155.00	0	
max retalho: 5

(1)(348)	1.00	(59)1	(43)2	(194)1	9.00	0	

(3)(1100)	1.00	(185)3	545.00	0	
max retalho: 5

(0)(1000)	1.00	(67)1	(125)2	(683)1	0.00	933	

(1)(160)	1.00	(51)1	(44)2	21.00	0	
Sobra Total: 933.00
Perda Total: 3242.00

Total Barras Cortadas:
Barra (1000) : 65
Barra (1100) : 60
Barra (357) : 2
Barra (170) : 4
Barra (347) : 2
Barra (160) : 7
Barra (348) : 2

Retalhos Gerados:
Retalho (125) : 2
Retalho (683) : 1
