
4 Soluções

Saida Arquivo/Entrada/Class7/D7d19.txt

Minimizar a Perda Total
max retalho: 5

(0)(1100)	31.00	(52)17	(29)6	(14)3	0.00	0	

(1)(1100)	19.00	(52)4	(54)16	(14)2	0.00	0	

(2)(1100)	15.00	(54)1	(45)22	(14)4	0.00	0	

(3)(1000)	10.00	(22)27	(14)29	0.00	0	

(4)(1100)	6.00	(29)34	(22)2	(14)5	0.00	0	

(5)(262)	5.00	(22)10	(14)3	0.00	0	

(6)(1100)	3.00	(45)2	(30)32	(22)1	(14)2	0.00	0	

(7)(1100)	3.00	(22)49	22.00	0	

(8)(264)	1.00	(22)1	(14)1	(6)38	0.00	0	

(9)(1000)	1.00	(30)1	(6)129	(7)28	0.00	0	

(10)(1100)	11.00	(37)29	27.00	0	

(11)(1000)	1.00	(37)16	(30)2	(29)12	0.00	348	
max retalho: 4

(0)(40)	6.00	(37)1	3.00	0	

(1)(264)	2.00	(54)1	(30)7	0.00	0	

(2)(264)	1.00	(45)5	39.00	0	

(3)(499)	1.00	(54)2	(30)2	(22)15	1.00	0	

(4)(485)	1.00	(54)1	(14)8	(29)11	0.00	319	

(6)(499)	1.00	(52)4	(29)9	(29)1	1.00	29	
max retalho: 3

(0)(264)	1.00	(54)4	(29)1	19.00	29	

(1)(1000)	1.00	(52)1	(45)4	(37)1	(29)14	325.00	406	

(5)(485)	1.00	(22)6	(29)12	5.00	348	
max retalho: 1

(0)(485)	1.00	(29)14	0	79	
Sobra Total: 1558.00
Perda Total: 771.00

Total Barras Cortadas:
Barra (1000) : 13
Barra (1100) : 88
Barra (40) : 6
Barra (262) : 5
Barra (499) : 2
Barra (264) : 5
Barra (485) : 3

Retalhos Gerados:
Retalho (29) : 12
Retalho (29) : 11
Retalho (29) : 1
Retalho (29) : 1
Retalho (29) : 14
Retalho (29) : 12
Retalho (79) : 1

7 Soluções

Saida Arquivo/Entrada/Class7/D7d19.txt

Minimizar a Perda Total
max retalho: 5

(0)(1100)	31.00	(52)19	(29)3	(22)1	3.00	0	

(1)(1100)	15.00	(54)15	(29)10	0.00	0	

(2)(1100)	15.00	(45)22	(30)2	(22)1	(14)2	0.00	0	

(3)(1000)	10.00	(37)18	(29)10	(22)2	0.00	0	

(4)(264)	8.00	(37)6	(14)3	0.00	0	

(5)(1100)	8.00	(22)50	0.00	0	

(6)(1100)	6.00	(22)1	(14)77	0.00	0	

(7)(1100)	4.00	(54)19	(37)2	0.00	0	

(8)(499)	4.00	(52)4	(29)10	1.00	0	

(9)(1100)	2.00	(52)1	(29)2	(30)33	0.00	0	

(10)(1100)	4.00	(37)25	(22)4	(29)3	0.00	87	

(11)(1000)	1.00	(30)1	(6)129	(7)28	0.00	0	
max retalho: 5

(0)(1100)	1.00	(54)19	(45)1	(29)1	0.00	0	

(1)(264)	1.00	(22)1	(14)1	(6)38	0.00	0	

(3)(1100)	1.00	(54)5	(29)10	(30)18	0.00	0	

(7)(485)	1.00	(52)1	(37)6	(14)15	1.00	0	
max retalho: 5

(0)(262)	1.00	(54)2	(45)1	(29)3	(22)1	0.00	0	

(1)(262)	2.00	(45)1	(22)1	(14)1	(29)6	7.00	174	
max retalho: 4

(0)(262)	1.00	(54)1	(29)4	(22)1	(14)5	0.00	0	

(4)(485)	1.00	(45)5	(22)11	(14)1	4.00	0	
max retalho: 4

(0)(485)	1.00	(45)6	(29)2	(14)1	143.00	0	
max retalho: 4

(0)(1000)	1.00	(29)5	0	855	
Sobra Total: 1551.00
Perda Total: 259.00

Total Barras Cortadas:
Barra (1000) : 12
Barra (1100) : 87
Barra (40) : 0
Barra (262) : 4
Barra (499) : 4
Barra (264) : 9
Barra (485) : 3

Retalhos Gerados:
Retalho (29) : 12
Retalho (29) : 12
Retalho (855) : 1

10 Soluções

Saida Arquivo/Entrada/Class7/D7d19.txt

Minimizar a Perda Total
max retalho: 5

(4)(1100)	9.00	(22)50	0.00	0	

(5)(264)	9.00	(37)6	(14)3	0.00	0	

(6)(40)	6.00	(22)1	(14)1	4.00	0	

(7)(1100)	5.00	(14)78	8.00	0	

(8)(1000)	5.00	(37)10	(30)21	0.00	0	

(9)(262)	5.00	(54)2	(14)11	0.00	0	

(10)(1000)	14.00	(54)3	(45)18	(14)2	0.00	0	

(11)(1000)	1.00	(30)1	(6)129	(7)28	0.00	0	

(13)(1000)	1.00	(14)1	(29)34	0.00	986	
max retalho: 4

(0)(1100)	28.00	(52)21	8.00	0	

(1)(1100)	6.00	(54)20	20.00	0	

(2)(485)	4.00	(14)3	(29)15	8.00	435	

(3)(1100)	2.00	(37)10	(22)20	(29)10	0.00	290	

(4)(1100)	2.00	(45)18	(29)10	0.00	290	

(5)(1100)	2.00	(52)1	(54)4	(45)3	(37)11	(29)10	0.00	290	

(7)(1100)	1.00	(29)10	(30)9	(22)1	(14)22	(6)35	0.00	0	
max retalho: 0

(0)(1100)	10.00	(29)36	56.00	0	

(1)(499)	1.00	(54)9	(6)2	1.00	0	

(2)(499)	1.00	(37)12	(29)1	(22)1	4.00	0	

(7)(499)	2.00	(52)4	(29)10	1.00	0	
max retalho: 0

(0)(1100)	1.00	(22)6	968.00	0	
max retalho: 0

(0)(1100)	1.00	(52)10	(54)1	(45)5	(29)10	(6)1	5.00	0	
Sobra Total: 4466.00
Perda Total: 1980.00

Total Barras Cortadas:
Barra (1000) : 21
Barra (1100) : 67
Barra (40) : 6
Barra (262) : 5
Barra (499) : 4
Barra (264) : 9
Barra (485) : 4

Retalhos Gerados:
Retalho (29) : 34
Retalho (29) : 60
Retalho (29) : 20
Retalho (29) : 20
Retalho (29) : 20
