
4 Soluções

Saida Arquivo/Entrada/Class7/D7d12.txt

Minimizar a Perda Total
max retalho: 5

(0)(1100)	23.00	(50)1	(42)25	0.00	0	

(1)(1100)	22.00	(50)22	0.00	0	

(2)(1000)	18.00	(59)16	(12)3	(4)5	0.00	0	

(3)(1100)	16.00	(27)40	(12)1	(4)2	0.00	0	

(4)(1100)	10.00	(44)24	(20)2	(4)1	0.00	0	

(5)(37)	6.00	(12)3	1.00	0	

(6)(1100)	5.00	(42)2	(12)84	(4)2	0.00	0	

(7)(1100)	4.00	(50)2	(20)50	0.00	0	

(8)(493)	4.00	(50)2	(20)19	(4)3	1.00	0	

(9)(1000)	11.00	(35)5	(19)43	(4)2	0.00	0	

(10)(1100)	3.00	(35)28	(12)10	0.00	0	

(11)(1100)	2.00	(50)16	(4)75	0.00	0	
max retalho: 5

(0)(260)	4.00	(27)4	(19)8	0.00	0	

(1)(495)	1.00	(59)6	(50)1	(19)1	(20)3	(12)1	0.00	0	

(2)(1100)	1.00	(35)24	(31)6	74.00	186	

(3)(273)	1.00	(42)5	(44)1	(19)1	0.00	0	
max retalho: 4

(0)(495)	1.00	(50)1	(44)10	(4)1	1.00	0	

(1)(1100)	1.00	(50)4	(27)8	(20)15	(12)32	0.00	0	

(3)(273)	1.00	(19)3	(4)54	0.00	0	
max retalho: 4

(0)(260)	1.00	(50)1	(44)1	(20)7	(4)4	10.00	0	

(3)(1000)	1.00	(19)1	(31)9	702.00	279	

(6)(273)	1.00	(12)2	(31)7	32.00	217	
max retalho: 2

(0)(495)	1.00	(50)3	(44)2	0	257	
Sobra Total: 939.00
Perda Total: 829.00

Total Barras Cortadas:
Barra (1000) : 30
Barra (1100) : 87
Barra (37) : 6
Barra (273) : 3
Barra (493) : 4
Barra (260) : 5
Barra (495) : 3

Retalhos Gerados:
Retalho (31) : 6
Retalho (31) : 9
Retalho (31) : 7
Retalho (257) : 1

7 Soluções

Saida Arquivo/Entrada/Class7/D7d12.txt

Minimizar a Perda Total
max retalho: 5

(0)(1100)	24.00	(42)24	(44)2	(4)1	0.00	0	

(1)(1100)	22.00	(50)22	0.00	0	

(2)(1000)	18.00	(59)16	(12)3	(4)5	0.00	0	

(3)(1100)	15.00	(27)40	(12)1	(4)2	0.00	0	

(4)(1100)	8.00	(44)24	(4)11	0.00	0	

(5)(1100)	7.00	(19)56	(12)3	0.00	0	

(6)(1100)	7.00	(50)6	(20)40	0.00	0	

(7)(1100)	5.00	(35)28	(12)10	0.00	0	

(8)(1100)	4.00	(20)1	(12)90	0.00	0	

(9)(495)	3.00	(50)7	(20)7	(4)1	1.00	0	

(10)(260)	9.00	(27)4	(19)8	0.00	0	

(11)(1100)	1.00	(50)10	(4)150	0.00	0	
max retalho: 5

(0)(37)	5.00	(12)2	13.00	0	

(1)(1100)	1.00	(19)32	(12)41	0.00	0	

(2)(1100)	1.00	(42)12	(44)4	(27)3	(19)1	(20)16	0.00	0	

(3)(1100)	1.00	(35)16	(27)20	0.00	0	

(8)(273)	2.00	(59)1	(50)4	(12)1	2.00	0	
max retalho: 5

(0)(1100)	1.00	(59)4	(42)2	(35)7	(27)5	(19)9	(12)19	1.00	0	
max retalho: 5

(0)(273)	1.00	(44)5	(19)2	(12)1	3.00	0	
max retalho: 5

(0)(1000)	1.00	(44)5	(19)3	0	723	
Sobra Total: 723.00
Perda Total: 76.00

Total Barras Cortadas:
Barra (1000) : 19
Barra (1100) : 97
Barra (37) : 5
Barra (273) : 3
Barra (493) : 0
Barra (260) : 9
Barra (495) : 3

Retalhos Gerados:
Retalho (723) : 1

10 Soluções

Saida Arquivo/Entrada/Class7/D7d12.txt

Minimizar a Perda Total
max retalho: 5

(0)(1100)	23.00	(50)12	(44)10	(20)3	0.00	0	

(1)(1100)	19.00	(42)24	(44)1	(4)12	0.00	0	

(2)(1000)	18.00	(59)16	(12)3	(4)5	0.00	0	

(3)(1100)	16.00	(27)40	(12)1	(4)2	0.00	0	

(4)(1100)	12.00	(50)22	0.00	0	

(5)(1100)	9.00	(35)2	(19)54	(4)1	0.00	0	

(6)(1000)	6.00	(42)2	(12)75	(4)4	0.00	0	

(7)(1000)	5.00	(50)2	(20)45	0.00	0	

(8)(1100)	4.00	(50)1	(42)25	0.00	0	

(9)(1100)	4.00	(35)28	(12)10	0.00	0	

(10)(273)	5.00	(35)2	(27)4	(19)5	0.00	0	
max retalho: 5

(0)(495)	1.00	(35)14	5.00	0	

(1)(260)	1.00	(44)5	(20)1	(4)2	12.00	0	

(2)(1100)	1.00	(50)10	(42)14	(12)1	0.00	0	

(3)(495)	1.00	(50)1	(42)8	(27)4	1.00	0	

(4)(495)	1.00	(20)22	(12)1	(31)1	12.00	31	

(8)(260)	1.00	(59)4	(12)2	0.00	0	
max retalho: 5

(0)(260)	1.00	(59)1	(35)4	(20)3	1.00	0	

(1)(260)	1.00	(59)1	(35)3	(12)8	0.00	0	
max retalho: 5

(0)(1000)	1.00	(35)2	(20)1	(12)1	0	898	
Sobra Total: 929.00
Perda Total: 31.00

Total Barras Cortadas:
Barra (1000) : 30
Barra (1100) : 88
Barra (37) : 0
Barra (273) : 5
Barra (493) : 0
Barra (260) : 4
Barra (495) : 3

Retalhos Gerados:
Retalho (31) : 1
Retalho (898) : 1
