
4 Soluções

Saida Arquivo/Entrada/Class7/D7d16.txt

Minimizar a Perda Total
max retalho: 5

(0)(1100)	33.00	(56)19	(26)1	(10)1	0.00	0	

(1)(1100)	19.00	(50)18	(26)7	(18)1	0.00	0	

(2)(1100)	9.00	(56)1	(58)18	0.00	0	

(3)(1100)	8.00	(34)30	(26)1	(10)1	(11)1	(33)1	0.00	33	

(4)(1000)	8.00	(26)8	(18)44	0.00	0	

(5)(1100)	7.00	(26)25	(18)25	0.00	0	

(6)(1100)	7.00	(33)32	(11)4	0.00	0	

(7)(1000)	5.00	(41)23	(26)1	(10)2	(11)1	0.00	0	

(8)(1000)	5.00	(50)9	(11)50	0.00	0	

(9)(51)	8.00	(18)1	(10)1	(11)2	1.00	0	

(10)(1100)	3.00	(10)88	(11)20	0.00	0	

(11)(1000)	1.00	(34)24	(26)2	(33)4	0.00	132	
max retalho: 4

(0)(38)	8.00	(18)1	(10)2	0.00	0	

(1)(1100)	1.00	(56)4	(58)1	(50)12	(41)2	(10)7	(33)2	0.00	66	

(2)(1000)	1.00	(41)4	(26)10	(10)18	(11)36	0.00	0	

(6)(492)	1.00	(41)12	0.00	0	
max retalho: 4

(0)(272)	1.00	(18)5	(10)5	(33)4	0.00	132	

(1)(1100)	1.00	(50)2	(41)1	(34)7	(10)2	(33)1	(666)1	2.00	699	

(2)(270)	1.00	(10)27	0.00	0	
max retalho: 2

(0)(272)	1.00	(33)7	(10)4	1.00	0	

(1)(492)	1.00	(18)2	(455)1	1.00	455	
max retalho: 1

(0)(492)	1.00	(33)3	(10)3	0	363	
Sobra Total: 2111.00
Perda Total: 12.00

Total Barras Cortadas:
Barra (1000) : 20
Barra (1100) : 88
Barra (51) : 8
Barra (270) : 1
Barra (38) : 8
Barra (272) : 2
Barra (492) : 3

Retalhos Gerados:
Retalho (33) : 8
Retalho (33) : 4
Retalho (33) : 2
Retalho (33) : 4
Retalho (33) : 1
Retalho (666) : 1
Retalho (455) : 1
Retalho (363) : 1

7 Soluções

Saida Arquivo/Entrada/Class7/D7d16.txt

Minimizar a Perda Total
max retalho: 5

(0)(1100)	33.00	(56)19	(26)1	(10)1	0.00	0	

(1)(1100)	19.00	(50)21	(10)5	0.00	0	

(2)(1100)	13.00	(33)10	(26)28	(10)2	(11)2	0.00	0	

(3)(1000)	10.00	(18)47	(11)14	0.00	0	

(4)(1100)	9.00	(56)1	(58)18	0.00	0	

(5)(1100)	8.00	(34)31	(26)1	(10)2	0.00	0	

(6)(492)	5.00	(33)10	(26)4	(18)2	(11)2	0.00	0	

(7)(270)	3.00	(33)7	(18)1	(10)1	(11)1	0.00	0	

(8)(272)	3.00	(33)7	(10)3	(11)1	0.00	0	

(9)(1100)	2.00	(18)11	(11)82	0.00	0	

(10)(1000)	5.00	(41)23	(18)2	(10)1	(11)1	0.00	0	

(11)(1100)	2.00	(18)1	(10)106	(11)2	0.00	0	
max retalho: 5

(0)(38)	5.00	(18)1	(11)1	9.00	0	

(1)(51)	4.00	(18)1	(11)3	0.00	0	

(2)(38)	3.00	(26)1	(11)1	1.00	0	

(3)(51)	2.00	(50)1	1.00	0	

(4)(51)	2.00	(18)1	(10)3	3.00	0	

(5)(1100)	1.00	(58)1	(41)10	(34)17	(18)3	0.00	0	
max retalho: 5

(1)(492)	1.00	(41)1	(18)25	1.00	0	
max retalho: 5

(0)(1100)	1.00	(56)4	(33)4	(34)6	(26)2	(18)10	(11)28	0.00	0	

(1)(1100)	1.00	(41)8	772.00	0	
max retalho: 5

(0)(1000)	1.00	(33)6	(18)3	0	748	
Sobra Total: 748.00
Perda Total: 829.00

Total Barras Cortadas:
Barra (1000) : 16
Barra (1100) : 89
Barra (51) : 8
Barra (270) : 3
Barra (38) : 8
Barra (272) : 3
Barra (492) : 6

Retalhos Gerados:
Retalho (748) : 1

10 Soluções

Saida Arquivo/Entrada/Class7/D7d16.txt

Minimizar a Perda Total
max retalho: 5

(0)(1100)	19.00	(50)21	(33)1	17.00	0	

(1)(1100)	11.00	(26)39	(10)2	(11)6	0.00	0	

(2)(1000)	10.00	(18)47	(11)14	0.00	0	

(3)(1000)	10.00	(33)20	(34)10	0.00	0	

(4)(1100)	9.00	(56)1	(58)18	0.00	0	

(5)(492)	8.00	(56)2	(41)9	(11)1	0.00	0	

(6)(1000)	4.00	(34)28	(18)1	(10)3	0.00	0	

(7)(1100)	3.00	(10)99	(11)10	0.00	0	

(8)(1100)	2.00	(56)12	(41)10	(18)1	0.00	0	

(9)(1000)	36.00	(56)16	(41)1	(34)1	(18)1	(11)1	0.00	0	

(10)(1100)	1.00	(18)11	(11)82	0.00	0	
max retalho: 5

(0)(51)	5.00	(10)4	(11)1	0.00	0	

(1)(38)	4.00	(18)2	2.00	0	

(2)(38)	3.00	(11)2	16.00	0	

(3)(51)	3.00	(41)1	(10)1	0.00	0	

(4)(38)	1.00	(26)1	(11)1	1.00	0	

(5)(1100)	1.00	(56)12	(58)1	(50)2	(18)15	0.00	0	

(8)(1100)	1.00	(56)1	(34)22	(18)16	8.00	0	
max retalho: 5

(0)(1000)	1.00	(56)2	(34)1	(10)51	(33)3	(244)1	1.00	343	
max retalho: 4

(0)(272)	1.00	(41)3	(33)1	(18)4	(11)4	0.00	0	

(3)(1100)	1.00	(33)8	(33)7	605.00	231	
max retalho: 3

(0)(1000)	1.00	(33)1	(18)3	(11)25	(33)7	(244)1	163.00	475	
max retalho: 2

(0)(1000)	1.00	(33)6	0	802	
Sobra Total: 1851.00
Perda Total: 1157.00

Total Barras Cortadas:
Barra (1000) : 63
Barra (1100) : 48
Barra (51) : 8
Barra (270) : 0
Barra (38) : 8
Barra (272) : 1
Barra (492) : 8

Retalhos Gerados:
Retalho (33) : 3
Retalho (244) : 1
Retalho (33) : 7
Retalho (33) : 7
Retalho (244) : 1
Retalho (802) : 1
