
4 Soluções

Saida Arquivo/Entrada/Class7/D7d10.txt

Minimizar a Perda Total
max retalho: 5

(0)(1100)	30.00	(48)2	(9)2	(58)17	0.00	0	

(1)(1100)	28.00	(47)13	(40)12	(9)1	0.00	0	

(2)(1000)	19.00	(47)1	(48)19	(32)1	(9)1	0.00	0	

(3)(1100)	10.00	(55)5	(25)33	0.00	0	

(4)(112)	9.00	(55)2	2.00	0	

(5)(114)	9.00	(55)2	4.00	0	

(6)(1100)	5.00	(32)31	(9)12	0.00	0	

(7)(1000)	2.00	(25)4	(9)100	0.00	0	

(8)(1000)	27.00	(55)15	(25)7	0.00	0	

(9)(1000)	1.00	(47)1	(48)1	(24)25	(17)14	(9)1	(58)1	0.00	0	
max retalho: 5

(0)(359)	2.00	(55)5	(48)1	(9)4	0.00	0	

(1)(1100)	1.00	(47)8	(48)3	(32)3	(25)19	(9)1	0.00	0	

(8)(125)	5.00	(40)1	(9)3	(58)1	0.00	0	
max retalho: 5

(0)(1100)	1.00	(55)1	(48)6	(40)3	(25)2	(9)33	(58)5	0.00	0	
max retalho: 5

(0)(359)	1.00	(40)4	(9)22	1.00	0	

(1)(1000)	1.00	(40)1	(58)1	(35)10	(246)2	60.00	842	
max retalho: 4

(0)(346)	1.00	(40)7	0	66	
Sobra Total: 908.00
Perda Total: 115.00

Total Barras Cortadas:
Barra (1000) : 50
Barra (1100) : 75
Barra (125) : 5
Barra (359) : 3
Barra (112) : 9
Barra (346) : 1
Barra (114) : 9

Retalhos Gerados:
Retalho (35) : 10
Retalho (246) : 2
Retalho (66) : 1

7 Soluções

Saida Arquivo/Entrada/Class7/D7d10.txt

Minimizar a Perda Total
max retalho: 5

(0)(1000)	33.00	(55)15	(25)7	0.00	0	

(1)(1100)	30.00	(48)2	(9)2	(58)17	0.00	0	

(2)(1000)	19.00	(47)1	(48)19	(32)1	(9)1	0.00	0	

(3)(1100)	16.00	(47)20	(40)4	0.00	0	

(4)(1100)	13.00	(47)4	(40)22	(32)1	0.00	0	

(5)(1000)	7.00	(25)40	0.00	0	

(6)(1100)	4.00	(32)31	(9)12	0.00	0	

(7)(1100)	2.00	(55)2	(9)110	0.00	0	

(8)(1000)	1.00	(47)1	(48)1	(24)25	(17)14	(9)1	(58)1	0.00	0	

(9)(125)	5.00	(32)1	(25)3	(9)2	0.00	0	
max retalho: 5

(0)(114)	3.00	(48)1	(32)1	(25)1	(9)1	0.00	0	

(1)(359)	3.00	(9)27	(58)2	0.00	0	

(2)(114)	1.00	(48)2	(9)2	0.00	0	

(3)(1100)	1.00	(55)3	(48)2	(40)6	(32)13	(25)5	(58)1	0.00	0	

(5)(112)	4.00	(48)1	(58)1	6.00	0	
max retalho: 5

(0)(114)	1.00	(25)2	(9)3	(35)1	2.00	35	
max retalho: 5

(0)(346)	1.00	(25)12	0	46	
Sobra Total: 81.00
Perda Total: 26.00

Total Barras Cortadas:
Barra (1000) : 60
Barra (1100) : 66
Barra (125) : 5
Barra (359) : 3
Barra (112) : 4
Barra (346) : 1
Barra (114) : 5

Retalhos Gerados:
Retalho (35) : 1
Retalho (46) : 1

10 Soluções

Saida Arquivo/Entrada/Class7/D7d10.txt

Minimizar a Perda Total
max retalho: 5

(0)(1100)	30.00	(48)2	(9)2	(58)17	0.00	0	

(1)(1100)	24.00	(55)20	0.00	0	

(2)(1000)	19.00	(47)1	(48)19	(32)1	(9)1	0.00	0	

(3)(1100)	16.00	(47)20	(40)4	0.00	0	

(4)(1000)	13.00	(25)39	25.00	0	

(5)(1100)	13.00	(47)4	(40)22	(32)1	0.00	0	

(6)(1100)	4.00	(32)31	(9)12	0.00	0	

(7)(1100)	2.00	(55)2	(9)110	0.00	0	

(8)(1000)	1.00	(47)1	(48)1	(24)25	(17)14	(9)1	(58)1	0.00	0	

(9)(125)	5.00	(32)1	(25)3	(9)2	0.00	0	
max retalho: 5

(0)(359)	2.00	(55)5	(9)9	3.00	0	

(1)(359)	1.00	(48)1	(25)1	(9)6	(58)4	0.00	0	

(2)(114)	1.00	(55)1	(32)1	(9)3	0.00	0	

(3)(1100)	1.00	(48)6	(40)6	(32)15	(25)1	(9)1	(58)1	0.00	0	
max retalho: 5

(0)(112)	5.00	(25)4	(9)1	3.00	0	

(1)(114)	3.00	(55)1	(58)1	1.00	0	

(2)(346)	1.00	(9)34	(35)1	5.00	35	

(3)(359)	1.00	(55)4	(48)2	(25)1	(9)2	0.00	0	

(5)(114)	3.00	(9)6	(58)1	2.00	0	
max retalho: 5

(0)(346)	1.00	(48)2	(25)3	(9)2	0	157	
Sobra Total: 192.00
Perda Total: 360.00

Total Barras Cortadas:
Barra (1000) : 33
Barra (1100) : 90
Barra (125) : 5
Barra (359) : 4
Barra (112) : 5
Barra (346) : 2
Barra (114) : 7

Retalhos Gerados:
Retalho (35) : 1
Retalho (157) : 1
