
4 Soluções

Saida Arquivo/Entrada/Class7/D7d15.txt

Minimizar a Perda Total
max retalho: 5

(0)(1100)	20.00	(46)22	(31)1	(57)1	0.00	0	

(1)(1100)	17.00	(38)26	(31)1	(16)1	(8)1	(57)1	0.00	0	

(2)(1100)	12.00	(31)4	(16)3	(8)2	(57)16	0.00	0	

(3)(1100)	12.00	(39)28	(8)1	0.00	0	

(4)(341)	9.00	(39)1	(23)13	3.00	0	

(5)(343)	9.00	(54)4	(31)1	(23)1	(16)1	(57)1	0.00	0	

(6)(1100)	5.00	(39)4	(16)58	(8)2	0.00	0	

(7)(1000)	4.00	(8)125	0.00	0	

(8)(1100)	4.00	(39)1	(31)27	(16)14	0.00	0	

(9)(108)	4.00	(23)4	(16)1	0.00	0	

(10)(121)	4.00	(39)3	4.00	0	

(11)(96)	4.00	(23)4	4.00	0	

(12)(1000)	2.00	(54)17	(39)2	4.00	0	

(13)(1100)	1.00	(46)10	(38)3	(31)1	(15)33	0.00	0	
max retalho: 5

(0)(1100)	1.00	(57)11	473.00	0	

(1)(1100)	1.00	(54)12	452.00	0	

(2)(1100)	1.00	(46)2	(38)4	(39)9	(31)6	(23)1	(16)16	(8)5	0.00	0	
max retalho: 5

(0)(1000)	1.00	(39)1	(31)8	(8)53	0	289	
Sobra Total: 289.00
Perda Total: 992.00

Total Barras Cortadas:
Barra (1000) : 7
Barra (1100) : 74
Barra (121) : 4
Barra (341) : 9
Barra (108) : 4
Barra (343) : 9
Barra (96) : 4

Retalhos Gerados:
Retalho (289) : 1

7 Soluções

Saida Arquivo/Entrada/Class7/D7d15.txt

Minimizar a Perda Total
max retalho: 5

(0)(1100)	31.00	(46)14	(38)12	0.00	0	

(1)(1100)	15.00	(31)4	(16)3	(8)2	(57)16	0.00	0	

(2)(1100)	12.00	(39)28	(8)1	0.00	0	

(3)(341)	9.00	(23)14	19.00	0	

(4)(343)	8.00	(38)8	(23)1	(8)2	0.00	0	

(5)(1100)	5.00	(39)1	(31)27	(16)14	0.00	0	

(6)(1100)	5.00	(39)4	(16)58	(8)2	0.00	0	

(7)(1100)	4.00	(54)18	(31)1	(16)2	(8)1	(57)1	0.00	0	

(8)(1000)	4.00	(8)125	0.00	0	

(9)(108)	4.00	(23)4	(16)1	0.00	0	

(10)(121)	4.00	(39)3	4.00	0	

(11)(96)	4.00	(23)1	73.00	0	

(12)(1100)	1.00	(46)10	(38)3	(31)1	(15)33	0.00	0	

(13)(343)	1.00	(39)8	(23)1	(8)1	0.00	0	
max retalho: 5

(0)(1100)	1.00	(54)10	560.00	0	

(3)(1000)	1.00	(46)8	(38)2	(31)17	(8)3	5.00	0	
max retalho: 5

(0)(1100)	1.00	(39)14	(16)11	378.00	0	

(2)(1000)	1.00	(23)4	(8)2	(32)7	(668)1	0.00	892	

(5)(1100)	1.00	(38)8	(32)7	572.00	224	

(6)(1000)	1.00	(57)5	(32)8	(456)1	3.00	712	
max retalho: 2

(0)(1000)	1.00	(8)43	0	656	
Sobra Total: 2484.00
Perda Total: 1997.00

Total Barras Cortadas:
Barra (1000) : 8
Barra (1100) : 76
Barra (121) : 4
Barra (341) : 9
Barra (108) : 4
Barra (343) : 9
Barra (96) : 4

Retalhos Gerados:
Retalho (32) : 7
Retalho (668) : 1
Retalho (32) : 7
Retalho (32) : 8
Retalho (456) : 1
Retalho (656) : 1

10 Soluções

Saida Arquivo/Entrada/Class7/D7d15.txt

Minimizar a Perda Total
max retalho: 5

(0)(1100)	31.00	(46)14	(38)12	0.00	0	

(1)(1100)	13.00	(39)27	47.00	0	

(2)(1100)	11.00	(31)4	(16)3	(8)2	(57)16	0.00	0	

(3)(341)	9.00	(38)8	37.00	0	

(4)(1100)	6.00	(31)15	(8)1	(57)11	0.00	0	

(5)(1100)	5.00	(39)4	(16)58	(8)2	0.00	0	

(6)(1000)	5.00	(54)16	(23)1	(16)3	(8)1	(57)1	0.00	0	

(7)(1000)	4.00	(8)125	0.00	0	

(8)(1100)	3.00	(39)1	(23)46	3.00	0	

(9)(1100)	1.00	(46)10	(38)3	(31)1	(15)33	0.00	0	

(10)(343)	9.00	(31)9	(16)4	0.00	0	
max retalho: 5

(0)(121)	3.00	(16)7	(8)1	1.00	0	

(1)(108)	3.00	(8)13	4.00	0	

(2)(1100)	1.00	(39)21	(16)17	9.00	0	

(3)(1100)	1.00	(54)2	(46)7	(38)2	(31)1	(23)15	(8)13	(57)2	0.00	0	
max retalho: 5

(0)(121)	1.00	(16)7	(8)1	1.00	0	

(1)(96)	1.00	(8)12	0.00	0	

(4)(96)	1.00	(46)1	(23)1	(8)3	3.00	0	
max retalho: 5

(0)(96)	1.00	(16)2	(8)7	8.00	0	
max retalho: 5

(0)(1000)	1.00	(16)7	0	888	
Sobra Total: 888.00
Perda Total: 989.00

Total Barras Cortadas:
Barra (1000) : 10
Barra (1100) : 72
Barra (121) : 4
Barra (341) : 9
Barra (108) : 3
Barra (343) : 9
Barra (96) : 3

Retalhos Gerados:
Retalho (888) : 1
