
4 Soluções

Saida Arquivo/Entrada/Class7/D7d17.txt

Minimizar a Perda Total
max retalho: 5

(0)(1100)	37.00	(59)18	(37)1	1.00	0	

(1)(1000)	27.00	(44)18	(13)16	0.00	0	

(2)(1000)	23.00	(37)27	1.00	0	

(3)(1000)	8.00	(21)47	(13)1	0.00	0	

(4)(1100)	5.00	(44)25	0.00	0	

(5)(263)	4.00	(52)3	(21)2	(13)5	0.00	0	

(6)(261)	4.00	(36)2	(37)4	(13)1	(14)2	0.00	0	

(7)(484)	3.00	(52)5	(14)16	0.00	0	

(8)(1100)	3.00	(36)29	(21)2	(14)1	0.00	0	

(9)(1100)	1.00	(29)37	(13)2	1.00	0	

(10)(1000)	1.00	(59)7	(29)3	(13)2	(6)79	0.00	0	
max retalho: 5

(0)(40)	5.00	(14)2	12.00	0	

(1)(40)	4.00	(21)1	(13)1	6.00	0	

(2)(497)	1.00	(36)13	(21)1	8.00	0	

(3)(497)	1.00	(21)23	(14)1	0.00	0	

(4)(1100)	1.00	(52)4	(44)5	(29)21	(21)3	0.00	0	

(5)(1100)	1.00	(59)12	(37)6	(29)5	(21)1	4.00	0	
max retalho: 5

(0)(1000)	1.00	(36)6	(29)7	(21)5	(13)3	(14)15	0	227	
Sobra Total: 227.00
Perda Total: 157.00

Total Barras Cortadas:
Barra (1000) : 60
Barra (1100) : 48
Barra (40) : 9
Barra (261) : 4
Barra (497) : 2
Barra (263) : 4
Barra (484) : 3

Retalhos Gerados:
Retalho (227) : 1

7 Soluções

Saida Arquivo/Entrada/Class7/D7d17.txt

Minimizar a Perda Total
max retalho: 5

(0)(1100)	37.00	(59)18	(37)1	1.00	0	

(1)(1100)	22.00	(37)27	(29)3	(14)1	0.00	0	

(2)(1100)	14.00	(44)25	0.00	0	

(3)(1000)	11.00	(44)18	(13)16	0.00	0	

(4)(40)	9.00	(37)1	3.00	0	

(5)(484)	9.00	(52)1	(44)3	(13)23	1.00	0	

(6)(1100)	7.00	(21)48	(13)6	(14)1	0.00	0	

(7)(261)	4.00	(52)1	(21)4	(13)1	(14)8	0.00	0	

(8)(263)	4.00	(37)5	(29)1	(21)1	(14)2	0.00	0	

(9)(497)	9.00	(36)10	(21)4	(13)3	(14)1	0.00	0	

(10)(1000)	1.00	(52)15	(44)5	0.00	0	

(12)(1100)	1.00	(44)9	(21)9	(13)1	(14)2	(6)79	0.00	0	
max retalho: 5

(0)(1100)	1.00	(44)4	(37)2	(21)26	(13)18	(14)5	0.00	0	

(1)(1100)	1.00	(59)18	38.00	0	

(2)(1100)	1.00	(36)24	236.00	0	

(3)(1100)	1.00	(59)1	(52)3	(44)3	(37)18	(29)3	0.00	0	
max retalho: 5

(0)(1000)	1.00	(44)20	0	120	
Sobra Total: 120.00
Perda Total: 347.00

Total Barras Cortadas:
Barra (1000) : 13
Barra (1100) : 85
Barra (40) : 9
Barra (261) : 4
Barra (497) : 9
Barra (263) : 4
Barra (484) : 9

Retalhos Gerados:
Retalho (120) : 1

10 Soluções

Saida Arquivo/Entrada/Class7/D7d17.txt

Minimizar a Perda Total
max retalho: 5

(0)(1100)	37.00	(59)18	(37)1	1.00	0	

(1)(1100)	23.00	(36)2	(37)27	(29)1	0.00	0	

(2)(1100)	23.00	(44)25	0.00	0	

(3)(497)	9.00	(21)2	(13)35	0.00	0	

(4)(1100)	8.00	(44)4	(21)44	0.00	0	

(5)(484)	7.00	(36)9	(21)1	(13)1	(14)9	0.00	0	

(6)(1100)	2.00	(52)11	(21)1	(13)39	0.00	0	

(7)(263)	3.00	(21)2	(13)17	0.00	0	

(8)(261)	1.00	(21)1	(14)17	2.00	0	

(9)(1000)	1.00	(36)2	(29)32	0.00	0	

(10)(1000)	1.00	(59)7	(29)3	(13)2	(6)79	0.00	0	
max retalho: 5

(0)(40)	4.00	(37)1	3.00	0	

(1)(261)	1.00	(29)1	(13)17	11.00	0	

(2)(1100)	1.00	(59)3	(52)8	(44)9	(37)3	0.00	0	

(3)(263)	1.00	(59)1	(29)7	1.00	0	

(4)(484)	1.00	(59)2	(37)8	(14)5	0.00	0	

(5)(1000)	1.00	(59)3	(21)39	4.00	0	
max retalho: 5

(6)(1100)	1.00	(59)3	(52)1	(36)3	(37)7	(29)7	(21)2	(13)5	0	194	
Sobra Total: 194.00
Perda Total: 67.00

Total Barras Cortadas:
Barra (1000) : 3
Barra (1100) : 95
Barra (40) : 4
Barra (261) : 2
Barra (497) : 9
Barra (263) : 4
Barra (484) : 8

Retalhos Gerados:
Retalho (194) : 1
