
4 Soluções

Saida Arquivo/Entrada/Class7/D7d13.txt

Minimizar a Perda Total
max retalho: 5

(0)(1100)	22.00	(53)19	(30)1	(7)1	(56)1	0.00	0	

(1)(1100)	19.00	(38)28	(22)1	(7)2	0.00	0	

(2)(108)	9.00	(45)1	(7)1	(56)1	0.00	0	

(3)(1000)	8.00	(47)19	(23)4	(15)1	0.00	0	

(4)(1100)	8.00	(45)23	(7)9	2.00	0	

(5)(1100)	6.00	(45)14	(47)2	(30)11	(23)2	0.00	0	

(6)(1100)	4.00	(47)5	(23)37	(7)2	0.00	0	

(7)(343)	4.00	(45)7	(7)1	21.00	0	

(8)(355)	4.00	(45)1	(47)1	(30)8	(23)1	0.00	0	

(9)(121)	5.00	(30)1	(7)5	(56)1	0.00	0	

(10)(1100)	2.00	(22)20	(15)44	0.00	0	

(11)(1000)	2.00	(22)40	(15)8	0.00	0	
max retalho: 5

(0)(96)	4.00	(22)3	(15)2	0.00	0	

(1)(96)	4.00	(47)2	2.00	0	

(2)(121)	2.00	(53)2	15.00	0	

(3)(121)	1.00	(30)4	1.00	0	

(4)(1100)	1.00	(45)4	(38)12	(23)20	4.00	0	

(5)(96)	1.00	(23)1	(56)1	17.00	0	
max retalho: 5

(0)(1100)	1.00	(53)5	(47)4	(30)2	(22)3	(23)11	(15)16	(7)4	0.00	0	
max retalho: 5

(0)(121)	1.00	(53)1	(38)1	(15)2	0.00	0	
max retalho: 5

(0)(1000)	1.00	(38)9	(23)1	(15)5	0	560	
Sobra Total: 560.00
Perda Total: 160.00

Total Barras Cortadas:
Barra (1000) : 11
Barra (1100) : 63
Barra (121) : 9
Barra (355) : 4
Barra (108) : 9
Barra (343) : 4
Barra (96) : 9

Retalhos Gerados:
Retalho (560) : 1

7 Soluções

Saida Arquivo/Entrada/Class7/D7d13.txt

Minimizar a Perda Total
max retalho: 5

(0)(1100)	22.00	(53)19	(30)1	(7)1	(56)1	0.00	0	

(1)(1100)	19.00	(38)28	(22)1	(7)2	0.00	0	

(2)(108)	8.00	(7)7	(56)1	3.00	0	

(3)(1100)	8.00	(47)21	(23)4	(7)3	0.00	0	

(4)(1000)	5.00	(45)21	(7)2	(33)1	8.00	33	

(5)(1000)	5.00	(45)8	(47)1	(30)19	(23)1	0.00	0	

(6)(1100)	5.00	(47)5	(23)37	(7)2	0.00	0	

(7)(355)	4.00	(45)7	(7)1	(33)1	0.00	33	

(8)(1100)	3.00	(22)20	(15)44	0.00	0	

(9)(1000)	1.00	(22)42	(15)5	1.00	0	

(10)(1000)	6.00	(45)22	(7)1	3.00	0	
max retalho: 5

(0)(343)	1.00	(53)1	(45)6	20.00	0	

(1)(343)	1.00	(7)1	(56)6	0.00	0	

(2)(1100)	1.00	(53)1	(38)3	(30)14	(22)16	(23)7	0.00	0	

(3)(121)	1.00	(22)1	(15)6	9.00	0	

(7)(108)	1.00	(47)1	(38)1	(22)1	1.00	0	
max retalho: 5

(0)(96)	1.00	(47)1	49.00	0	

(1)(343)	1.00	(53)1	(22)13	4.00	0	

(2)(121)	1.00	(45)2	(22)1	(7)1	2.00	0	

(3)(1100)	1.00	(38)18	(56)1	(33)6	162.00	198	

(4)(343)	1.00	(53)5	(7)10	8.00	0	
max retalho: 4

(0)(1000)	1.00	(53)2	(22)1	0	872	
Sobra Total: 1367.00
Perda Total: 338.00

Total Barras Cortadas:
Barra (1000) : 18
Barra (1100) : 59
Barra (121) : 2
Barra (355) : 4
Barra (108) : 9
Barra (343) : 4
Barra (96) : 1

Retalhos Gerados:
Retalho (33) : 5
Retalho (33) : 4
Retalho (33) : 6
Retalho (872) : 1

10 Soluções

Saida Arquivo/Entrada/Class7/D7d13.txt

Minimizar a Perda Total
max retalho: 5

(0)(1100)	22.00	(53)19	(30)1	(7)1	(56)1	0.00	0	

(1)(1100)	19.00	(38)28	(22)1	(7)2	0.00	0	

(2)(1000)	15.00	(45)20	(22)2	(56)1	0.00	0	

(3)(1100)	8.00	(47)21	(23)4	(7)3	0.00	0	

(4)(1100)	5.00	(47)5	(23)37	(7)2	0.00	0	

(5)(1000)	3.00	(45)2	(47)1	(30)28	(23)1	0.00	0	

(6)(1100)	3.00	(22)20	(15)44	0.00	0	
max retalho: 5

(0)(355)	3.00	(30)3	(22)12	1.00	0	

(1)(121)	3.00	(45)2	(15)2	1.00	0	

(2)(1100)	1.00	(53)9	(38)8	(30)3	(22)1	(23)9	0.00	0	

(3)(1100)	1.00	(47)4	(38)7	(30)1	(7)88	0.00	0	

(4)(108)	1.00	(15)5	(33)1	0.00	33	
max retalho: 5

(0)(355)	1.00	(53)1	(38)6	(30)1	(22)2	0.00	0	

(1)(121)	1.00	(30)4	1.00	0	

(5)(343)	1.00	(45)1	(30)7	(22)4	0.00	0	
max retalho: 5

(0)(96)	1.00	(38)1	(22)2	14.00	0	
Sobra Total: 33.00
Perda Total: 21.00

Total Barras Cortadas:
Barra (1000) : 18
Barra (1100) : 59
Barra (121) : 4
Barra (355) : 4
Barra (108) : 1
Barra (343) : 1
Barra (96) : 1

Retalhos Gerados:
Retalho (33) : 1
