
4 Soluções

Saida Arquivo/Entrada/Class7/D7d18.txt

Minimizar a Perda Total
max retalho: 5

(10)(1100)	1.00	(49)15	(34)10	(25)1	0.00	0	

(11)(103)	4.00	(49)2	5.00	0	

(12)(114)	4.00	(49)2	16.00	0	

(13)(102)	4.00	(49)2	4.00	0	

(14)(1100)	2.00	(25)44	0.00	0	
max retalho: 5

(0)(1100)	28.00	(57)19	(10)1	7.00	0	

(1)(1100)	25.00	(49)19	(42)4	1.00	0	

(2)(1100)	23.00	(42)22	(10)2	(52)3	0.00	0	

(3)(1100)	20.00	(41)26	(17)2	0.00	0	

(4)(348)	8.00	(25)1	(52)6	11.00	0	

(5)(335)	5.00	(57)1	(17)16	6.00	0	

(6)(1000)	5.00	(25)6	(10)85	0.00	0	

(7)(335)	4.00	(25)3	(52)5	0.00	0	

(8)(1000)	1.00	(18)55	(10)1	0.00	0	

(9)(1000)	2.00	(10)1	(52)19	2.00	0	

(11)(1000)	2.00	(10)1	(34)29	4.00	986	
max retalho: 4

(1)(1000)	1.00	(41)10	(42)14	2.00	0	

(2)(1000)	1.00	(57)2	(49)9	(17)10	(10)17	(52)2	1.00	0	
max retalho: 4

(0)(348)	1.00	(41)2	(25)5	(18)1	(10)11	13.00	0	
max retalho: 4

(2)(1000)	1.00	(18)49	(34)2	50.00	68	

(4)(1100)	1.00	(57)7	(41)2	(34)18	7.00	612	
max retalho: 3

(0)(1000)	1.00	(41)8	0	672	
Sobra Total: 3324.00
Perda Total: 524.00

Total Barras Cortadas:
Barra (1000) : 14
Barra (1100) : 100
Barra (114) : 4
Barra (348) : 9
Barra (102) : 4
Barra (335) : 9
Barra (103) : 4

Retalhos Gerados:
Retalho (34) : 58
Retalho (34) : 2
Retalho (34) : 18
Retalho (672) : 1

7 Soluções

Saida Arquivo/Entrada/Class7/D7d18.txt

Minimizar a Perda Total
max retalho: 5

(0)(1000)	32.00	(49)16	(52)4	8.00	0	

(1)(1100)	30.00	(57)18	(18)3	(10)2	0.00	0	

(2)(1100)	20.00	(41)26	(17)2	0.00	0	

(3)(1000)	10.00	(42)23	(34)1	0.00	34	

(4)(1000)	9.00	(42)23	(34)1	0.00	0	

(5)(1100)	9.00	(42)20	(52)5	0.00	0	

(6)(348)	5.00	(17)18	(10)4	2.00	0	

(7)(1000)	4.00	(25)34	(10)15	0.00	0	

(8)(1000)	4.00	(10)94	(52)1	8.00	0	

(10)(102)	4.00	(34)3	0.00	0	

(11)(348)	2.00	(42)1	(34)9	0.00	0	
max retalho: 5

(0)(335)	3.00	(57)2	(49)2	(41)3	0.00	0	

(1)(114)	2.00	(18)3	(10)6	0.00	0	

(2)(348)	1.00	(34)3	(25)8	(18)2	10.00	0	

(5)(114)	1.00	(42)1	(18)4	0.00	0	
max retalho: 5

(0)(335)	1.00	(41)7	(18)2	(10)1	2.00	0	
max retalho: 5

(0)(103)	2.00	(34)3	1.00	0	

(2)(335)	1.00	(49)4	(41)1	(34)2	(10)3	0.00	0	
max retalho: 5

(0)(348)	1.00	(49)1	(41)5	(34)2	(18)1	8.00	0	
Sobra Total: 340.00
Perda Total: 320.00

Total Barras Cortadas:
Barra (1000) : 59
Barra (1100) : 59
Barra (114) : 3
Barra (348) : 9
Barra (102) : 4
Barra (335) : 5
Barra (103) : 2

Retalhos Gerados:
Retalho (34) : 10

10 Soluções

Saida Arquivo/Entrada/Class7/D7d18.txt

Minimizar a Perda Total
max retalho: 5

(8)(335)	1.00	(57)3	(34)4	(18)1	(10)1	0.00	0	

(9)(348)	2.00	(57)4	(34)3	(18)1	0.00	0	

(10)(1100)	1.00	(25)1	(17)62	(10)2	1.00	0	
max retalho: 5

(0)(1100)	33.00	(57)16	(42)4	(10)2	0.00	0	

(1)(1100)	23.00	(49)22	22.00	0	

(2)(1100)	20.00	(41)26	(17)2	0.00	0	

(3)(1100)	18.00	(42)26	8.00	0	

(4)(1000)	4.00	(25)18	(10)55	0.00	0	

(5)(335)	4.00	(25)13	(10)1	0.00	0	

(6)(335)	4.00	(49)4	(17)7	(10)2	0.00	0	

(7)(1000)	11.00	(42)1	(18)7	(52)16	0.00	0	

(8)(1000)	2.00	(25)2	(10)95	0.00	0	

(9)(348)	1.00	(42)1	(18)17	0.00	0	
max retalho: 5

(5)(102)	1.00	(49)1	(25)1	(18)1	(10)1	0.00	0	

(6)(1100)	1.00	(57)4	(41)4	(42)8	(10)32	(52)1	0.00	0	
max retalho: 5

(0)(1000)	1.00	(41)18	262.00	0	
max retalho: 5
max retalho: 5

(0)(114)	1.00	(57)2	0.00	0	

(1)(348)	1.00	(25)10	98.00	0	

(2)(1100)	1.00	(18)7	(34)28	22.00	952	

(4)(103)	1.00	(10)8	23.00	0	
max retalho: 4
