
4 Soluções

Saida Arquivo/Entrada/Class7/D7d11.txt

Minimizar a Perda Total
max retalho: 5

(0)(1000)	15.00	(38)2	(14)2	(56)16	0.00	0	

(1)(1100)	13.00	(45)24	(6)1	14.00	0	

(2)(1000)	13.00	(38)26	(6)2	0.00	0	

(3)(1100)	10.00	(23)46	(14)3	0.00	0	

(4)(1100)	9.00	(21)45	(14)11	1.00	0	

(5)(1000)	10.00	(46)20	(38)1	(21)2	0.00	0	

(6)(342)	7.00	(38)9	0.00	0	

(7)(354)	7.00	(46)4	(38)3	(56)1	0.00	0	

(8)(1100)	6.00	(45)14	(30)8	(23)10	0.00	0	

(9)(1100)	6.00	(53)4	(46)19	(14)1	0.00	0	

(10)(120)	2.00	(21)1	(14)7	1.00	0	

(11)(1100)	2.00	(21)52	(6)1	2.00	0	

(12)(107)	2.00	(46)1	(38)1	(21)1	2.00	0	

(13)(109)	2.00	(38)2	(21)1	12.00	0	
max retalho: 5

(0)(1100)	1.00	(53)1	(45)7	(21)25	(23)9	0.00	0	

(4)(1000)	1.00	(45)6	(38)4	(30)7	(23)16	0.00	0	
max retalho: 5

(0)(1100)	1.00	(45)5	(21)8	(23)11	(14)8	(6)45	0	72	
Sobra Total: 72.00
Perda Total: 225.00

Total Barras Cortadas:
Barra (1000) : 39
Barra (1100) : 48
Barra (120) : 2
Barra (354) : 7
Barra (107) : 2
Barra (342) : 7
Barra (109) : 2

Retalhos Gerados:
Retalho (72) : 1

7 Soluções

Saida Arquivo/Entrada/Class7/D7d11.txt

Minimizar a Perda Total
max retalho: 5

(0)(1000)	17.00	(46)19	(14)1	(56)2	0.00	0	

(1)(1100)	16.00	(45)23	(38)1	(21)1	6.00	0	

(2)(1100)	15.00	(38)28	(21)1	15.00	0	

(3)(1000)	13.00	(38)2	(14)2	(56)16	0.00	0	

(4)(1100)	11.00	(23)46	(14)3	0.00	0	

(5)(1100)	10.00	(21)51	29.00	0	

(6)(342)	5.00	(53)5	(21)1	(14)4	0.00	0	

(7)(354)	4.00	(21)4	(14)19	4.00	0	

(8)(1100)	1.00	(46)10	(38)1	(30)1	(6)86	(56)1	0.00	0	

(9)(1100)	3.00	(45)8	(30)17	(23)10	0.00	0	
max retalho: 5

(0)(109)	1.00	(21)3	(23)2	0.00	0	

(1)(354)	1.00	(46)7	32.00	0	

(2)(354)	1.00	(46)1	(38)8	4.00	0	

(3)(107)	1.00	(23)1	(14)6	0.00	0	

(4)(120)	1.00	(23)2	(14)5	4.00	0	

(5)(120)	1.00	(30)3	(14)2	2.00	0	

(7)(342)	1.00	(23)4	(56)4	26.00	0	

(8)(1000)	1.00	(45)21	(23)1	(14)2	4.00	0	
max retalho: 5

(0)(109)	1.00	(46)1	(21)3	0.00	0	

(2)(354)	1.00	(38)1	(23)10	(33)1	53.00	33	

(4)(107)	1.00	(45)1	62.00	0	
max retalho: 5

(0)(1000)	1.00	(46)2	0	908	
Sobra Total: 941.00
Perda Total: 814.00

Total Barras Cortadas:
Barra (1000) : 32
Barra (1100) : 56
Barra (120) : 2
Barra (354) : 7
Barra (107) : 2
Barra (342) : 6
Barra (109) : 2

Retalhos Gerados:
Retalho (33) : 1
Retalho (908) : 1

10 Soluções

Saida Arquivo/Entrada/Class7/D7d11.txt

Minimizar a Perda Total
max retalho: 5

(0)(1100)	18.00	(45)22	(38)2	34.00	0	

(1)(1100)	16.00	(21)16	(23)32	(14)2	0.00	0	

(2)(1000)	15.00	(38)2	(14)2	(56)16	0.00	0	

(3)(1100)	14.00	(46)23	(14)3	0.00	0	

(4)(1000)	10.00	(38)25	(14)1	(33)1	3.00	33	

(5)(342)	7.00	(38)9	0.00	0	

(6)(354)	7.00	(38)9	12.00	0	

(7)(1100)	6.00	(21)49	(14)5	1.00	0	

(8)(120)	2.00	(53)2	(14)1	0.00	0	

(9)(107)	2.00	(53)2	1.00	0	

(10)(109)	2.00	(53)2	3.00	0	

(11)(1100)	2.00	(45)2	(30)26	(23)10	0.00	0	

(12)(1000)	1.00	(38)26	(6)2	0.00	0	
max retalho: 5

(0)(1100)	1.00	(53)13	411.00	0	

(1)(1100)	1.00	(46)22	88.00	0	

(2)(1100)	1.00	(14)41	526.00	0	

(3)(1100)	1.00	(45)14	470.00	0	

(6)(1000)	1.00	(38)4	(23)17	(56)7	65.00	0	
max retalho: 5

(0)(1100)	1.00	(30)3	(21)17	(23)7	(6)82	0.00	0	
max retalho: 5

(0)(1000)	1.00	(21)1	(6)2	0	967	
Sobra Total: 1297.00
Perda Total: 2300.00

Total Barras Cortadas:
Barra (1000) : 28
Barra (1100) : 61
Barra (120) : 2
Barra (354) : 7
Barra (107) : 2
Barra (342) : 7
Barra (109) : 2

Retalhos Gerados:
Retalho (33) : 10
Retalho (967) : 1
