
4 Soluções

Saida Arquivo/Entrada/Class7/D7d14.txt

Minimizar a Perda Total
max retalho: 5

(0)(1100)	33.00	(59)18	(28)1	(5)2	0.00	0	

(1)(1100)	21.00	(36)30	(5)4	0.00	0	

(2)(1100)	9.00	(44)20	(20)9	(5)8	0.00	0	

(3)(494)	9.00	(44)6	(20)11	(5)2	0.00	0	

(4)(1100)	8.00	(28)29	(21)13	(5)3	0.00	0	

(5)(1100)	7.00	(28)4	(13)76	0.00	0	

(6)(1100)	6.00	(20)55	0.00	0	

(7)(39)	6.00	(13)3	0.00	0	

(8)(1000)	7.00	(51)19	(21)1	(5)2	0.00	0	

(9)(497)	4.00	(20)21	(5)15	2.00	0	

(10)(1100)	4.00	(21)50	(5)10	0.00	0	

(11)(1100)	2.00	(43)25	(5)5	0.00	0	
max retalho: 5

(0)(274)	1.00	(20)13	(13)1	1.00	0	

(1)(1100)	1.00	(59)6	(43)10	(36)8	(28)1	0.00	0	

(2)(1100)	1.00	(51)11	(43)5	(36)9	0.00	0	

(3)(262)	1.00	(44)3	(13)1	(5)23	2.00	0	

(7)(1100)	1.00	(21)16	(32)3	(668)1	0.00	764	
max retalho: 4

(0)(274)	2.00	(44)4	(36)2	(13)2	0.00	0	

(3)(497)	1.00	(59)7	(20)1	(32)2	0.00	64	
max retalho: 4

(0)(1100)	1.00	(59)1	(43)1	(44)2	(36)6	(20)1	(13)45	0	89	
Sobra Total: 917.00
Perda Total: 11.00

Total Barras Cortadas:
Barra (1000) : 7
Barra (1100) : 94
Barra (39) : 6
Barra (274) : 3
Barra (494) : 9
Barra (262) : 1
Barra (497) : 5

Retalhos Gerados:
Retalho (32) : 3
Retalho (668) : 1
Retalho (32) : 2
Retalho (89) : 1

7 Soluções

Saida Arquivo/Entrada/Class7/D7d14.txt

Minimizar a Perda Total
max retalho: 5

(0)(1100)	33.00	(59)18	(28)1	(5)2	0.00	0	

(1)(1100)	21.00	(36)30	(5)4	0.00	0	

(2)(1000)	9.00	(28)6	(13)64	0.00	0	

(3)(1100)	9.00	(44)25	0.00	0	

(4)(1100)	8.00	(20)55	0.00	0	

(5)(497)	7.00	(44)1	(21)20	(32)1	1.00	32	

(6)(1000)	7.00	(51)19	(21)1	(5)2	0.00	0	

(7)(1100)	5.00	(28)35	(21)5	(5)3	0.00	0	

(8)(274)	5.00	(51)2	(43)4	0.00	0	

(9)(1000)	2.00	(44)1	(21)44	(32)1	0.00	32	

(10)(494)	8.00	(44)1	(20)16	(5)26	0.00	0	

(11)(1100)	2.00	(43)22	(36)4	(5)2	0.00	0	

(12)(497)	2.00	(28)5	(21)17	0.00	0	

(13)(494)	1.00	(44)1	(21)21	9.00	0	
max retalho: 5

(0)(39)	6.00	(28)1	(5)2	1.00	0	

(1)(262)	1.00	(43)2	(36)1	(20)7	0.00	0	

(3)(1100)	1.00	(59)6	(20)21	(13)25	1.00	0	

(10)(262)	1.00	(59)1	(51)1	(36)1	(28)2	(20)3	0.00	0	
max retalho: 5

(0)(1100)	1.00	(59)7	(36)10	(28)3	(20)10	(5)8	3.00	0	
max retalho: 5

(0)(1000)	1.00	(44)4	(36)7	(28)11	(21)12	12.00	0	
Sobra Total: 288.00
Perda Total: 38.00

Total Barras Cortadas:
Barra (1000) : 19
Barra (1100) : 80
Barra (39) : 6
Barra (274) : 5
Barra (494) : 9
Barra (262) : 2
Barra (497) : 9

Retalhos Gerados:
Retalho (32) : 7
Retalho (32) : 2

10 Soluções

Saida Arquivo/Entrada/Class7/D7d14.txt

Minimizar a Perda Total
max retalho: 5

(0)(1100)	33.00	(59)18	(28)1	(5)2	0.00	0	

(1)(1100)	21.00	(36)30	(5)4	0.00	0	

(2)(1100)	9.00	(20)55	0.00	0	

(3)(1100)	8.00	(44)25	0.00	0	

(4)(1100)	7.00	(28)4	(13)76	0.00	0	

(5)(1000)	7.00	(51)19	(21)1	(5)2	0.00	0	

(6)(1100)	6.00	(28)35	(21)5	(5)3	0.00	0	

(7)(497)	4.00	(44)3	(20)9	(5)37	0.00	0	

(8)(262)	4.00	(51)1	(43)3	(36)2	(5)2	0.00	0	

(9)(494)	9.00	(44)2	(20)3	(21)16	(5)2	0.00	0	

(10)(1100)	2.00	(21)50	(5)10	0.00	0	

(11)(1100)	2.00	(43)22	(36)4	(5)2	0.00	0	
max retalho: 5

(0)(274)	1.00	(43)5	(20)1	(13)3	0.00	0	

(1)(1100)	1.00	(21)14	(13)62	0.00	0	

(2)(1100)	1.00	(51)7	(43)4	(36)11	(20)1	(5)31	0.00	0	

(3)(1100)	1.00	(44)9	(28)23	(21)1	(13)3	0.00	0	

(9)(497)	3.00	(59)3	(20)16	0.00	0	
max retalho: 5

(0)(1100)	1.00	(59)5	(43)1	(44)7	(21)21	(13)1	0.00	0	

(1)(274)	1.00	(44)1	(20)1	(21)10	0.00	0	
Sobra Total: 0.00
Perda Total: 0.00

Total Barras Cortadas:
Barra (1000) : 7
Barra (1100) : 92
Barra (39) : 0
Barra (274) : 2
Barra (494) : 9
Barra (262) : 4
Barra (497) : 7

Retalhos Gerados:
