
4 Soluções

Saida Arquivo/Entrada/Class7/D7d1.txt

Minimizar a Perda Total
max retalho: 5

(0)(1100)	31.00	(57)18	(26)2	(11)2	0.00	0	

(1)(1100)	24.00	(49)22	(11)2	0.00	0	

(2)(1100)	18.00	(42)7	(26)31	0.00	0	

(3)(1000)	17.00	(57)1	(27)30	(19)7	0.00	0	

(4)(1100)	17.00	(42)25	50.00	0	

(5)(493)	6.00	(42)1	(11)41	0.00	0	

(6)(37)	6.00	(26)1	(11)1	0.00	0	

(7)(1100)	5.00	(50)21	50.00	0	

(8)(257)	5.00	(42)3	(34)2	(26)2	(11)1	0.00	0	

(9)(1000)	5.00	(42)1	(34)26	(26)2	(11)2	0.00	0	

(10)(1000)	3.00	(57)3	(50)1	(19)41	0.00	0	

(11)(1000)	1.00	(57)1	(49)8	(19)1	(4)133	0.00	0	
max retalho: 5

(0)(245)	3.00	(57)1	(50)1	(34)4	2.00	0	

(1)(1100)	1.00	(57)1	(26)1	(27)23	(11)36	0.00	0	

(8)(1100)	1.00	(49)1	(42)5	(26)12	(27)2	(19)25	0.00	0	
max retalho: 5

(0)(245)	1.00	(26)1	(19)9	48.00	0	

(1)(1100)	1.00	(57)6	(50)15	8.00	0	

(2)(245)	1.00	(57)4	17.00	0	
max retalho: 5

(0)(1100)	1.00	(57)1	(50)2	(34)5	(26)12	0	461	
Sobra Total: 461.00
Perda Total: 1179.00

Total Barras Cortadas:
Barra (1000) : 26
Barra (1100) : 99
Barra (37) : 6
Barra (257) : 5
Barra (493) : 6
Barra (245) : 5
Barra (480) : 0

Retalhos Gerados:
Retalho (461) : 1

7 Soluções

Saida Arquivo/Entrada/Class7/D7d1.txt

Minimizar a Perda Total
max retalho: 5

(0)(1100)	30.00	(57)18	(26)2	(11)2	0.00	0	

(1)(1100)	27.00	(42)20	(26)10	0.00	0	

(2)(1100)	24.00	(49)22	(11)2	0.00	0	

(3)(1000)	17.00	(57)2	(27)30	(19)4	0.00	0	

(4)(1100)	5.00	(34)27	(26)7	0.00	0	

(5)(1100)	5.00	(50)22	0.00	0	

(6)(1000)	5.00	(57)4	(50)1	(19)38	0.00	0	

(7)(257)	5.00	(26)9	23.00	0	

(8)(245)	5.00	(26)9	11.00	0	

(9)(480)	4.00	(26)18	12.00	0	

(10)(1000)	1.00	(26)38	(11)1	1.00	0	

(11)(1100)	3.00	(42)7	(26)31	0.00	0	

(12)(1100)	3.00	(11)100	0.00	0	

(13)(1000)	1.00	(57)1	(49)8	(19)1	(4)133	0.00	0	
max retalho: 5

(0)(37)	6.00	(26)1	11.00	0	

(1)(1000)	1.00	(50)13	(42)1	(34)1	(27)10	4.00	0	

(2)(493)	1.00	(42)10	(34)2	5.00	0	

(8)(1100)	1.00	(57)5	(49)1	(42)2	(34)10	(19)18	0.00	0	
max retalho: 5

(0)(493)	1.00	(42)4	(34)9	19.00	0	

(2)(493)	1.00	(26)8	(27)10	(11)1	4.00	0	
max retalho: 5

(0)(1100)	1.00	(42)4	(27)5	(11)3	0	764	
Sobra Total: 764.00
Perda Total: 317.00

Total Barras Cortadas:
Barra (1000) : 25
Barra (1100) : 99
Barra (37) : 6
Barra (257) : 5
Barra (493) : 3
Barra (245) : 5
Barra (480) : 4

Retalhos Gerados:
Retalho (764) : 1

10 Soluções

Saida Arquivo/Entrada/Class7/D7d1.txt

Minimizar a Perda Total
max retalho: 5

(0)(1100)	24.00	(49)22	(11)2	0.00	0	

(1)(1100)	19.00	(50)1	(42)25	0.00	0	

(2)(1100)	19.00	(57)17	(34)2	(26)2	(11)1	0.00	0	

(3)(1000)	17.00	(57)2	(27)30	(19)4	0.00	0	

(4)(1100)	14.00	(42)1	(26)39	(11)4	0.00	0	

(5)(1000)	12.00	(57)12	(34)7	(26)3	0.00	0	

(6)(1000)	8.00	(57)9	(50)1	(19)23	0.00	0	

(7)(257)	5.00	(42)1	(34)6	(11)1	0.00	0	

(8)(1100)	4.00	(50)22	0.00	0	

(9)(480)	4.00	(57)6	(26)3	(19)2	(11)2	0.00	0	

(10)(493)	9.00	(50)1	(42)8	(26)2	(11)5	0.00	0	

(11)(1100)	2.00	(11)100	0.00	0	

(12)(1000)	1.00	(57)1	(49)8	(19)1	(4)133	0.00	0	
max retalho: 5

(0)(1100)	1.00	(42)14	(26)2	(27)4	(11)32	0.00	0	

(3)(245)	1.00	(49)1	(34)5	(26)1	0.00	0	

(5)(1100)	1.00	(50)4	(42)1	(26)13	(27)8	(19)16	0.00	0	

(9)(37)	6.00	(27)1	10.00	0	
max retalho: 5

(0)(245)	1.00	(57)1	(26)2	(27)5	1.00	0	
max retalho: 5

(0)(1000)	1.00	(57)1	(42)1	(26)4	(27)2	0	743	
Sobra Total: 743.00
Perda Total: 61.00

Total Barras Cortadas:
Barra (1000) : 39
Barra (1100) : 84
Barra (37) : 6
Barra (257) : 5
Barra (493) : 9
Barra (245) : 2
Barra (480) : 4

Retalhos Gerados:
Retalho (743) : 1
