
4 Soluções

Saida Arquivo/Entrada/Class7/D7d20.txt

Minimizar a Perda Total
max retalho: 5

(7)(1100)	2.00	(55)1	(32)3	(33)28	(25)1	0.00	0	

(8)(1100)	3.00	(17)63	(9)3	2.00	0	

(9)(35)	2.00	(25)1	(9)1	1.00	0	

(10)(490)	1.00	(55)3	(25)13	0.00	0	

(11)(48)	2.00	(25)1	(9)2	5.00	0	

(12)(1100)	2.00	(55)20	0.00	0	

(13)(1100)	1.00	(48)10	(33)1	(9)3	(10)56	0.00	0	

(14)(1000)	1.00	(25)8	(32)25	0.00	800	

(15)(490)	1.00	(9)54	4.00	0	
max retalho: 4

(0)(1000)	28.00	(57)15	(40)3	(25)1	0.00	0	

(1)(1100)	19.00	(48)17	(40)3	(9)4	(32)4	0.00	128	

(2)(1100)	4.00	(25)43	(9)2	7.00	0	

(3)(1000)	3.00	(40)1	(32)30	0.00	960	

(4)(1100)	1.00	(55)2	(57)1	(48)15	(40)1	(9)5	(32)4	0.00	128	

(5)(1100)	1.00	(48)1	(40)1	(33)16	(9)4	(32)14	0.00	448	

(8)(1100)	1.00	(57)1	(40)1	(32)29	(25)3	0.00	0	

(9)(255)	1.00	(9)28	3.00	0	
max retalho: 0

(0)(268)	4.00	(40)5	(17)4	0.00	0	

(1)(1100)	3.00	(32)34	12.00	0	

(2)(255)	1.00	(57)4	(9)3	0.00	0	
max retalho: 0

(1)(1100)	1.00	(25)38	150.00	0	
max retalho: 0

(0)(255)	1.00	(9)20	75.00	0	
max retalho: 0
max retalho: 0

(0)(255)	1.00	(32)4	(17)7	8.00	0	
Sobra Total: 6688.00
Perda Total: 322.00

Total Barras Cortadas:
Barra (1000) : 32
Barra (1100) : 38
Barra (48) : 2
Barra (268) : 4
Barra (35) : 2
Barra (255) : 4
Barra (490) : 2

Retalhos Gerados:
Retalho (32) : 25
Retalho (32) : 76
Retalho (32) : 90
Retalho (32) : 4
Retalho (32) : 14

10 Soluções

Saida Arquivo/Entrada/Class7/D7d20.txt

Minimizar a Perda Total
max retalho: 5

(0)(1100)	18.00	(57)16	(17)10	(9)2	0.00	0	

(1)(1100)	16.00	(57)1	(48)21	(17)1	(9)2	0.00	0	

(2)(1000)	9.00	(57)5	(40)17	(17)1	(9)2	0.00	0	

(3)(268)	7.00	(32)1	(25)8	(9)4	0.00	0	

(4)(1100)	4.00	(32)30	(25)2	(9)10	0.00	0	

(5)(1100)	4.00	(25)44	0.00	0	

(6)(1100)	4.00	(57)18	(33)1	(9)1	(32)1	0.00	32	

(7)(1100)	2.00	(55)2	(33)30	0.00	0	

(8)(1100)	2.00	(55)20	0.00	0	

(9)(255)	1.00	(9)28	3.00	0	

(10)(1100)	1.00	(48)10	(33)1	(9)3	(10)56	0.00	0	

(11)(48)	2.00	(25)1	(9)2	5.00	0	

(12)(490)	1.00	(33)4	(17)6	(32)8	0.00	256	
max retalho: 4

(0)(35)	1.00	(32)1	3.00	0	

(1)(255)	1.00	(57)4	27.00	0	

(2)(1100)	1.00	(48)3	(40)9	(25)20	(32)3	0.00	96	

(4)(255)	1.00	(55)1	(9)22	2.00	0	
max retalho: 4

(4)(1100)	1.00	(57)1	(40)5	(25)3	(32)24	0.00	768	

(9)(35)	1.00	(32)1	3.00	0	
max retalho: 3

(0)(1100)	1.00	(55)2	(32)2	(17)1	(32)28	13.00	896	

(1)(255)	1.00	(33)4	(25)2	73.00	0	
max retalho: 2

(0)(1000)	1.00	(32)7	(25)1	(9)1	0	742	
Sobra Total: 2886.00
Perda Total: 134.00

Total Barras Cortadas:
Barra (1000) : 10
Barra (1100) : 54
Barra (48) : 2
Barra (268) : 7
Barra (35) : 2
Barra (255) : 4
Barra (490) : 1

Retalhos Gerados:
Retalho (32) : 4
Retalho (32) : 8
Retalho (32) : 3
Retalho (32) : 24
Retalho (32) : 28
Retalho (742) : 1
