
4 Soluções

Saida Arquivo/Entrada/Class7/D7d2.txt

Minimizar a Perda Total
max retalho: 5

(0)(1000)	30.00	(41)5	(53)15	0.00	0	

(1)(1100)	15.00	(41)24	(43)2	(19)1	(11)1	0.00	0	

(2)(1100)	14.00	(58)18	(34)1	(11)2	0.00	0	

(3)(1100)	10.00	(34)1	(18)1	(19)54	(11)2	0.00	0	

(4)(1100)	7.00	(43)24	(34)2	0.00	0	

(5)(1000)	6.00	(50)20	0.00	0	

(6)(106)	5.00	(18)1	(11)8	0.00	0	

(7)(1100)	3.00	(34)28	(18)7	(11)2	0.00	0	

(8)(1100)	3.00	(18)60	20.00	0	

(9)(1100)	1.00	(58)1	(43)1	(26)37	(18)1	(19)1	0.00	0	
max retalho: 5

(0)(116)	5.00	(58)2	0.00	0	

(1)(106)	3.00	(53)2	0.00	0	

(2)(337)	1.00	(34)1	(18)8	(53)3	0.00	0	

(3)(1100)	1.00	(58)1	(50)4	(41)4	(34)10	(18)10	(19)6	(11)4	0.00	0	

(8)(116)	4.00	(58)1	(53)1	5.00	0	
max retalho: 5

(0)(337)	1.00	(34)3	(18)6	(53)1	0	74	
Sobra Total: 74.00
Perda Total: 80.00

Total Barras Cortadas:
Barra (1000) : 36
Barra (1100) : 54
Barra (116) : 9
Barra (350) : 0
Barra (104) : 0
Barra (337) : 2
Barra (106) : 8

Retalhos Gerados:
Retalho (74) : 1

7 Soluções

Saida Arquivo/Entrada/Class7/D7d2.txt

Minimizar a Perda Total
max retalho: 5

(0)(1000)	27.00	(41)19	(43)4	(19)2	(11)1	0.00	0	

(1)(1100)	19.00	(18)1	(11)2	(53)20	0.00	0	

(2)(1100)	17.00	(58)15	(18)1	(53)4	0.00	0	

(3)(1100)	9.00	(34)1	(18)1	(19)54	(11)2	0.00	0	

(4)(1100)	4.00	(50)5	(34)25	0.00	0	

(5)(116)	5.00	(50)1	(11)6	0.00	0	

(6)(1100)	4.00	(50)22	0.00	0	

(7)(1100)	3.00	(43)24	(34)2	0.00	0	

(8)(1100)	2.00	(18)60	20.00	0	

(9)(350)	3.00	(18)19	8.00	0	

(10)(1100)	1.00	(58)1	(43)1	(26)37	(18)1	(19)1	0.00	0	
max retalho: 5

(0)(106)	4.00	(34)1	(18)4	0.00	0	

(1)(1100)	1.00	(41)1	(43)5	(34)3	(53)14	0.00	0	

(2)(1100)	1.00	(58)4	(43)3	(34)10	(19)21	0.00	0	

(3)(1100)	1.00	(58)8	(50)11	(43)2	0.00	0	

(4)(337)	1.00	(43)7	(34)1	2.00	0	
max retalho: 5

(0)(337)	1.00	(43)1	(34)3	(18)2	(53)2	0	50	
Sobra Total: 50.00
Perda Total: 66.00

Total Barras Cortadas:
Barra (1000) : 27
Barra (1100) : 62
Barra (116) : 5
Barra (350) : 3
Barra (104) : 0
Barra (337) : 2
Barra (106) : 4

Retalhos Gerados:
Retalho (50) : 1

10 Soluções

Saida Arquivo/Entrada/Class7/D7d2.txt

Minimizar a Perda Total
max retalho: 5

(0)(1000)	27.00	(41)19	(43)4	(19)2	(11)1	0.00	0	

(1)(1100)	19.00	(18)1	(11)2	(53)20	0.00	0	

(2)(1100)	17.00	(58)15	(18)1	(53)4	0.00	0	

(3)(1100)	11.00	(34)10	(19)40	0.00	0	

(4)(104)	8.00	(34)2	(18)2	0.00	0	

(5)(106)	8.00	(18)5	16.00	0	

(6)(116)	7.00	(50)1	(11)6	0.00	0	

(7)(1000)	5.00	(50)20	0.00	0	

(8)(1100)	3.00	(43)24	(34)2	0.00	0	

(9)(337)	3.00	(18)18	13.00	0	

(10)(116)	2.00	(18)6	8.00	0	

(11)(350)	3.00	(18)19	8.00	0	

(12)(1000)	1.00	(50)1	(19)50	0.00	0	

(13)(1100)	1.00	(50)13	(18)25	0.00	0	

(14)(1100)	1.00	(58)1	(43)1	(26)37	(18)1	(19)1	0.00	0	
max retalho: 5

(0)(1100)	1.00	(58)5	(41)1	(43)11	(34)4	(53)3	1.00	0	

(4)(104)	1.00	(19)2	(11)6	0.00	0	
max retalho: 5

(0)(1100)	1.00	(58)7	(50)3	(43)4	(19)14	(53)2	0.00	0	
max retalho: 5

(0)(1000)	1.00	(43)3	(19)1	(53)11	0	269	
Sobra Total: 269.00
Perda Total: 208.00

Total Barras Cortadas:
Barra (1000) : 34
Barra (1100) : 54
Barra (116) : 9
Barra (350) : 3
Barra (104) : 9
Barra (337) : 3
Barra (106) : 8

Retalhos Gerados:
Retalho (269) : 1
