
4 Soluções

Saida Arquivo/Entrada/Class7/D7d3.txt

Minimizar a Perda Total
max retalho: 5

(0)(1100)	31.00	(47)1	(9)1	(58)18	0.00	0	

(1)(1100)	17.00	(39)4	(32)26	(16)7	0.00	0	

(2)(1100)	14.00	(47)4	(40)22	(16)2	0.00	0	

(3)(1100)	10.00	(55)2	(39)24	(9)6	0.00	0	

(4)(1100)	9.00	(39)28	8.00	0	

(5)(344)	6.00	(55)2	(9)26	0.00	0	

(6)(1100)	5.00	(16)5	(17)60	0.00	0	

(7)(1000)	5.00	(32)29	(9)8	0.00	0	

(8)(124)	5.00	(47)1	(17)4	(9)1	0.00	0	

(9)(111)	5.00	(47)2	(17)1	0.00	0	

(10)(346)	4.00	(24)13	(16)1	(9)2	0.00	0	

(11)(1100)	3.00	(47)22	(16)2	(17)2	0.00	0	

(12)(1100)	1.00	(55)20	0.00	0	
max retalho: 5

(0)(346)	2.00	(39)8	34.00	0	

(1)(98)	1.00	(16)6	2.00	0	

(2)(98)	1.00	(47)2	4.00	0	

(3)(98)	1.00	(32)1	(9)3	39.00	0	

(4)(1100)	1.00	(55)1	(40)9	(32)2	(24)2	(17)3	(58)9	0.00	0	
max retalho: 5

(0)(346)	2.00	(55)1	(32)9	3.00	0	

(5)(346)	1.00	(47)1	(58)4	(33)2	1.00	66	
max retalho: 5

(0)(1100)	1.00	(55)11	(39)1	(40)7	(32)5	(16)1	0.00	0	

(1)(98)	1.00	(40)1	(16)2	26.00	0	
max retalho: 5

(0)(1000)	1.00	(40)2	0	920	
Sobra Total: 986.00
Perda Total: 218.00

Total Barras Cortadas:
Barra (1000) : 6
Barra (1100) : 92
Barra (124) : 5
Barra (344) : 6
Barra (111) : 5
Barra (346) : 9
Barra (98) : 4

Retalhos Gerados:
Retalho (33) : 2
Retalho (920) : 1

7 Soluções

Saida Arquivo/Entrada/Class7/D7d3.txt

Minimizar a Perda Total
max retalho: 5

(0)(1100)	30.00	(47)1	(9)1	(58)18	0.00	0	

(1)(1100)	20.00	(39)24	(32)5	4.00	0	

(2)(1100)	12.00	(40)25	(16)2	(17)4	0.00	0	

(3)(1000)	12.00	(39)1	(32)23	(16)13	(17)1	0.00	0	

(4)(346)	8.00	(55)1	(32)9	3.00	0	

(5)(1100)	6.00	(47)21	(40)2	(16)1	(17)1	0.00	0	

(6)(344)	5.00	(40)1	(24)3	(58)4	0.00	0	

(7)(111)	5.00	(55)2	1.00	0	

(8)(1100)	4.00	(39)4	(17)55	(9)1	0.00	0	

(9)(98)	4.00	(32)3	2.00	0	

(10)(1000)	4.00	(32)29	(33)2	6.00	66	

(11)(124)	5.00	(39)3	7.00	0	

(12)(1100)	3.00	(55)2	(39)9	(9)71	0.00	0	

(13)(1000)	2.00	(55)17	(32)1	(33)1	0.00	33	

(14)(1000)	1.00	(39)2	(24)38	(9)1	1.00	0	

(15)(1100)	1.00	(32)32	(16)1	(17)3	(9)1	0.00	0	
max retalho: 5

(0)(1100)	1.00	(47)14	(40)10	(9)3	15.00	0	

(1)(1100)	1.00	(55)5	(24)1	(17)45	(33)1	3.00	33	

(2)(1100)	1.00	(39)25	125.00	0	
max retalho: 5

(0)(1100)	1.00	(55)3	(47)1	(32)3	(16)3	(9)44	(58)6	0.00	0	
max retalho: 5

(0)(1000)	1.00	(16)1	(9)7	(58)5	0	631	
Sobra Total: 994.00
Perda Total: 320.00

Total Barras Cortadas:
Barra (1000) : 20
Barra (1100) : 80
Barra (124) : 5
Barra (344) : 5
Barra (111) : 5
Barra (346) : 8
Barra (98) : 4

Retalhos Gerados:
Retalho (33) : 8
Retalho (33) : 2
Retalho (33) : 1
Retalho (631) : 1

10 Soluções

Saida Arquivo/Entrada/Class7/D7d3.txt

Minimizar a Perda Total
max retalho: 5

(0)(1100)	33.00	(40)2	(17)2	(58)17	0.00	0	

(1)(1000)	14.00	(39)24	(32)2	0.00	0	

(2)(1100)	12.00	(47)12	(40)13	(16)1	0.00	0	

(3)(1000)	9.00	(39)1	(32)29	(33)1	0.00	33	

(4)(1100)	7.00	(39)4	(32)21	(16)17	0.00	0	

(5)(1100)	7.00	(55)8	(39)16	(9)4	0.00	0	

(6)(344)	6.00	(32)6	(16)1	(17)8	0.00	0	

(7)(124)	5.00	(32)2	(17)3	(9)1	0.00	0	

(8)(111)	4.00	(39)1	(24)3	0.00	0	

(9)(1100)	4.00	(55)2	(39)12	(9)58	0.00	0	

(10)(1100)	4.00	(47)4	(40)22	(16)2	0.00	0	

(11)(346)	5.00	(32)9	(16)2	(17)1	(9)1	0.00	0	

(12)(98)	4.00	(39)2	20.00	0	

(13)(1100)	3.00	(16)5	(17)60	0.00	0	

(14)(346)	3.00	(24)13	(16)1	(9)2	0.00	0	

(15)(1100)	2.00	(39)4	(32)29	(16)1	0.00	0	
max retalho: 5

(0)(346)	1.00	(47)7	17.00	0	

(1)(1100)	1.00	(39)7	(40)9	(32)7	(9)27	0.00	0	

(3)(1100)	1.00	(55)2	(40)5	(32)4	(16)16	(58)7	0.00	0	

(9)(111)	1.00	(39)1	(24)3	0.00	0	
max retalho: 5

(0)(1100)	1.00	(47)4	(39)8	(40)3	(17)18	(58)3	0.00	0	

(1)(1100)	1.00	(32)17	556.00	0	
max retalho: 5

(0)(1000)	1.00	(39)8	(17)2	0	654	
Sobra Total: 951.00
Perda Total: 653.00

Total Barras Cortadas:
Barra (1000) : 24
Barra (1100) : 76
Barra (124) : 5
Barra (344) : 6
Barra (111) : 5
Barra (346) : 9
Barra (98) : 4

Retalhos Gerados:
Retalho (33) : 9
Retalho (654) : 1
