
4 Soluções

Saida Arquivo/Entrada/Class7/D7d4.txt

Minimizar a Perda Total
max retalho: 5

(0)(1100)	15.00	(53)14	(38)5	(56)3	0.00	0	

(1)(1100)	10.00	(45)16	(30)11	(22)1	(14)2	0.00	0	

(2)(106)	9.00	(15)7	1.00	0	

(3)(93)	9.00	(15)5	18.00	0	

(4)(1100)	8.00	(37)2	(38)27	0.00	0	

(5)(340)	5.00	(38)1	(15)20	2.00	0	

(6)(1100)	4.00	(37)28	(22)1	(14)3	0.00	0	

(7)(1000)	3.00	(38)2	(14)2	(56)16	0.00	0	

(8)(1000)	5.00	(30)29	(14)5	(15)4	0.00	0	

(9)(1100)	1.00	(14)77	(15)1	7.00	0	

(10)(1100)	1.00	(22)50	0.00	0	
max retalho: 5

(0)(119)	1.00	(15)7	14.00	0	

(1)(1100)	1.00	(45)2	(38)4	(22)18	(14)33	0.00	0	

(2)(341)	1.00	(30)9	(14)5	1.00	0	

(3)(341)	1.00	(37)9	(7)1	1.00	0	

(4)(341)	1.00	(53)3	(14)1	(56)3	0.00	0	

(5)(119)	1.00	(14)2	(7)13	0.00	0	
max retalho: 5

(0)(119)	1.00	(45)1	(22)1	(15)3	(7)1	0.00	0	
max retalho: 5

(0)(119)	1.00	(45)1	(22)3	8.00	0	

(1)(1100)	1.00	(45)9	(22)1	(56)12	1.00	0	
max retalho: 5

(0)(341)	1.00	(45)1	0	296	
Sobra Total: 296.00
Perda Total: 213.00

Total Barras Cortadas:
Barra (1000) : 8
Barra (1100) : 41
Barra (119) : 4
Barra (340) : 5
Barra (106) : 9
Barra (341) : 4
Barra (93) : 9

Retalhos Gerados:
Retalho (296) : 1

7 Soluções

Saida Arquivo/Entrada/Class7/D7d4.txt

Minimizar a Perda Total
max retalho: 5

(0)(1000)	13.00	(45)8	(30)19	(14)5	0.00	0	

(1)(1100)	10.00	(53)18	(38)2	(14)1	(56)1	0.00	0	

(2)(1100)	9.00	(37)2	(38)27	0.00	0	

(3)(93)	9.00	(15)6	3.00	0	

(4)(106)	8.00	(22)1	(14)6	0.00	0	

(5)(1100)	6.00	(37)1	(38)4	(15)1	(56)16	0.00	0	

(6)(340)	5.00	(45)6	(14)5	0.00	0	

(7)(1100)	4.00	(37)28	(22)1	(14)3	0.00	0	

(8)(341)	4.00	(38)1	(15)20	3.00	0	

(9)(1000)	2.00	(45)20	(30)1	(14)5	0.00	0	

(10)(119)	6.00	(14)1	(15)7	0.00	0	

(11)(1100)	1.00	(22)50	0.00	0	

(12)(1100)	1.00	(53)16	(38)2	(15)1	(7)15	(56)1	0.00	0	

(14)(106)	1.00	(15)7	1.00	0	
max retalho: 5

(0)(1000)	1.00	(37)1	(38)13	(30)6	(22)7	(15)9	0.00	0	

(1)(1100)	1.00	(53)17	199.00	0	
max retalho: 5

(0)(1000)	1.00	(30)8	(22)9	(14)4	(15)30	(56)1	0.00	0	
max retalho: 5

(0)(1000)	1.00	(30)1	(22)9	(14)1	(15)10	0	608	
Sobra Total: 608.00
Perda Total: 239.00

Total Barras Cortadas:
Barra (1000) : 18
Barra (1100) : 32
Barra (119) : 6
Barra (340) : 5
Barra (106) : 9
Barra (341) : 4
Barra (93) : 9

Retalhos Gerados:
Retalho (608) : 1

10 Soluções

Saida Arquivo/Entrada/Class7/D7d4.txt

Minimizar a Perda Total
max retalho: 5

(0)(1000)	20.00	(53)10	(38)5	(56)5	0.00	0	

(1)(93)	9.00	(15)6	3.00	0	

(2)(106)	9.00	(22)1	(14)6	0.00	0	

(3)(1000)	8.00	(45)2	(30)28	(14)5	0.00	0	

(4)(1100)	7.00	(38)28	(22)1	(14)1	0.00	0	

(5)(1100)	7.00	(45)22	(30)2	(22)1	(14)2	0.00	0	

(6)(1100)	4.00	(37)28	(22)1	(14)3	0.00	0	

(7)(341)	4.00	(14)4	(15)19	0.00	0	

(8)(340)	3.00	(22)1	(15)21	3.00	0	

(9)(340)	1.00	(15)4	(56)5	0.00	0	

(10)(119)	6.00	(14)3	(15)5	2.00	0	

(11)(1100)	1.00	(22)50	0.00	0	
max retalho: 5

(0)(1100)	1.00	(53)13	411.00	0	

(1)(1100)	1.00	(37)7	(38)10	(30)6	(14)20	1.00	0	

(5)(340)	1.00	(37)1	(15)9	(56)3	0.00	0	
max retalho: 5

(0)(1100)	1.00	(45)4	(37)1	(30)20	(22)7	(15)3	(7)12	0.00	0	
max retalho: 5

(0)(1000)	1.00	(37)16	(7)3	0	387	
Sobra Total: 387.00
Perda Total: 460.00

Total Barras Cortadas:
Barra (1000) : 29
Barra (1100) : 22
Barra (119) : 6
Barra (340) : 5
Barra (106) : 9
Barra (341) : 4
Barra (93) : 9

Retalhos Gerados:
Retalho (387) : 1
