
4 Soluções

Saida Arquivo/Entrada/Class7/D7d5.txt

Minimizar a Perda Total
max retalho: 5

(9)(1000)	10.00	(43)22	(35)1	(19)1	0.00	0	

(10)(1000)	1.00	(19)36	(35)9	1.00	315	
max retalho: 4

(0)(1000)	33.00	(59)15	(51)2	(13)1	0.00	0	

(1)(1100)	33.00	(58)18	(43)1	(13)1	0.00	0	

(2)(1100)	19.00	(51)20	(28)1	(13)4	0.00	0	

(3)(1000)	18.00	(36)13	(28)19	0.00	0	

(4)(1100)	15.00	(51)4	(43)20	(36)1	0.00	0	

(5)(1100)	10.00	(36)28	(19)3	(11)2	(13)1	0.00	0	

(6)(1100)	2.00	(19)54	(11)2	(13)4	0.00	0	

(7)(274)	5.00	(59)2	(51)2	(43)1	(11)1	0.00	0	

(8)(1100)	1.00	(11)48	(13)44	0.00	0	

(9)(275)	1.00	(11)25	0.00	0	
max retalho: 4

(0)(1100)	17.00	(11)1	(35)31	4.00	1085	

(1)(54)	6.00	(28)1	(13)2	0.00	0	

(2)(275)	1.00	(11)6	(13)16	1.00	0	

(3)(275)	1.00	(58)1	(43)5	2.00	0	

(4)(1100)	1.00	(59)12	(51)6	(43)2	0.00	0	

(5)(494)	1.00	(58)6	(59)1	(43)2	1.00	0	
max retalho: 3

(4)(1100)	1.00	(58)1	(43)2	(28)3	(11)3	(13)15	0	644	
Sobra Total: 19404.00
Perda Total: 73.00

Total Barras Cortadas:
Barra (1000) : 62
Barra (1100) : 99
Barra (54) : 6
Barra (274) : 5
Barra (42) : 0
Barra (275) : 3
Barra (494) : 1

Retalhos Gerados:
Retalho (35) : 9
Retalho (35) : 527
Retalho (644) : 1

7 Soluções

Saida Arquivo/Entrada/Class7/D7d5.txt

Minimizar a Perda Total
max retalho: 5

(6)(494)	8.00	(43)7	(36)5	(13)1	0.00	0	

(7)(274)	5.00	(58)1	(28)7	20.00	0	

(8)(1000)	1.00	(35)10	(13)50	0.00	0	

(9)(1000)	1.00	(11)75	(35)5	0.00	175	

(10)(1100)	33.00	(58)18	(19)1	(11)1	(13)2	0.00	0	

(11)(1000)	1.00	(58)1	(28)33	18.00	0	
max retalho: 4

(0)(1000)	34.00	(51)13	(43)7	(36)1	0.00	0	

(1)(1000)	34.00	(59)15	(51)2	(13)1	0.00	0	

(2)(1100)	18.00	(36)22	(28)11	0.00	0	

(3)(1100)	7.00	(43)21	(36)1	(28)1	(19)7	0.00	0	

(4)(1000)	6.00	(43)15	(36)3	(19)13	0.00	0	

(5)(54)	6.00	(28)1	(19)1	7.00	0	

(6)(1000)	3.00	(36)6	(28)28	0.00	0	

(7)(1000)	1.00	(11)18	(13)61	9.00	0	

(9)(1100)	1.00	(58)2	(43)15	(36)6	(28)1	(19)5	0.00	0	
max retalho: 4

(0)(1100)	18.00	(43)1	(35)30	7.00	1050	

(1)(42)	5.00	(13)3	3.00	0	

(2)(275)	1.00	(59)1	(28)6	(11)2	(13)2	0.00	0	

(5)(275)	1.00	(36)5	(19)5	0.00	0	
max retalho: 3
max retalho: 3

(0)(494)	1.00	(59)1	(43)1	(36)5	(19)5	(13)9	0.00	0	
max retalho: 3

(0)(1100)	16.00	(35)31	15.00	0	

(1)(42)	3.00	(19)1	23.00	0	

(2)(275)	2.00	(59)3	98.00	0	

(3)(1100)	1.00	(51)12	(43)4	(35)8	(13)2	10.00	0	

(7)(42)	1.00	(35)1	7.00	0	
max retalho: 3

(0)(1000)	1.00	(35)10	0	650	
Sobra Total: 19725.00
Perda Total: 832.00

Total Barras Cortadas:
Barra (1000) : 82
Barra (1100) : 94
Barra (54) : 6
Barra (274) : 5
Barra (42) : 9
Barra (275) : 4
Barra (494) : 9

Retalhos Gerados:
Retalho (35) : 5
Retalho (35) : 540
Retalho (650) : 1

10 Soluções

Saida Arquivo/Entrada/Class7/D7d5.txt

Minimizar a Perda Total
max retalho: 5

(0)(1000)	38.00	(58)14	(59)3	(11)1	0.00	0	

(1)(1100)	26.00	(51)20	(43)1	(11)1	(13)2	0.00	0	

(2)(1000)	24.00	(35)9	(36)19	1.00	0	

(3)(1100)	22.00	(43)24	(36)1	(19)1	(13)1	0.00	0	

(4)(1100)	22.00	(59)18	(19)2	0.00	0	

(5)(1000)	15.00	(35)9	(28)24	(13)1	0.00	0	

(6)(494)	9.00	(35)10	(36)4	0.00	0	

(7)(42)	9.00	(35)1	7.00	0	

(8)(274)	5.00	(58)4	(35)1	7.00	0	

(9)(275)	4.00	(58)4	(35)1	8.00	0	

(10)(1100)	2.00	(35)10	(11)2	(13)56	0.00	0	

(11)(54)	6.00	(35)1	(11)1	8.00	0	

(12)(1100)	2.00	(19)56	(35)1	1.00	35	

(13)(1000)	2.00	(58)14	(13)1	(35)5	0.00	175	
max retalho: 4

(0)(1000)	1.00	(35)27	(11)5	0.00	0	

(1)(1100)	1.00	(43)15	(35)10	105.00	350	

(3)(1100)	1.00	(58)6	(59)8	(36)1	(19)6	(13)10	0.00	0	
max retalho: 3

(0)(1100)	1.00	(51)2	(35)3	(36)4	(28)10	(11)6	(13)31	0.00	0	

(4)(1100)	1.00	(35)3	995.00	0	
max retalho: 3

(0)(1100)	1.00	(35)4	(36)10	(11)43	(13)3	0	88	
Sobra Total: 858.00
Perda Total: 1304.00

Total Barras Cortadas:
Barra (1000) : 80
Barra (1100) : 79
Barra (54) : 6
Barra (274) : 5
Barra (42) : 9
Barra (275) : 4
Barra (494) : 9

Retalhos Gerados:
Retalho (35) : 2
Retalho (35) : 10
Retalho (35) : 10
Retalho (88) : 1
