
4 Soluções

Saida Arquivo/Entrada/Class7/D7d6.txt

Minimizar a Perda Total
max retalho: 5

(0)(1000)	35.00	(46)16	(38)4	(56)2	0.00	0	

(1)(1100)	13.00	(38)1	(22)48	6.00	0	

(2)(1100)	12.00	(39)24	(22)3	(7)14	0.00	0	

(3)(1100)	10.00	(39)23	(14)14	(7)1	0.00	0	

(4)(1100)	9.00	(31)33	(14)4	(7)3	0.00	0	

(5)(120)	9.00	(38)3	6.00	0	

(6)(1100)	7.00	(38)2	(16)1	(56)18	0.00	0	

(7)(353)	4.00	(14)25	3.00	0	

(8)(341)	4.00	(38)8	(32)1	5.00	32	

(9)(108)	8.00	(38)2	32.00	0	

(10)(1100)	1.00	(54)19	(31)1	(22)1	(14)1	(7)1	0.00	0	

(11)(1100)	1.00	(14)1	(16)67	(7)2	0.00	0	

(13)(108)	1.00	(38)1	(14)5	0.00	0	
max retalho: 5

(0)(119)	2.00	(39)2	41.00	0	

(1)(119)	2.00	(7)1	(56)2	0.00	0	

(2)(119)	1.00	(31)3	(7)3	5.00	0	

(3)(1100)	1.00	(54)5	(46)3	(38)13	(22)1	(14)8	(16)4	0.00	0	

(4)(1100)	1.00	(54)2	(46)8	(39)16	0.00	0	

(10)(119)	2.00	(54)2	11.00	0	
max retalho: 5

(0)(1100)	1.00	(54)4	(46)4	(38)1	(39)11	(31)2	(7)5	(56)1	0	80	
Sobra Total: 208.00
Perda Total: 529.00

Total Barras Cortadas:
Barra (1000) : 35
Barra (1100) : 56
Barra (119) : 7
Barra (353) : 4
Barra (120) : 9
Barra (341) : 4
Barra (108) : 9

Retalhos Gerados:
Retalho (32) : 4
Retalho (80) : 1

7 Soluções

Saida Arquivo/Entrada/Class7/D7d6.txt

Minimizar a Perda Total
max retalho: 5

(0)(1100)	25.00	(46)23	(14)3	0.00	0	

(1)(1100)	13.00	(39)1	(22)48	5.00	0	

(2)(1100)	13.00	(39)23	(14)13	(7)3	0.00	0	

(3)(1100)	10.00	(38)2	(16)1	(56)18	0.00	0	

(4)(1100)	9.00	(31)33	(14)4	(7)3	0.00	0	

(5)(108)	9.00	(38)2	(32)1	0.00	32	

(6)(120)	9.00	(38)2	(39)1	5.00	0	

(7)(1000)	4.00	(38)24	(16)2	(56)1	0.00	0	

(8)(1100)	4.00	(39)23	(7)29	0.00	0	

(9)(353)	4.00	(38)9	(7)1	4.00	0	

(10)(341)	4.00	(38)8	(7)2	23.00	0	

(11)(119)	9.00	(38)2	(39)1	4.00	0	

(12)(1000)	4.00	(39)25	(7)3	4.00	0	

(13)(1100)	1.00	(54)19	(31)1	(22)1	(14)1	(7)1	0.00	0	

(15)(1000)	1.00	(39)24	(32)2	0.00	64	
max retalho: 5

(0)(1100)	1.00	(54)3	(38)19	(16)3	(56)3	0.00	0	

(3)(1100)	1.00	(54)9	(39)3	(22)12	(14)10	(16)1	(7)11	0.00	0	
max retalho: 5

(0)(1100)	1.00	(54)3	(16)20	(56)11	2.00	0	

(4)(1100)	1.00	(22)25	(16)34	6.00	0	
max retalho: 5

(0)(1000)	1.00	(31)5	(16)2	(56)3	0	645	
Sobra Total: 997.00
Perda Total: 278.00

Total Barras Cortadas:
Barra (1000) : 10
Barra (1100) : 79
Barra (119) : 9
Barra (353) : 4
Barra (120) : 9
Barra (341) : 4
Barra (108) : 9

Retalhos Gerados:
Retalho (32) : 9
Retalho (32) : 2
Retalho (645) : 1

10 Soluções

Saida Arquivo/Entrada/Class7/D7d6.txt

Minimizar a Perda Total
max retalho: 5

(0)(1100)	33.00	(46)17	(38)1	(56)5	0.00	0	

(1)(1100)	21.00	(39)23	(14)13	(7)3	0.00	0	

(2)(1000)	10.00	(22)41	(7)14	0.00	0	

(3)(1100)	10.00	(39)4	(31)30	(14)1	0.00	0	

(4)(1100)	7.00	(38)28	(32)1	4.00	32	

(5)(1100)	5.00	(22)50	0.00	0	

(6)(1100)	1.00	(54)19	(31)1	(22)1	(14)1	(7)1	0.00	0	

(7)(1000)	1.00	(14)4	(16)59	0.00	0	

(8)(1100)	1.00	(39)26	(22)1	(32)2	0.00	64	

(9)(1100)	2.00	(38)5	(7)2	(56)16	0.00	0	
max retalho: 5

(0)(119)	2.00	(7)1	(56)2	0.00	0	

(1)(1100)	1.00	(46)11	(38)14	(31)2	0.00	0	

(2)(1100)	1.00	(54)15	(16)18	2.00	0	

(3)(120)	1.00	(7)8	(32)2	0.00	64	

(4)(108)	1.00	(46)1	(14)3	20.00	0	

(7)(119)	1.00	(38)3	5.00	0	
max retalho: 5

(0)(108)	1.00	(46)2	16.00	0	

(1)(108)	1.00	(38)1	(16)1	0	54	
Sobra Total: 406.00
Perda Total: 71.00

Total Barras Cortadas:
Barra (1000) : 11
Barra (1100) : 82
Barra (119) : 3
Barra (353) : 0
Barra (120) : 1
Barra (341) : 0
Barra (108) : 3

Retalhos Gerados:
Retalho (32) : 7
Retalho (32) : 2
Retalho (32) : 2
Retalho (54) : 1
