
4 Soluções

Saida Arquivo/Entrada/Class7/D7d7.txt

Minimizar a Perda Total
max retalho: 5

(0)(1100)	23.00	(35)31	(5)3	0.00	0	

(1)(1100)	19.00	(36)30	(5)4	0.00	0	

(2)(1100)	11.00	(43)25	(12)1	(13)1	0.00	0	

(3)(1100)	7.00	(28)35	(12)10	0.00	0	

(4)(495)	7.00	(52)3	(12)12	(13)15	0.00	0	

(5)(1100)	6.00	(58)18	(43)1	(13)1	0.00	0	

(6)(1100)	5.00	(12)90	(5)4	0.00	0	

(7)(1100)	2.00	(20)52	(5)12	0.00	0	

(8)(1100)	1.00	(5)220	0.00	0	

(9)(1100)	20.00	(52)21	8.00	0	

(10)(495)	2.00	(20)21	(5)15	0.00	0	
max retalho: 5

(0)(38)	5.00	(13)2	(5)1	7.00	0	

(1)(1100)	1.00	(52)1	(35)8	(36)21	(12)1	0.00	0	

(2)(483)	1.00	(52)9	(12)1	3.00	0	

(3)(1100)	1.00	(36)1	(28)31	(20)5	(12)8	0.00	0	

(4)(483)	1.00	(58)5	(52)1	(35)3	(36)1	0.00	0	

(10)(38)	1.00	(12)3	2.00	0	
max retalho: 5

(0)(1100)	1.00	(52)2	(43)6	(35)4	(36)6	(12)28	(13)1	(5)6	3.00	0	
max retalho: 5

(0)(1000)	1.00	(5)86	0	570	
Sobra Total: 570.00
Perda Total: 203.00

Total Barras Cortadas:
Barra (1000) : 1
Barra (1100) : 97
Barra (38) : 6
Barra (259) : 0
Barra (495) : 9
Barra (261) : 0
Barra (483) : 2

Retalhos Gerados:
Retalho (570) : 1

7 Soluções

Saida Arquivo/Entrada/Class7/D7d7.txt

Minimizar a Perda Total
max retalho: 5

(0)(1100)	23.00	(35)31	(5)3	0.00	0	

(1)(1100)	22.00	(52)19	(28)4	0.00	0	

(2)(1100)	19.00	(36)30	(5)4	0.00	0	

(3)(1100)	11.00	(43)25	(12)1	(13)1	0.00	0	

(4)(1100)	7.00	(28)2	(12)87	0.00	0	

(5)(1100)	6.00	(58)18	(43)1	(13)1	0.00	0	

(6)(1100)	5.00	(52)5	(28)30	0.00	0	

(7)(1100)	3.00	(20)49	(5)24	0.00	0	

(8)(495)	2.00	(13)38	1.00	0	

(9)(38)	6.00	(28)1	(5)2	0.00	0	

(10)(1000)	1.00	(5)200	0.00	0	
max retalho: 5

(0)(259)	3.00	(52)2	(5)31	0.00	0	

(1)(259)	1.00	(52)4	(36)1	(5)3	0.00	0	

(3)(1000)	1.00	(43)6	(28)6	(20)4	(12)36	(13)4	(5)2	0.00	0	
max retalho: 5

(0)(495)	1.00	(35)9	(36)5	0.00	0	

(6)(1100)	1.00	(58)5	(52)1	(28)12	(13)29	(5)9	0.00	0	
max retalho: 5

(0)(483)	1.00	(35)6	(36)5	(13)7	2.00	0	
max retalho: 5

(0)(1000)	1.00	(36)18	0	352	
Sobra Total: 352.00
Perda Total: 4.00

Total Barras Cortadas:
Barra (1000) : 3
Barra (1100) : 97
Barra (38) : 6
Barra (259) : 4
Barra (495) : 3
Barra (261) : 0
Barra (483) : 1

Retalhos Gerados:
Retalho (352) : 1

10 Soluções

Saida Arquivo/Entrada/Class7/D7d7.txt

Minimizar a Perda Total
max retalho: 5

(0)(1100)	23.00	(35)31	(5)3	0.00	0	

(1)(1100)	22.00	(52)19	(28)4	0.00	0	

(2)(1100)	19.00	(36)30	(5)4	0.00	0	

(3)(1100)	11.00	(43)25	(12)1	(13)1	0.00	0	

(4)(1000)	7.00	(12)83	4.00	0	

(5)(1100)	6.00	(58)18	(43)1	(13)1	0.00	0	

(6)(1100)	5.00	(52)3	(28)33	(20)1	0.00	0	

(7)(261)	4.00	(52)2	(12)13	1.00	0	

(8)(1100)	2.00	(20)55	0.00	0	

(9)(1000)	1.00	(5)200	0.00	0	

(10)(1100)	1.00	(13)83	21.00	0	
max retalho: 5

(0)(259)	4.00	(52)3	(28)1	(20)3	(5)3	0.00	0	

(1)(495)	1.00	(58)5	(43)1	(12)12	(13)1	(5)1	0.00	0	

(2)(1100)	1.00	(36)25	(5)40	0.00	0	

(3)(1100)	1.00	(35)15	(28)4	(20)3	(13)31	0.00	0	

(5)(483)	1.00	(28)11	(20)8	(5)3	0.00	0	
max retalho: 5

(0)(1100)	1.00	(52)1	(36)4	(28)1	(20)13	(5)123	1.00	0	
max retalho: 5

(0)(38)	2.00	(28)1	(5)2	0.00	0	

(1)(38)	1.00	(5)7	3.00	0	

(2)(259)	1.00	(43)5	(28)1	(13)1	3.00	0	
max retalho: 5

(0)(1000)	1.00	(5)1	0	995	
Sobra Total: 995.00
Perda Total: 60.00

Total Barras Cortadas:
Barra (1000) : 9
Barra (1100) : 92
Barra (38) : 3
Barra (259) : 5
Barra (495) : 1
Barra (261) : 4
Barra (483) : 1

Retalhos Gerados:
Retalho (995) : 1
