
4 Soluções

Saida Arquivo/Entrada/Class7/D7d8.txt

Minimizar a Perda Total
max retalho: 5

(0)(1000)	18.00	(30)18	(23)20	0.00	0	

(1)(1100)	14.00	(45)12	(30)11	(23)10	0.00	0	

(2)(1100)	8.00	(53)20	40.00	0	

(3)(1100)	6.00	(38)28	(6)6	0.00	0	

(4)(1100)	5.00	(22)2	(15)66	(6)11	0.00	0	

(5)(1100)	2.00	(22)1	(23)46	(6)3	2.00	0	

(6)(1100)	2.00	(22)11	(6)143	0.00	0	

(7)(1100)	2.00	(46)22	(38)2	(6)2	0.00	0	

(8)(1100)	1.00	(53)2	(22)45	4.00	0	

(9)(1100)	15.00	(6)6	(56)19	0.00	0	
max retalho: 5

(0)(355)	1.00	(22)15	25.00	0	

(1)(1100)	1.00	(53)8	(45)12	(38)3	(22)1	0.00	0	

(2)(1100)	1.00	(22)5	(23)15	(15)43	0.00	0	

(5)(1100)	1.00	(46)4	(38)12	(23)1	(15)3	(56)7	0.00	0	

(9)(95)	4.00	(23)4	3.00	0	
max retalho: 5

(0)(355)	1.00	(38)2	(23)3	(6)35	0.00	0	

(1)(1000)	1.00	(22)20	(6)3	(33)9	(245)1	0.00	542	
max retalho: 4

(0)(1000)	1.00	(23)1	(6)23	0	839	
Sobra Total: 1381.00
Perda Total: 365.00

Total Barras Cortadas:
Barra (1000) : 20
Barra (1100) : 58
Barra (120) : 0
Barra (355) : 2
Barra (107) : 0
Barra (342) : 0
Barra (95) : 4

Retalhos Gerados:
Retalho (33) : 9
Retalho (245) : 1
Retalho (839) : 1

7 Soluções

Saida Arquivo/Entrada/Class7/D7d8.txt

Minimizar a Perda Total
max retalho: 5

(0)(1100)	22.00	(45)8	(30)17	(23)10	0.00	0	

(1)(1100)	13.00	(6)6	(56)19	0.00	0	

(2)(1100)	12.00	(53)14	(38)5	(56)3	0.00	0	

(3)(1100)	8.00	(23)46	(6)7	0.00	0	

(4)(355)	8.00	(22)6	(6)37	1.00	0	

(5)(1100)	5.00	(22)2	(15)66	(6)11	0.00	0	

(6)(1000)	4.00	(38)25	(22)2	(6)1	0.00	0	

(7)(95)	3.00	(22)4	(6)1	1.00	0	

(8)(1100)	2.00	(30)35	(22)2	(6)1	0.00	0	

(9)(1100)	2.00	(46)22	(38)2	(6)2	0.00	0	

(10)(107)	4.00	(22)4	(6)2	7.00	0	
max retalho: 5

(0)(1100)	1.00	(22)21	(23)5	(15)5	(56)8	0.00	0	

(1)(1100)	1.00	(53)2	(46)4	(38)6	(30)1	(23)24	0.00	0	

(2)(1100)	1.00	(30)29	(23)10	0.00	0	

(8)(1100)	1.00	(45)4	(38)16	(30)4	(6)32	0.00	0	
max retalho: 5

(0)(342)	1.00	(22)1	(23)1	(15)16	(56)1	1.00	0	

(1)(355)	1.00	(15)20	55.00	0	

(4)(120)	1.00	(38)2	44.00	0	
max retalho: 5

(0)(1000)	1.00	(38)1	(15)5	0	887	
Sobra Total: 887.00
Perda Total: 139.00

Total Barras Cortadas:
Barra (1000) : 5
Barra (1100) : 68
Barra (120) : 1
Barra (355) : 9
Barra (107) : 4
Barra (342) : 1
Barra (95) : 3

Retalhos Gerados:
Retalho (887) : 1

10 Soluções

Saida Arquivo/Entrada/Class7/D7d8.txt

Minimizar a Perda Total
max retalho: 5

(0)(1100)	18.00	(45)2	(30)26	(23)10	0.00	0	

(1)(1100)	13.00	(6)6	(56)19	0.00	0	

(2)(1100)	12.00	(53)14	(38)5	(56)3	0.00	0	

(3)(1100)	9.00	(23)46	(6)7	0.00	0	

(4)(342)	9.00	(15)10	(6)32	0.00	0	

(5)(1000)	5.00	(45)21	(6)9	1.00	0	

(6)(1100)	4.00	(38)28	(30)1	(6)1	0.00	0	

(7)(1100)	4.00	(22)2	(15)66	(6)11	0.00	0	

(8)(1100)	2.00	(22)49	22.00	0	

(9)(1000)	1.00	(45)20	(33)3	1.00	99	

(10)(1100)	2.00	(46)22	(38)2	(6)2	0.00	0	
max retalho: 5

(0)(107)	3.00	(30)1	(22)2	(33)1	0.00	33	

(1)(95)	3.00	(23)4	3.00	0	

(2)(1100)	1.00	(53)2	(38)11	(23)8	(56)7	0.00	0	

(3)(1100)	1.00	(45)9	(23)13	(15)22	(6)11	0.00	0	

(10)(120)	1.00	(46)1	(30)1	(22)2	0.00	0	
max retalho: 5

(0)(120)	1.00	(22)5	10.00	0	

(1)(1100)	1.00	(45)10	(23)1	(33)4	495.00	132	

(2)(120)	1.00	(46)2	(6)1	22.00	0	

(3)(120)	1.00	(46)1	(30)2	14.00	0	

(5)(95)	1.00	(38)2	19.00	0	
max retalho: 4

(0)(1000)	1.00	(22)1	(56)2	0	866	
Sobra Total: 1196.00
Perda Total: 619.00

Total Barras Cortadas:
Barra (1000) : 7
Barra (1100) : 67
Barra (120) : 4
Barra (355) : 0
Barra (107) : 3
Barra (342) : 9
Barra (95) : 4

Retalhos Gerados:
Retalho (33) : 3
Retalho (33) : 3
Retalho (33) : 4
Retalho (866) : 1
