
4 Soluções

Saida Arquivo/Entrada/Class7/D7d9.txt

Minimizar a Perda Total
max retalho: 5

(0)(1100)	28.00	(36)21	(27)12	(12)1	(4)2	0.00	0	

(1)(1100)	27.00	(43)25	(21)1	(4)1	0.00	0	

(2)(1100)	26.00	(51)21	(21)1	(4)2	0.00	0	

(3)(1000)	20.00	(59)16	(36)1	(4)5	0.00	0	

(4)(1100)	14.00	(44)25	0.00	0	

(5)(1000)	8.00	(27)36	(12)1	(4)4	0.00	0	

(6)(496)	7.00	(21)12	(12)20	(4)1	0.00	0	

(7)(273)	2.00	(21)13	0.00	0	

(8)(1000)	1.00	(59)9	(19)23	(12)1	(4)5	0.00	0	
max retalho: 5

(0)(496)	1.00	(4)124	0.00	0	

(1)(1100)	1.00	(59)3	(51)8	(43)6	(36)2	(27)3	(21)1	(12)6	(4)2	3.00	0	
max retalho: 5

(0)(1100)	1.00	(44)8	(36)10	(4)97	0.00	0	
max retalho: 5

(0)(496)	1.00	(44)9	(36)2	(4)1	24.00	0	
Sobra Total: 0.00
Perda Total: 27.00

Total Barras Cortadas:
Barra (1000) : 29
Barra (1100) : 97
Barra (38) : 0
Barra (273) : 2
Barra (494) : 0
Barra (260) : 0
Barra (496) : 9

Retalhos Gerados:

7 Soluções

Saida Arquivo/Entrada/Class7/D7d9.txt

Minimizar a Perda Total
max retalho: 5

(0)(1100)	27.00	(43)25	(21)1	(4)1	0.00	0	

(1)(1100)	26.00	(51)21	(21)1	(4)2	0.00	0	

(2)(1000)	26.00	(36)9	(27)24	(12)2	(4)1	0.00	0	

(3)(1000)	20.00	(59)16	(36)1	(4)5	0.00	0	

(4)(1100)	15.00	(44)24	(4)11	0.00	0	

(5)(260)	4.00	(12)21	(4)2	0.00	0	

(6)(273)	1.00	(4)68	1.00	0	

(7)(1100)	1.00	(21)48	(12)7	(4)2	0.00	0	

(8)(1000)	1.00	(21)32	(12)27	(4)1	0.00	0	

(9)(1100)	12.00	(36)29	56.00	0	

(10)(1000)	1.00	(59)9	(19)23	(12)1	(4)5	0.00	0	
max retalho: 5

(0)(38)	6.00	(12)2	(4)3	2.00	0	

(1)(273)	1.00	(43)6	(4)3	3.00	0	

(2)(273)	1.00	(59)3	(36)2	(21)1	3.00	0	

(3)(1000)	1.00	(44)7	(36)18	(21)2	2.00	0	

(9)(1100)	1.00	(51)8	(27)3	(21)27	(4)11	0.00	0	
max retalho: 5

(0)(1000)	1.00	(21)1	(4)17	0	911	
Sobra Total: 911.00
Perda Total: 693.00

Total Barras Cortadas:
Barra (1000) : 50
Barra (1100) : 82
Barra (38) : 6
Barra (273) : 3
Barra (494) : 0
Barra (260) : 4
Barra (496) : 0

Retalhos Gerados:
Retalho (911) : 1

10 Soluções

Saida Arquivo/Entrada/Class7/D7d9.txt

Minimizar a Perda Total
max retalho: 5

(0)(1100)	27.00	(43)25	(21)1	(4)1	0.00	0	

(1)(1100)	26.00	(51)21	(21)1	(4)2	0.00	0	

(2)(1000)	20.00	(59)16	(36)1	(4)5	0.00	0	

(3)(1100)	16.00	(36)27	(27)4	(12)1	(4)2	0.00	0	

(4)(1100)	15.00	(36)3	(27)36	(12)1	(4)2	0.00	0	

(5)(1100)	14.00	(44)25	0.00	0	

(6)(494)	4.00	(21)22	(12)2	(4)2	0.00	0	

(7)(494)	2.00	(44)2	(4)101	2.00	0	

(8)(1000)	2.00	(21)8	(12)69	(4)1	0.00	0	

(9)(1000)	1.00	(59)9	(19)23	(12)1	(4)5	0.00	0	

(10)(1000)	4.00	(36)26	64.00	0	
max retalho: 5

(0)(38)	6.00	(21)1	(4)1	13.00	0	

(1)(496)	1.00	(44)9	(4)25	0.00	0	

(2)(496)	1.00	(36)13	(21)1	7.00	0	

(3)(496)	1.00	(43)6	(31)3	145.00	93	

(4)(1100)	1.00	(59)3	(51)8	(36)5	(27)9	(12)5	(31)1	1.00	31	

(5)(273)	1.00	(36)1	(27)7	(4)12	0.00	0	
max retalho: 5

(0)(1100)	1.00	(44)4	(36)2	(27)7	(4)2	0	655	
Sobra Total: 779.00
Perda Total: 491.00

Total Barras Cortadas:
Barra (1000) : 27
Barra (1100) : 100
Barra (38) : 6
Barra (273) : 1
Barra (494) : 6
Barra (260) : 0
Barra (496) : 3

Retalhos Gerados:
Retalho (31) : 3
Retalho (31) : 1
Retalho (655) : 1
