
Saida Arquivo/Entrada/D12d13.txt

Minimizar a Perda Total
max retalho: 5

(0)(1100)	8.00	(229)4	(48)2	(88)1	0.00	0	
(1)(1100)	7.00	(71)1	(151)3	(96)6	0.00	0	
(2)(1100)	6.00	(86)1	(31)2	(238)4	0.00	0	
(3)(1100)	6.00	(166)5	(143)1	(127)1	0.00	0	
(4)(1100)	6.00	(204)5	(40)2	0.00	0	
(5)(1100)	5.00	(182)6	(8)1	0.00	0	
(6)(1100)	5.00	(204)1	(134)1	(127)6	0.00	0	
(7)(1100)	5.00	(48)1	(31)1	(174)5	(151)1	0.00	0	
(8)(1100)	5.00	(71)1	(204)1	(143)1	(127)1	(111)5	0.00	0	
(9)(1100)	4.00	(47)1	(40)1	(31)1	(134)2	(119)6	0.00	0	
(10)(1100)	4.00	(8)1	(136)8	4.00	0	
(11)(1100)	4.00	(31)1	(23)5	(159)6	0.00	0	
(12)(1100)	3.00	(31)1	(151)3	(88)7	0.00	0	
(13)(1100)	3.00	(86)3	(47)1	(159)5	0.00	0	
(14)(1100)	2.00	(220)5	0.00	0	
(15)(1100)	2.00	(78)5	(229)3	(23)1	0.00	0	
(16)(1100)	2.00	(40)4	(134)6	(136)1	0.00	0	
(17)(1100)	2.00	(212)5	(40)1	0.00	0	
(18)(1100)	2.00	(71)1	(204)1	(48)1	(31)2	(143)5	0.00	0	
(19)(1100)	1.00	(48)1	(23)1	(158)4	(159)1	(238)1	0.00	0	
(20)(1100)	1.00	(47)12	(134)4	0.00	0	
(21)(1100)	1.00	(212)1	(48)13	(88)3	0.00	0	
(22)(1100)	1.00	(227)4	(63)1	(55)2	(16)1	3.00	0	
(23)(1100)	1.00	(227)2	(23)2	(16)37	(8)1	0.00	0	
(26)(1100)	1.00	(71)1	(212)1	(31)2	(151)5	0.00	0	
(28)(1100)	1.00	(227)2	(63)3	(205)1	(197)1	(31)1	(23)1	1.00	0	
(29)(1100)	1.00	(227)1	(189)4	(8)1	(104)1	5.00	0	
(39)(1100)	1.00	(227)4	(70)2	(25)2	2.00	0	max retalho: 5

(0)(1100)	1.00	(229)2	(71)4	(134)1	(112)2	0.00	0	
(1)(1100)	1.00	(220)1	(47)6	(158)1	(88)5	0.00	0	
(2)(1100)	1.00	(227)2	(71)1	(112)3	(238)1	1.00	0	
(3)(1100)	1.00	(78)2	(48)1	(181)1	(23)1	(174)1	(8)19	(127)2	(111)1	1.00	0	max retalho: 5

(0)(1100)	1.00	(31)2	(23)7	(158)2	(159)1	(134)3	0.00	0	
(2)(1100)	1.00	(86)1	(47)3	(182)2	(23)2	(25)7	(166)1	(119)1	3.00	0	max retalho: 5

(0)(1100)	1.00	(86)1	(70)2	(204)1	(40)3	(159)1	(151)1	(238)1	2.00	0	max retalho: 5

(0)(1100)	1.00	(227)1	(229)1	(220)1	(71)4	(48)1	(23)4	0.00	0	max retalho: 5

(0)(414)	1.00	(23)3	(96)1	0	249	Sobra Total: 0.00
Perda Total: 0.00

Total Barras Cortadas:
Barra (1000) : 0
Barra (1100) : 98
Barra (423) : 0
Barra (235) : 0
Barra (412) : 0
Barra (225) : 0
Barra (414) : 1

Retalhos Gerados:
Retalho (249) : 1
