
Saida Arquivo/Entrada/D12d6.txt

Minimizar a Perda Total
max retalho: 5

(0)(1100)	10.00	(238)3	(145)1	(128)1	(113)1	0.00	0	
(1)(1100)	9.00	(80)1	(168)3	(145)2	(113)2	0.00	0	
(2)(1100)	6.00	(230)4	(26)3	(17)6	0.00	0	
(3)(1100)	6.00	(213)4	(64)1	(32)1	(152)1	0.00	0	
(4)(1100)	5.00	(72)1	(214)3	(57)2	(32)1	(120)2	0.00	0	
(5)(1100)	5.00	(64)1	(183)5	(121)1	0.00	0	
(6)(1100)	5.00	(64)1	(214)2	(152)4	0.00	0	
(7)(1100)	5.00	(87)1	(32)1	(167)4	(168)1	(145)1	0.00	0	
(8)(1100)	4.00	(238)1	(191)2	(160)3	0.00	0	
(9)(1100)	4.00	(167)3	(168)1	(143)2	(145)1	0.00	0	
(10)(1100)	4.00	(238)1	(190)1	(32)1	(160)4	0.00	0	
(11)(1100)	3.00	(137)8	4.00	0	
(12)(1100)	4.00	(10)1	(121)9	1.00	0	
(13)(1100)	3.00	(49)1	(190)4	(97)3	0.00	0	
(14)(1100)	2.00	(213)1	(152)1	(105)7	0.00	0	
(15)(1100)	2.00	(87)12	(56)1	0.00	0	
(16)(1100)	3.00	(72)3	(64)2	(214)3	(57)2	0.00	0	
(17)(1100)	2.00	(79)12	(152)1	0.00	0	
(18)(1100)	2.00	(64)1	(56)1	(175)5	(105)1	0.00	0	
(19)(1100)	1.00	(198)5	(105)1	5.00	0	
(20)(1100)	1.00	(49)22	(10)2	2.00	0	
(21)(1100)	1.00	(57)2	(190)5	(32)1	4.00	0	
(22)(1100)	1.00	(64)6	(57)12	(32)1	0.00	0	
(23)(1100)	1.00	(221)2	(206)3	(10)4	0.00	0	
(25)(1100)	1.00	(214)2	(56)12	0.00	0	
(27)(1000)	1.00	(41)7	(34)17	(9)15	0.00	0	
(40)(1000)	2.00	(236)4	(56)1	0.00	0	max retalho: 5

(0)(1100)	1.00	(87)6	(79)2	(105)4	0.00	0	
(1)(1100)	1.00	(190)3	(32)8	(137)2	0.00	0	
(2)(1100)	1.00	(236)3	(87)1	(64)4	(49)1	0.00	0	
(3)(1100)	1.00	(79)4	(49)16	0.00	0	
(5)(1000)	1.00	(80)4	(72)3	(57)2	(175)2	0.00	0	
(9)(1100)	1.00	(230)2	(191)1	(168)1	(160)1	(120)1	1.00	0	
(33)(1100)	1.00	(238)2	(79)2	(64)3	(137)2	0.00	0	max retalho: 5

(1)(1100)	1.00	(87)1	(57)4	(198)2	(26)5	(168)1	(9)10	1.00	0	
(2)(1000)	1.00	(87)2	(64)5	(10)25	(128)2	0.00	0	max retalho: 5

(1)(1100)	1.00	(79)2	(221)1	(32)2	(167)1	(10)5	(152)1	(143)1	(145)1	0.00	0	max retalho: 5

(1)(1100)	1.00	(221)1	(56)2	(32)1	(183)1	(17)2	(105)4	(97)1	1.00	0	max retalho: 5

(3)(1000)	1.00	(87)1	(198)2	(32)5	(17)1	0	340	Sobra Total: 0.00
Perda Total: 0.00

Total Barras Cortadas:
Barra (1000) : 6
Barra (1100) : 99
Barra (245) : 0
Barra (434) : 0
Barra (247) : 0
Barra (424) : 0
Barra (237) : 0

Retalhos Gerados:
Retalho (340) : 1
