
Saida Arquivo/Entrada/D12d20.txt

Minimizar a Perda Total
max retalho: 5

(0)(1100)	8.00	(85)1	(196)1	(197)4	(31)1	0.00	0	
(1)(1100)	8.00	(220)5	0.00	0	
(2)(1100)	7.00	(139)6	(101)1	(165)1	0.00	0	
(3)(1100)	7.00	(116)2	(70)1	(53)1	(149)5	0.00	0	
(4)(1100)	6.00	(93)4	(85)1	(204)3	(31)1	0.00	0	
(5)(1100)	4.00	(124)1	(189)5	(31)1	0.00	0	
(6)(1100)	4.00	(123)5	(124)1	(196)1	(165)1	0.00	0	
(7)(1100)	4.00	(108)8	(54)1	(181)1	1.00	0	
(8)(1100)	4.00	(76)4	(212)3	(53)2	(54)1	0.00	0	
(9)(1100)	3.00	(235)4	(76)1	(53)1	(31)1	0.00	0	
(10)(1100)	3.00	(116)1	(70)1	(54)1	(172)5	0.00	0	
(11)(1100)	3.00	(124)3	(101)2	(31)1	(165)3	0.00	0	
(12)(1100)	3.00	(219)5	5.00	0	
(13)(1100)	3.00	(124)8	(108)1	0.00	0	
(14)(1100)	3.00	(131)2	(116)3	(70)7	0.00	0	
(15)(1100)	3.00	(227)4	(78)2	(15)1	(7)3	0.00	0	
(16)(1100)	2.00	(147)6	(46)1	(172)1	0.00	0	
(17)(1100)	2.00	(131)1	(174)3	(149)3	0.00	0	
(18)(1100)	2.00	(76)2	(212)4	(54)1	(46)1	0.00	0	
(19)(1100)	2.00	(100)1	(227)4	(54)1	(38)1	0.00	0	
(20)(1100)	2.00	(131)2	(116)5	(212)1	(46)1	0.00	0	
(21)(1100)	1.00	(76)9	(54)1	(181)2	0.00	0	
(22)(1100)	1.00	(227)4	(15)10	(7)6	0.00	0	
(23)(1100)	1.00	(85)10	(76)1	(174)1	0.00	0	
(24)(1100)	1.00	(93)10	(85)2	0.00	0	
(25)(1100)	1.00	(212)1	(53)2	(46)17	0.00	0	
(26)(1100)	1.00	(38)7	(30)14	(23)18	0.00	0	
(28)(1100)	1.00	(70)1	(31)1	(174)1	(165)5	0.00	0	
(40)(1000)	1.00	(227)4	(46)2	0.00	0	max retalho: 5

(0)(1100)	1.00	(54)7	(189)2	(172)2	0.00	0	
(1)(1100)	1.00	(131)3	(235)3	2.00	0	
(2)(1100)	1.00	(139)3	(108)3	(61)5	(54)1	0.00	0	
(4)(1100)	1.00	(131)1	(76)4	(219)1	(204)2	(38)1	0.00	0	
(5)(1100)	1.00	(124)3	(100)1	(101)1	(30)5	(15)2	(7)7	(149)2	0.00	0	max retalho: 5

(1)(1100)	1.00	(227)1	(220)1	(53)1	(196)1	(38)1	(189)1	(8)22	1.00	0	
(9)(1100)	1.00	(123)2	(93)1	(85)2	(197)2	(181)1	(15)1	1.00	0	max retalho: 5

(1)(1100)	1.00	(123)2	(108)1	(61)3	(54)1	(38)4	(30)3	(31)7	(7)7	1.00	0	max retalho: 5

(1)(1100)	1.00	(93)2	(54)3	(181)3	(31)1	(172)1	6.00	0	max retalho: 5

(4)(1000)	1.00	(147)1	(100)3	(70)1	(181)1	(157)1	0	145	Sobra Total: 0.00
Perda Total: 0.00

Total Barras Cortadas:
Barra (1000) : 2
Barra (1100) : 99
Barra (308) : 0
Barra (118) : 0
Barra (310) : 0
Barra (489) : 0
Barra (299) : 0

Retalhos Gerados:
Retalho (145) : 1
