
Saida Arquivo/Entrada/D12d4.txt

Minimizar a Perda Total
max retalho: 5

(0)(1100)	12.00	(113)2	(74)1	(169)3	(146)1	(147)1	0.00	0	
(1)(1100)	9.00	(89)2	(209)3	(59)2	(177)1	0.00	0	
(2)(1100)	8.00	(121)1	(216)3	(177)1	(154)1	0.00	0	
(3)(1100)	6.00	(192)4	(170)1	(162)1	0.00	0	
(4)(1100)	5.00	(121)1	(98)4	(216)1	(217)1	(154)1	0.00	0	
(5)(1100)	5.00	(121)1	(5)1	(139)7	1.00	0	
(6)(1100)	5.00	(217)5	(13)1	2.00	0	
(7)(1100)	4.00	(224)4	(58)3	(20)1	(5)2	0.00	0	
(8)(1100)	4.00	(232)4	(43)4	0.00	0	
(9)(1100)	4.00	(81)1	(59)1	(192)5	0.00	0	
(10)(1100)	3.00	(106)8	(98)1	(154)1	0.00	0	
(11)(1100)	3.00	(104)8	(209)1	(59)1	0.00	0	
(12)(1100)	3.00	(224)4	(66)1	(35)3	(11)3	0.00	0	
(13)(1100)	2.00	(81)11	(209)1	0.00	0	
(14)(1100)	2.00	(81)1	(74)12	(131)1	0.00	0	
(15)(1100)	2.00	(209)1	(59)1	(177)1	(131)5	0.00	0	
(16)(1100)	2.00	(121)4	(154)4	0.00	0	
(17)(1100)	2.00	(104)1	(106)1	(81)1	(74)1	(147)5	0.00	0	
(18)(1100)	2.00	(81)1	(232)2	(185)3	0.00	0	
(19)(1100)	1.00	(20)1	(154)7	2.00	0	
(20)(1100)	1.00	(98)4	(177)4	0.00	0	
(21)(1100)	1.00	(224)1	(51)1	(194)4	(28)1	(11)1	(5)2	0.00	0	
(22)(1100)	1.00	(224)3	(200)2	(28)1	0.00	0	
(23)(1100)	1.00	(224)4	(11)2	(13)14	0.00	0	
(24)(1100)	1.00	(104)1	(43)7	(139)5	0.00	0	
(26)(1100)	1.00	(36)10	(20)37	0.00	0	max retalho: 5

(0)(1100)	1.00	(113)3	(51)6	(154)2	(147)1	0.00	0	
(1)(1100)	1.00	(89)4	(74)6	(216)1	(28)3	0.00	0	
(2)(1100)	1.00	(224)4	(58)1	(146)1	0.00	0	
(4)(1100)	1.00	(106)4	(89)1	(81)2	(59)1	(28)1	(169)2	0.00	0	
(9)(1100)	1.00	(232)1	(82)3	(217)1	(177)1	(28)3	(5)1	(139)1	0.00	0	
(13)(1100)	1.00	(98)2	(239)1	(66)1	(209)2	(51)3	(28)1	0.00	0	max retalho: 5

(1)(1100)	1.00	(121)2	(104)3	(81)3	(154)1	(146)1	3.00	0	
(4)(1100)	1.00	(113)3	(81)5	(216)1	(36)1	(11)8	(5)3	1.00	0	max retalho: 5

(1)(1100)	1.00	(113)1	(51)2	(28)9	(170)2	(154)1	(131)1	8.00	0	max retalho: 5

(2)(1000)	1.00	(224)2	(28)3	(154)1	0	314	Sobra Total: 0.00
Perda Total: 0.00

Total Barras Cortadas:
Barra (1000) : 1
Barra (1100) : 99
Barra (285) : 0
Barra (476) : 0
Barra (275) : 0
Barra (466) : 0
Barra (276) : 0

Retalhos Gerados:
Retalho (314) : 1
