
Saida Arquivo/Entrada/D12d14.txt

Minimizar a Perda Total
max retalho: 5

(0)(1100)	8.00	(208)3	(43)2	(130)3	0.00	0	
(1)(1100)	7.00	(215)1	(154)3	(137)1	(68)1	(218)1	0.00	0	
(2)(1100)	6.00	(41)2	(184)3	(233)2	0.00	0	
(3)(1100)	6.00	(218)5	10.00	0	
(4)(1100)	6.00	(41)1	(192)3	(161)3	0.00	0	
(5)(1100)	5.00	(233)4	(84)2	0.00	0	
(6)(1100)	5.00	(161)2	(162)4	(130)1	0.00	0	
(7)(1100)	4.00	(200)1	(192)3	(162)2	0.00	0	
(8)(1100)	4.00	(43)2	(169)6	0.00	0	
(9)(1100)	4.00	(215)2	(137)4	(122)1	0.00	0	
(10)(1100)	4.00	(208)2	(114)6	0.00	0	
(11)(1100)	3.00	(66)10	(43)1	(107)3	(76)1	0.00	0	
(12)(1100)	4.00	(200)4	(41)1	(145)1	(114)1	0.00	0	
(13)(1100)	3.00	(145)4	(130)4	0.00	0	
(14)(1100)	2.00	(215)1	(137)1	(68)11	0.00	0	
(15)(1100)	2.00	(215)2	(107)2	(76)6	0.00	0	
(16)(1100)	1.00	(122)9	2.00	0	
(17)(1100)	1.00	(200)1	(225)4	0.00	0	
(18)(1100)	1.00	(43)1	(154)2	(107)7	0.00	0	
(19)(1100)	1.00	(177)4	(162)1	(115)2	0.00	0	
(20)(1100)	1.00	(43)1	(185)4	(233)1	(84)1	0.00	0	
(21)(1100)	1.00	(11)3	(76)14	3.00	0	
(23)(1100)	1.00	(41)1	(184)1	(185)1	(115)6	0.00	0	
(24)(1100)	1.00	(41)2	(43)2	(233)4	0.00	0	
(26)(1100)	1.00	(139)4	(92)1	(226)2	0.00	0	
(30)(1100)	1.00	(34)9	(19)17	(11)18	(91)3	0.00	0	max retalho: 5

(0)(1100)	1.00	(26)4	(18)1	(122)8	2.00	0	
(1)(1100)	1.00	(66)4	(26)3	(162)3	(68)4	0.00	0	
(2)(1100)	1.00	(50)13	(225)2	0.00	0	
(3)(1100)	1.00	(207)1	(58)5	(26)3	(99)3	(76)3	0.00	0	
(4)(1100)	1.00	(26)7	(107)6	(92)3	0.00	0	
(8)(1100)	1.00	(208)1	(50)1	(192)1	(185)1	(18)6	(11)11	(137)1	(99)1	0.00	0	max retalho: 5

(0)(1100)	1.00	(66)2	(207)1	(50)2	(26)1	(177)1	(233)1	(225)1	0.00	0	max retalho: 5

(0)(1100)	1.00	(58)2	(26)2	(18)3	(154)1	(92)4	(84)1	(68)4	0.00	0	max retalho: 5

(0)(1100)	1.00	(215)1	(66)2	(43)1	(26)5	(18)2	(169)1	(145)1	(139)1	(91)1	0.00	0	max retalho: 5

(0)(377)	1.00	(66)1	(43)1	0	268	Sobra Total: 0.00
Perda Total: 0.00

Total Barras Cortadas:
Barra (1000) : 0
Barra (1100) : 92
Barra (398) : 0
Barra (211) : 0
Barra (387) : 0
Barra (201) : 0
Barra (377) : 1

Retalhos Gerados:
Retalho (268) : 1
