
Saida Arquivo/Entrada/D12d3.txt

Minimizar a Perda Total
max retalho: 5

(0)(1100)	13.00	(197)1	(231)1	(224)3	0.00	0	
(1)(1100)	7.00	(198)3	(41)1	(143)1	(127)1	(65)3	0.00	0	
(2)(1100)	6.00	(190)1	(158)5	(120)1	0.00	0	
(3)(1100)	6.00	(205)3	(127)3	(104)1	0.00	0	
(4)(1100)	6.00	(143)1	(223)4	(65)1	0.00	0	
(5)(1100)	5.00	(64)2	(175)5	(97)1	0.00	0	
(6)(1100)	4.00	(213)3	(97)2	(89)3	0.00	0	
(7)(1100)	4.00	(41)1	(135)1	(231)4	0.00	0	
(8)(1100)	4.00	(152)4	(82)6	0.00	0	
(9)(1100)	4.00	(167)4	(143)2	(81)1	(65)1	0.00	0	
(10)(1100)	3.00	(197)1	(190)4	(143)1	0.00	0	
(11)(1100)	4.00	(64)5	(135)4	(120)2	0.00	0	
(12)(1100)	3.00	(135)1	(120)8	5.00	0	
(13)(1100)	3.00	(150)2	(223)2	(224)1	(65)2	0.00	0	
(14)(1100)	3.00	(64)1	(174)4	(97)1	(81)3	0.00	0	
(15)(1100)	2.00	(174)3	(104)4	(81)2	0.00	0	
(16)(1100)	2.00	(41)4	(135)1	(89)9	0.00	0	
(17)(1100)	1.00	(9)2	(135)8	2.00	0	
(18)(1100)	1.00	(41)1	(127)7	(89)1	(81)1	0.00	0	
(19)(1100)	1.00	(175)3	(89)1	(81)6	0.00	0	
(20)(1100)	1.00	(143)2	(74)11	0.00	0	
(21)(1100)	1.00	(56)1	(39)1	(32)1	(112)4	(105)5	0.00	0	
(23)(1100)	1.00	(182)2	(24)20	(16)1	(239)1	1.00	0	
(28)(1100)	1.00	(47)2	(16)1	(128)4	(239)2	0.00	0	
(33)(1100)	1.00	(41)2	(17)4	(135)7	5.00	0	max retalho: 5

(0)(1100)	1.00	(56)1	(190)2	(41)10	(127)2	0.00	0	
(1)(1100)	1.00	(39)8	(16)1	(158)2	(152)3	0.00	0	
(4)(1100)	1.00	(32)15	(105)3	(81)1	(224)1	0.00	0	
(5)(1100)	1.00	(56)11	(39)1	(16)2	(9)2	(104)1	(97)3	0.00	0	
(13)(1100)	1.00	(213)2	(197)1	(47)3	(16)7	(223)1	1.00	0	max retalho: 5

(0)(1100)	1.00	(205)1	(41)2	(175)2	(231)2	1.00	0	
(1)(1100)	1.00	(190)1	(32)1	(16)15	(158)1	(120)4	0.00	0	max retalho: 5

(0)(1100)	1.00	(64)1	(39)1	(41)2	(24)4	(175)1	(16)5	(127)1	(104)1	(89)1	(81)2	(82)1	0.00	0	max retalho: 5

(0)(1100)	1.00	(39)2	(16)1	(143)1	(127)2	0	609	Sobra Total: 0.00
Perda Total: 0.00

Total Barras Cortadas:
Barra (1000) : 0
Barra (1100) : 96
Barra (204) : 0
Barra (394) : 0
Barra (194) : 0
Barra (384) : 0
Barra (196) : 0

Retalhos Gerados:
Retalho (609) : 1

Saida Arquivo/Entrada/D12d3.txt

Minimizar a Perda Total
