
Saida Arquivo/Entrada/D12d16.txt

Minimizar a Perda Total
max retalho: 5

(0)(1000)	14.00	(223)3	(224)1	(65)1	(42)1	0.00	0	
(1)(1100)	10.00	(105)2	(90)1	(208)3	(176)1	0.00	0	
(2)(1100)	10.00	(112)4	(113)1	(201)1	(169)2	0.00	0	
(3)(1100)	8.00	(231)1	(216)4	5.00	0	
(4)(1100)	6.00	(128)3	(65)1	(67)1	(146)4	0.00	0	
(5)(1100)	6.00	(65)1	(50)1	(201)4	(35)1	(146)1	0.00	0	
(6)(1100)	5.00	(239)2	(35)2	(138)4	0.00	0	
(7)(1100)	5.00	(65)1	(161)3	(138)4	0.00	0	
(8)(1100)	4.00	(97)7	(67)4	(153)1	0.00	0	
(9)(1100)	5.00	(120)1	(90)2	(35)1	(153)5	0.00	0	
(10)(1100)	4.00	(120)2	(90)1	(154)5	0.00	0	
(11)(1100)	3.00	(97)3	(82)8	(153)1	0.00	0	
(12)(1100)	3.00	(67)1	(176)5	(153)1	0.00	0	
(13)(1100)	3.00	(120)5	(50)10	0.00	0	
(14)(1100)	3.00	(65)1	(200)5	(35)1	0.00	0	
(15)(1100)	2.00	(224)4	(35)1	(169)1	0.00	0	
(16)(1100)	2.00	(113)2	(201)4	(35)2	0.00	0	
(17)(1100)	2.00	(184)5	(12)15	0.00	0	
(18)(1100)	2.00	(112)1	(105)1	(239)1	(161)4	0.00	0	
(19)(1100)	1.00	(120)2	(90)9	(50)1	0.00	0	
(20)(1100)	1.00	(73)15	(4)1	1.00	0	
(21)(1100)	1.00	(90)1	(67)2	(146)6	0.00	0	
(22)(1000)	1.00	(223)1	(65)1	(178)4	0.00	0	
(23)(1100)	1.00	(67)5	(153)5	0.00	0	
(24)(1100)	1.00	(105)10	(50)1	0.00	0	
(25)(1100)	1.00	(231)4	(43)4	(4)1	0.00	0	
(26)(1100)	1.00	(120)2	(73)3	(216)2	(19)11	0.00	0	
(27)(1100)	1.00	(120)2	(73)6	(216)1	(193)1	(12)1	1.00	0	
(28)(1100)	1.00	(89)2	(184)5	2.00	0	
(30)(1000)	1.00	(58)15	(42)3	(4)1	0.00	0	
(34)(1100)	1.00	(120)1	(113)2	(73)6	(216)1	(20)5	0.00	0	
(40)(1000)	1.00	(231)2	(184)2	(161)1	(4)2	1.00	0	max retalho: 5

(0)(1100)	1.00	(120)2	(82)6	(184)2	0.00	0	
(2)(1000)	1.00	(90)1	(208)1	(176)2	(169)2	(4)3	0.00	0	
(3)(1100)	1.00	(43)4	(184)5	(4)2	0.00	0	
(4)(1100)	1.00	(120)4	(97)4	(231)1	1.00	0	
(7)(1100)	1.00	(105)3	(89)1	(73)4	(42)5	(4)12	(146)1	0.00	0	
(26)(1000)	1.00	(90)4	(224)2	(27)7	3.00	0	max retalho: 5

(1)(1100)	1.00	(113)2	(67)4	(50)2	(43)3	(27)6	(178)1	(12)3	1.00	0	max retalho: 5

(1)(1100)	1.00	(231)2	(216)1	(208)1	(35)2	(27)2	(4)22	2.00	0	max retalho: 5

(3)(1000)	1.00	(112)2	(97)2	(43)5	(27)2	0	313	Sobra Total: 0.00
Perda Total: 0.00

Total Barras Cortadas:
Barra (1000) : 20
Barra (1100) : 99
Barra (295) : 0
Barra (485) : 0
Barra (285) : 0
Barra (475) : 0
Barra (287) : 0

Retalhos Gerados:
Retalho (313) : 1
