
Saida Arquivo/Entrada/D12d10.txt

Minimizar a Perda Total
max retalho: 5

(0)(1100)	6.00	(116)6	(70)4	(62)2	0.00	0	
(1)(1100)	5.00	(166)4	(150)1	(143)2	0.00	0	
(2)(1100)	4.00	(124)8	(62)1	(46)1	0.00	0	
(3)(1100)	5.00	(101)7	(94)2	(205)1	0.00	0	
(4)(1100)	4.00	(86)2	(236)2	(228)2	0.00	0	
(5)(1100)	5.00	(212)5	(24)1	(16)1	0.00	0	
(6)(1100)	4.00	(124)1	(94)2	(197)4	0.00	0	
(7)(1100)	5.00	(62)1	(46)3	(150)6	0.00	0	
(8)(1100)	3.00	(62)1	(173)6	0.00	0	
(9)(1100)	3.00	(220)5	0.00	0	
(10)(1100)	3.00	(46)1	(197)2	(165)4	0.00	0	
(11)(1100)	3.00	(235)2	(236)2	(158)1	0.00	0	
(12)(1100)	3.00	(235)2	(62)1	(188)1	(190)2	0.00	0	
(13)(1100)	3.00	(109)1	(197)5	6.00	0	
(14)(1100)	2.00	(190)5	(150)1	0.00	0	
(15)(1100)	2.00	(213)5	(31)1	4.00	0	
(16)(1100)	2.00	(212)2	(213)1	(54)8	(31)1	0.00	0	
(17)(1100)	1.00	(101)4	(62)2	(143)4	0.00	0	
(18)(1100)	1.00	(70)5	(150)5	0.00	0	
(19)(1100)	2.00	(228)4	(188)1	0.00	0	
(20)(1100)	1.00	(109)1	(213)1	(54)1	(181)4	0.00	0	
(21)(1100)	1.00	(109)10	(8)1	2.00	0	
(22)(1100)	1.00	(70)4	(205)4	0.00	0	
(23)(1100)	1.00	(212)5	(8)5	0.00	0	
(24)(1100)	1.00	(213)4	(39)1	(16)13	1.00	0	
(25)(1100)	1.00	(117)6	(109)1	(212)1	(54)1	(23)1	0.00	0	
(27)(1100)	1.00	(117)9	(46)1	1.00	0	
(28)(1100)	1.00	(117)2	(77)4	(62)9	0.00	0	
(30)(1100)	1.00	(62)1	(47)10	(142)4	0.00	0	max retalho: 5

(0)(1100)	1.00	(124)1	(109)3	(220)1	(143)3	0.00	0	
(1)(1100)	1.00	(124)1	(109)1	(173)5	2.00	0	
(3)(1100)	1.00	(124)1	(92)4	(213)2	(166)1	(8)2	0.00	0	
(5)(1100)	1.00	(235)1	(69)3	(54)4	(47)2	(39)2	(135)2	0.00	0	
(6)(1100)	1.00	(124)2	(70)7	(181)2	0.00	0	
(8)(1100)	1.00	(205)1	(39)6	(181)1	(165)2	(150)1	0.00	0	
(9)(1100)	1.00	(116)4	(92)1	(70)1	(158)3	0.00	0	max retalho: 5

(0)(1100)	1.00	(101)1	(236)2	(220)1	(70)1	(47)2	(143)1	0.00	0	max retalho: 5

(0)(1100)	1.00	(109)2	(220)2	(62)1	(39)1	(31)1	(166)1	(143)1	1.00	0	max retalho: 5

(0)(1100)	1.00	(124)1	(109)1	(92)1	(86)1	(69)1	(47)1	(190)1	(31)6	(166)1	31.00	0	max retalho: 5

(0)(272)	1.00	(205)1	0	67	Sobra Total: 0.00
Perda Total: 0.00

Total Barras Cortadas:
Barra (1000) : 0
Barra (1100) : 85
Barra (293) : 0
Barra (470) : 0
Barra (282) : 0
Barra (472) : 0
Barra (272) : 1

Retalhos Gerados:
Retalho (67) : 1
