
Saida Arquivo/Entrada/D12d15.txt

Minimizar a Perda Total
max retalho: 5

(0)(1100)	10.00	(213)2	(64)2	(182)3	0.00	0	
(1)(1100)	9.00	(221)4	(40)1	(175)1	1.00	0	
(2)(1100)	8.00	(140)1	(190)4	(40)1	(160)1	0.00	0	
(3)(1100)	7.00	(70)1	(198)5	(40)1	0.00	0	
(4)(1100)	5.00	(132)2	(117)2	(213)1	(39)1	(175)2	0.00	0	
(5)(1100)	4.00	(87)1	(79)5	(206)3	0.00	0	
(6)(1100)	4.00	(183)6	2.00	0	
(7)(1100)	4.00	(64)1	(40)1	(166)6	0.00	0	
(8)(1100)	3.00	(148)2	(117)1	(94)2	(87)1	(206)2	0.00	0	
(9)(1100)	3.00	(86)1	(236)4	(70)1	0.00	0	
(10)(1100)	3.00	(94)8	(87)4	0.00	0	
(11)(1100)	3.00	(205)5	(24)1	(17)3	0.00	0	
(12)(1100)	4.00	(94)1	(87)4	(206)3	(40)1	0.00	0	
(13)(1100)	3.00	(125)4	(102)1	(166)3	0.00	0	
(14)(1100)	3.00	(109)4	(110)1	(213)2	(64)2	0.00	0	
(15)(1100)	3.00	(140)6	(94)1	(166)1	0.00	0	
(16)(1100)	2.00	(132)1	(117)7	(110)1	(39)1	0.00	0	
(17)(1100)	2.00	(86)8	(206)2	0.00	0	
(18)(1100)	3.00	(229)4	(64)1	(40)3	0.00	0	
(19)(1100)	2.00	(102)8	(79)1	(205)1	0.00	0	
(20)(1100)	1.00	(140)1	(160)6	0.00	0	
(21)(1100)	2.00	(236)1	(190)1	(40)1	(158)3	(160)1	0.00	0	
(22)(1100)	1.00	(110)1	(213)3	(39)9	0.00	0	
(23)(1100)	1.00	(109)2	(110)6	(213)1	(9)1	0.00	0	
(25)(1000)	1.00	(62)4	(24)4	(16)41	0.00	0	
(30)(1100)	1.00	(47)16	(32)10	(24)1	4.00	0	
(40)(1000)	9.00	(228)3	(158)2	0.00	0	max retalho: 5

(0)(1100)	1.00	(133)2	(117)2	(110)4	(160)1	0.00	0	
(1)(1100)	1.00	(87)6	(55)5	(183)1	(24)5	0.00	0	
(2)(1100)	1.00	(117)1	(109)7	(110)2	0.00	0	
(3)(1000)	1.00	(228)2	(70)6	(62)2	0.00	0	
(8)(1100)	1.00	(148)1	(86)5	(236)1	(64)1	(198)1	(24)1	0.00	0	
(9)(1100)	1.00	(79)1	(205)1	(39)11	(32)2	(17)19	0.00	0	max retalho: 5

(1)(1100)	1.00	(132)2	(221)1	(62)3	(39)1	(183)2	(24)1	0.00	0	
(3)(1100)	1.00	(102)1	(94)2	(213)1	(24)4	(175)1	(166)1	(160)1	0.00	0	max retalho: 5

(1)(1100)	1.00	(133)4	(110)2	(70)1	(206)1	(24)3	0.00	0	max retalho: 5

(0)(1000)	1.00	(117)1	(79)1	(55)2	(182)1	(32)1	(160)3	0.00	0	max retalho: 5

(5)(1100)	1.00	(117)2	(62)3	(55)4	(24)10	(17)1	(160)1	43.00	0	max retalho: 5

(0)(302)	1.00	(79)1	0	223	Sobra Total: 0.00
Perda Total: 0.00

Total Barras Cortadas:
Barra (1000) : 12
Barra (1100) : 100
Barra (323) : 0
Barra (123) : 0
Barra (313) : 0
Barra (490) : 0
Barra (302) : 1

Retalhos Gerados:
Retalho (223) : 1
