
Saida Arquivo/Entrada/D12d1.txt

Minimizar a Perda Total
max retalho: 5

(0)(1100)	8.00	(94)2	(238)3	(198)1	0.00	0	
(1)(1100)	8.00	(237)2	(56)1	(190)3	0.00	0	
(2)(1100)	8.00	(213)1	(64)1	(215)1	(152)4	0.00	0	
(3)(1100)	7.00	(117)3	(49)1	(175)4	0.00	0	
(4)(1100)	7.00	(119)3	(215)3	(49)2	0.00	0	
(5)(1000)	8.00	(111)1	(222)4	1.00	0	
(6)(1100)	6.00	(111)5	(41)1	(168)3	0.00	0	
(7)(1100)	5.00	(183)6	2.00	0	
(8)(1100)	5.00	(64)1	(207)5	1.00	0	
(9)(1100)	4.00	(111)1	(237)4	(41)1	0.00	0	
(10)(1100)	4.00	(134)5	(215)2	0.00	0	
(11)(1100)	4.00	(134)1	(102)9	(48)1	0.00	0	
(12)(1100)	3.00	(102)1	(79)2	(168)5	0.00	0	
(13)(1100)	3.00	(94)2	(48)1	(144)6	0.00	0	
(14)(1100)	2.00	(79)12	(56)1	(48)2	0.00	0	
(15)(1100)	2.00	(191)5	(145)1	0.00	0	
(16)(1100)	2.00	(167)4	(144)3	0.00	0	
(17)(1100)	1.00	(126)4	(230)1	(222)1	(72)2	0.00	0	
(18)(1100)	1.00	(56)14	(41)4	(152)1	0.00	0	
(19)(1100)	1.00	(230)4	(9)20	0.00	0	
(20)(1100)	1.00	(87)12	(56)1	0.00	0	
(21)(1100)	2.00	(213)3	(215)1	(41)6	0.00	0	
(22)(1100)	1.00	(230)1	(71)12	(9)2	0.00	0	
(23)(1100)	1.00	(95)7	(222)1	(72)1	(33)4	(9)1	0.00	0	
(26)(1100)	1.00	(230)2	(222)2	(26)2	(18)8	0.00	0	
(28)(1100)	1.00	(119)6	(64)6	2.00	0	
(33)(1100)	1.00	(237)3	(198)1	(191)1	0.00	0	
(40)(1000)	2.00	(79)1	(230)4	1.00	0	max retalho: 5

(0)(1100)	1.00	(117)5	(183)2	(145)1	4.00	0	
(1)(1100)	1.00	(117)1	(79)7	(48)1	(191)2	0.00	0	
(2)(1100)	1.00	(72)4	(48)2	(191)1	(175)3	0.00	0	
(3)(1100)	1.00	(183)2	(9)1	(145)5	0.00	0	
(9)(1100)	1.00	(134)3	(56)3	(207)1	(49)3	(167)1	(9)1	0.00	0	
(11)(1100)	1.00	(102)1	(87)1	(213)1	(64)1	(215)1	(190)1	(33)1	(26)1	(168)1	2.00	0	max retalho: 5

(0)(1100)	1.00	(126)2	(94)1	(238)2	(72)1	(41)1	(33)5	0.00	0	
(4)(1100)	1.00	(79)2	(72)4	(48)2	(49)2	(33)4	(183)1	(145)1	0.00	0	max retalho: 5

(0)(1100)	1.00	(117)1	(119)1	(64)1	(48)6	(33)3	(24)5	(26)2	(9)9	(160)1	0.00	0	max retalho: 5

(4)(1000)	1.00	(117)1	(237)2	(48)4	(26)2	(144)1	0	21	Sobra Total: 0.00
Perda Total: 0.00

Total Barras Cortadas:
Barra (1000) : 11
Barra (1100) : 98
Barra (306) : 0
Barra (483) : 0
Barra (296) : 0
Barra (473) : 0
Barra (286) : 0

Retalhos Gerados:
Retalho (21) : 1

Saida Arquivo/Entrada/D12d1.txt

Minimizar a Perda Total
max retalho: 5

(0)(1100)	8.00	(94)2	(238)3	(198)1	0.00	0	
(1)(1100)	8.00	(237)2	(56)1	(190)3	0.00	0	
(2)(1100)	8.00	(213)1	(64)1	(215)1	(152)4	0.00	0	
(3)(1100)	7.00	(117)3	(49)1	(175)4	0.00	0	
(4)(1100)	7.00	(119)3	(215)3	(49)2	0.00	0	
(5)(1000)	8.00	(111)1	(222)4	1.00	0	
(6)(1100)	6.00	(111)5	(41)1	(168)3	0.00	0	
(7)(1100)	5.00	(183)6	2.00	0	
(8)(1100)	5.00	(64)1	(207)5	1.00	0	
(9)(1100)	4.00	(111)1	(237)4	(41)1	0.00	0	
(10)(1100)	4.00	(134)5	(215)2	0.00	0	
(11)(1100)	4.00	(134)1	(102)9	(48)1	0.00	0	
(12)(1100)	3.00	(102)1	(79)2	(168)5	0.00	0	
(13)(1100)	3.00	(94)2	(48)1	(144)6	0.00	0	
(14)(1100)	2.00	(79)12	(56)1	(48)2	0.00	0	
(15)(1100)	2.00	(191)5	(145)1	0.00	0	
(16)(1100)	2.00	(167)4	(144)3	0.00	0	
(17)(1100)	1.00	(126)4	(230)1	(222)1	(72)2	0.00	0	
(18)(1100)	1.00	(56)14	(41)4	(152)1	0.00	0	
(19)(1100)	1.00	(230)4	(9)20	0.00	0	
(20)(1100)	1.00	(87)12	(56)1	0.00	0	
(21)(1100)	2.00	(213)3	(215)1	(41)6	0.00	0	
(22)(1100)	1.00	(230)1	(71)12	(9)2	0.00	0	
(23)(1100)	1.00	(95)7	(222)1	(72)1	(33)4	(9)1	0.00	0	
(26)(1100)	1.00	(230)2	(222)2	(26)2	(18)8	0.00	0	
(28)(1100)	1.00	(119)6	(64)6	2.00	0	
(33)(1100)	1.00	(237)3	(198)1	(191)1	0.00	0	
(40)(1000)	2.00	(79)1	(230)4	1.00	0	max retalho: 5

(0)(1100)	1.00	(79)2	(48)12	(183)2	0.00	0	
(1)(1100)	1.00	(117)5	(41)1	(183)1	(145)2	1.00	0	
(2)(1100)	1.00	(72)2	(64)2	(48)2	(191)2	(175)2	0.00	0	
(5)(1100)	1.00	(117)1	(237)2	(79)1	(72)1	(191)1	(167)1	0.00	0	
(8)(1100)	1.00	(134)3	(102)1	(207)1	(49)5	(24)3	(9)8	0.00	0	
(12)(1100)	1.00	(213)1	(215)1	(190)1	(33)13	(24)2	5.00	0	max retalho: 5

(0)(1100)	1.00	(117)2	(79)5	(72)4	(183)1	0.00	0	
(1)(1100)	1.00	(94)1	(238)2	(72)1	(56)3	(145)2	0.00	0	max retalho: 5

(0)(1100)	1.00	(126)2	(119)1	(87)1	(79)1	(72)1	(183)1	(9)2	(145)2	0.00	0	max retalho: 5

(7)(1000)	1.00	(48)1	(175)1	(26)5	(168)1	(9)1	(160)1	(144)1	(145)1	0	21	Sobra Total: 0.00
Perda Total: 0.00

Total Barras Cortadas:
Barra (1000) : 11
Barra (1100) : 98
Barra (306) : 0
Barra (483) : 0
Barra (296) : 0
Barra (473) : 0
Barra (286) : 0

Retalhos Gerados:
Retalho (21) : 1

Saida Arquivo/Entrada/D12d1.txt

Minimizar a Perda Total
max retalho: 5
