
Saida Arquivo/Entrada/D12d12.txt

Minimizar a Perda Total
max retalho: 5

(0)(1100)	8.00	(226)2	(45)2	(186)3	0.00	0	
(1)(1100)	6.00	(226)3	(44)1	(186)1	(29)1	(163)1	0.00	0	
(2)(1100)	6.00	(90)1	(75)1	(187)5	0.00	0	
(3)(1100)	6.00	(234)4	(164)1	0.00	0	
(4)(1100)	5.00	(75)1	(44)1	(140)6	(141)1	0.00	0	
(5)(1100)	5.00	(67)1	(29)1	(148)6	(116)1	0.00	0	
(6)(1100)	5.00	(218)4	(52)1	(44)4	0.00	0	
(7)(1100)	4.00	(233)3	(186)2	(29)1	0.00	0	
(8)(1100)	4.00	(98)3	(90)1	(179)4	0.00	0	
(9)(1100)	3.00	(91)5	(218)2	(52)4	1.00	0	
(10)(1100)	3.00	(29)1	(163)5	(140)1	(116)1	0.00	0	
(11)(1100)	3.00	(194)3	(29)1	(163)3	0.00	0	
(12)(1100)	3.00	(75)6	(209)2	(116)2	0.00	0	
(13)(1100)	3.00	(67)1	(209)3	(29)2	(116)3	0.00	0	
(14)(1100)	3.00	(52)1	(202)1	(141)6	0.00	0	
(15)(1100)	3.00	(98)1	(68)3	(133)6	0.00	0	
(16)(1100)	2.00	(90)1	(202)5	0.00	0	
(17)(1100)	2.00	(98)1	(211)3	(133)1	(118)2	0.00	0	
(18)(1100)	2.00	(52)1	(116)7	(118)2	0.00	0	
(19)(1100)	2.00	(98)10	(68)1	(52)1	0.00	0	
(20)(1100)	1.00	(68)14	(52)2	(44)1	0.00	0	
(21)(1100)	1.00	(90)10	(91)1	(109)1	0.00	0	
(22)(1100)	1.00	(45)1	(37)2	(109)9	0.00	0	
(23)(1100)	1.00	(156)7	8.00	0	
(24)(1100)	1.00	(67)1	(218)4	(5)1	(156)1	0.00	0	
(25)(1100)	1.00	(218)2	(52)12	(20)2	0.00	0	
(27)(1100)	1.00	(60)4	(171)5	5.00	0	
(28)(1100)	1.00	(83)7	(22)23	(13)1	0.00	0	
(39)(1100)	1.00	(91)1	(67)15	4.00	0	max retalho: 5

(0)(1100)	2.00	(202)1	(163)2	(118)3	(109)2	0.00	0	
(1)(1100)	1.00	(226)2	(67)2	(202)2	(109)1	1.00	0	
(3)(1100)	1.00	(90)3	(234)1	(211)1	(37)1	(116)3	0.00	0	
(4)(1100)	1.00	(90)2	(91)3	(68)3	(37)1	(29)10	(116)1	0.00	0	
(10)(1100)	1.00	(67)1	(60)1	(52)4	(186)1	(156)2	(133)2	1.00	0	max retalho: 5

(0)(1100)	1.00	(75)2	(67)1	(218)1	(45)5	(37)6	(109)2	0.00	0	
(1)(1100)	1.00	(98)2	(83)1	(68)3	(209)1	(194)1	(37)2	(140)1	0.00	0	
(6)(1100)	1.00	(67)6	(44)1	(37)3	(13)1	(140)2	(125)2	0.00	0	max retalho: 5

(0)(1100)	1.00	(91)1	(233)1	(83)2	(67)2	(211)1	(37)2	(187)1	4.00	0	max retalho: 5

(0)(439)	1.00	(234)1	(37)2	0	131	Sobra Total: 0.00
Perda Total: 0.00

Total Barras Cortadas:
Barra (1000) : 0
Barra (1100) : 97
Barra (259) : 0
Barra (438) : 0
Barra (249) : 0
Barra (439) : 1
Barra (238) : 0

Retalhos Gerados:
Retalho (131) : 1
