
Saida Arquivo/Entrada/D12d18.txt

Minimizar a Perda Total
max retalho: 5

(0)(1100)	8.00	(79)1	(221)4	(33)1	(104)1	0.00	0	
(1)(1100)	6.00	(86)1	(222)4	(63)2	0.00	0	
(2)(1100)	6.00	(71)1	(63)2	(33)1	(174)5	0.00	0	
(3)(1100)	5.00	(237)3	(71)1	(159)2	0.00	0	
(4)(1100)	5.00	(214)4	(121)2	2.00	0	
(5)(1100)	4.00	(87)2	(48)1	(129)6	(104)1	0.00	0	
(6)(1100)	4.00	(229)3	(190)2	(33)1	0.00	0	
(7)(1100)	3.00	(71)4	(63)1	(48)1	(152)4	(97)1	0.00	0	
(8)(1100)	3.00	(63)1	(197)3	(48)1	(199)2	0.00	0	
(9)(1100)	3.00	(205)4	(48)1	(128)1	(104)1	0.00	0	
(10)(1100)	3.00	(151)6	(97)2	0.00	0	
(11)(1100)	3.00	(87)3	(71)1	(128)6	0.00	0	
(12)(1100)	3.00	(214)3	(64)4	(33)2	(136)1	0.00	0	
(13)(1100)	2.00	(182)6	8.00	0	
(14)(1100)	2.00	(86)2	(64)1	(144)6	0.00	0	
(15)(1100)	2.00	(86)1	(64)1	(190)5	0.00	0	
(16)(1100)	2.00	(71)3	(48)1	(106)7	(97)1	0.00	0	
(17)(1100)	2.00	(87)3	(63)1	(48)1	(104)7	0.00	0	
(18)(1100)	2.00	(63)2	(214)1	(152)5	0.00	0	
(19)(1100)	1.00	(10)1	(121)9	1.00	0	
(20)(1100)	1.00	(71)1	(63)1	(48)2	(174)5	0.00	0	
(21)(1100)	1.00	(48)1	(199)4	(128)2	0.00	0	
(22)(1100)	1.00	(79)1	(221)1	(40)20	0.00	0	
(23)(1100)	1.00	(214)2	(33)8	(136)3	0.00	0	
(24)(1100)	1.00	(56)10	(40)1	(25)20	0.00	0	
(30)(1100)	1.00	(41)1	(175)1	(16)25	(18)2	(112)4	0.00	0	max retalho: 5

(0)(1100)	1.00	(86)2	(136)3	(129)4	4.00	0	
(1)(1100)	1.00	(86)1	(167)2	(18)27	(97)2	0.00	0	
(3)(1100)	1.00	(86)1	(221)2	(16)3	(136)1	(97)4	0.00	0	
(4)(1100)	1.00	(86)1	(71)4	(33)2	(152)3	(104)2	0.00	0	
(6)(1100)	1.00	(87)4	(56)4	(190)1	(25)2	(144)2	0.00	0	
(15)(1100)	1.00	(86)1	(199)2	(41)6	(121)3	7.00	0	max retalho: 5

(0)(1100)	1.00	(86)2	(64)1	(197)2	(190)1	(182)1	(97)1	1.00	0	
(2)(1100)	1.00	(205)1	(48)4	(182)1	(18)1	(136)1	(128)1	(129)1	(106)1	4.00	0	max retalho: 5

(0)(1100)	1.00	(86)1	(237)1	(79)3	(63)2	(167)1	(10)9	(151)1	6.00	0	max retalho: 5

(0)(224)	1.00	(10)1	0	214	Sobra Total: 0.00
Perda Total: 0.00

Total Barras Cortadas:
Barra (1000) : 0
Barra (1100) : 84
Barra (245) : 0
Barra (434) : 0
Barra (234) : 0
Barra (424) : 0
Barra (224) : 1

Retalhos Gerados:
Retalho (214) : 1
