
Saida Arquivo/Entrada/D12d7.txt

Minimizar a Perda Total
max retalho: 5

(0)(1100)	8.00	(75)2	(209)1	(131)3	(116)3	0.00	0	
(1)(1100)	8.00	(67)1	(35)1	(178)5	(108)1	0.00	0	
(2)(1100)	8.00	(67)1	(170)3	(146)3	(85)1	0.00	0	
(3)(1100)	6.00	(163)2	(140)2	(123)2	(124)2	0.00	0	
(4)(1100)	5.00	(217)2	(52)3	(155)2	(100)2	0.00	0	
(5)(1100)	5.00	(59)3	(209)4	(52)1	(35)1	0.00	0	
(6)(1100)	4.00	(74)1	(163)2	(140)5	0.00	0	
(7)(1100)	5.00	(74)1	(201)4	(52)1	(170)1	0.00	0	
(8)(1100)	5.00	(217)5	(5)3	0.00	0	
(9)(1100)	3.00	(52)1	(35)2	(163)6	0.00	0	
(10)(1100)	3.00	(224)3	(186)2	(28)2	0.00	0	
(11)(1100)	3.00	(75)1	(59)1	(116)1	(85)10	0.00	0	
(12)(1100)	2.00	(201)3	(101)4	(93)1	0.00	0	
(13)(1100)	2.00	(193)2	(44)3	(194)3	0.00	0	
(14)(1100)	2.00	(124)8	(108)1	0.00	0	
(15)(1100)	2.00	(75)1	(171)5	(85)2	0.00	0	
(16)(1100)	2.00	(209)1	(35)1	(148)5	(116)1	0.00	0	
(17)(1100)	2.00	(170)1	(93)10	0.00	0	
(18)(1100)	2.00	(52)1	(35)7	(155)1	(108)6	0.00	0	
(19)(1100)	2.00	(67)3	(35)1	(108)8	0.00	0	
(20)(1100)	2.00	(155)7	(5)3	0.00	0	
(21)(1100)	2.00	(52)1	(131)8	0.00	0	
(22)(1100)	2.00	(186)3	(28)11	(234)1	0.00	0	
(23)(1100)	1.00	(74)10	(209)1	(35)1	(116)1	0.00	0	
(24)(1100)	1.00	(216)3	(217)1	(50)1	(27)1	(155)1	3.00	0	
(25)(1100)	1.00	(224)1	(50)6	(27)8	(20)18	0.00	0	
(36)(1100)	1.00	(193)3	(140)3	(101)1	0.00	0	
(39)(1100)	1.00	(50)1	(186)3	(12)2	(234)2	0.00	0	
(40)(1000)	8.00	(59)1	(5)1	(234)4	0.00	0	max retalho: 5

(1)(1100)	1.00	(170)2	(163)4	(108)1	0.00	0	
(2)(1100)	1.00	(75)1	(44)1	(178)2	(28)4	(171)3	0.00	0	
(3)(1100)	1.00	(44)5	(170)2	(108)5	0.00	0	
(7)(1100)	1.00	(27)15	(5)5	(101)2	(234)2	0.00	0	
(8)(1100)	1.00	(74)3	(209)1	(194)2	(93)3	2.00	0	
(10)(1100)	1.00	(217)1	(59)2	(201)1	(52)4	(35)6	(146)1	0.00	0	
(23)(1100)	1.00	(44)1	(155)4	(148)2	(140)1	0.00	0	max retalho: 5

(1)(1000)	1.00	(224)1	(75)1	(67)1	(27)6	(178)1	(170)1	(124)1	0.00	0	
(5)(1100)	1.00	(75)3	(59)2	(50)1	(186)1	(116)3	(85)2	3.00	0	max retalho: 5

(2)(1100)	1.00	(75)2	(59)7	(12)1	(4)1	(5)5	(124)4	0.00	0	max retalho: 5

(5)(1000)	1.00	(74)1	(52)2	(44)9	(4)3	(100)1	(93)1	0	221	Sobra Total: 0.00
Perda Total: 0.00

Total Barras Cortadas:
Barra (1000) : 10
Barra (1100) : 99
Barra (225) : 0
Barra (417) : 0
Barra (214) : 0
Barra (407) : 0
Barra (216) : 0

Retalhos Gerados:
Retalho (221) : 1
