
Saida Arquivo/Entrada/D12d19.txt

Minimizar a Perda Total
max retalho: 5

(0)(1100)	14.00	(142)2	(102)1	(238)3	0.00	0	
(1)(1100)	12.00	(103)1	(64)1	(199)3	(168)2	0.00	0	
(2)(1100)	10.00	(229)3	(221)1	(32)1	(160)1	0.00	0	
(3)(1100)	10.00	(133)1	(118)1	(87)3	(206)2	(176)1	0.00	0	
(4)(1100)	8.00	(126)5	(103)2	(79)1	(32)1	(153)1	0.00	0	
(5)(1100)	7.00	(214)2	(183)2	(153)2	0.00	0	
(6)(1100)	6.00	(110)3	(64)2	(214)3	0.00	0	
(7)(1100)	5.00	(118)3	(110)1	(32)1	(151)4	0.00	0	
(8)(1100)	3.00	(133)1	(55)1	(32)1	(176)5	0.00	0	
(9)(1000)	3.00	(80)1	(222)4	(32)1	0.00	0	
(10)(1000)	3.00	(80)1	(221)4	(32)1	4.00	0	
(11)(1100)	2.00	(142)3	(79)1	(198)2	(199)1	0.00	0	
(12)(1100)	2.00	(133)6	(151)2	0.00	0	
(13)(1100)	2.00	(103)6	(87)1	(79)5	0.00	0	
(14)(1100)	2.00	(55)20	0.00	0	
(15)(1100)	1.00	(118)1	(103)1	(55)1	(206)4	0.00	0	
(16)(1000)	1.00	(221)1	(222)1	(32)1	(175)3	0.00	0	
(17)(1100)	2.00	(110)1	(64)4	(214)2	(153)2	0.00	0	
(18)(1100)	1.00	(110)10	0.00	0	
(19)(1100)	1.00	(125)8	(64)1	(32)1	4.00	0	
(20)(1100)	1.00	(40)16	(191)2	(17)4	(10)1	0.00	0	
(21)(1100)	1.00	(49)9	(191)3	(17)5	1.00	0	
(22)(1100)	1.00	(72)2	(191)5	1.00	0	
(23)(1100)	1.00	(49)2	(191)5	(9)3	(10)2	0.00	0	
(25)(1100)	1.00	(125)1	(126)3	(199)3	0.00	0	
(27)(1100)	1.00	(95)5	(49)2	(25)21	2.00	0	
(40)(1000)	3.00	(229)4	(80)1	4.00	0	max retalho: 5

(0)(1100)	1.00	(110)3	(222)2	(64)2	(33)6	0.00	0	
(3)(1100)	1.00	(142)2	(79)2	(80)3	(199)1	(17)3	(168)1	0.00	0	
(4)(1100)	1.00	(125)1	(238)1	(191)1	(32)5	(176)2	(17)2	0.00	0	
(7)(1100)	1.00	(110)1	(64)6	(198)3	(10)1	2.00	0	max retalho: 5

(0)(1000)	1.00	(133)1	(103)1	(80)2	(64)1	(57)5	(17)15	0.00	0	max retalho: 5

(2)(1100)	1.00	(102)1	(206)3	(175)2	(10)3	0.00	0	max retalho: 5

(0)(1000)	1.00	(110)1	(103)1	(64)2	(40)2	(33)7	(17)1	(10)33	1.00	0	max retalho: 5

(2)(482)	1.00	(102)3	(33)4	(10)3	0	14	Sobra Total: 0.00
Perda Total: 0.00

Total Barras Cortadas:
Barra (1000) : 12
Barra (1100) : 99
Barra (314) : 0
Barra (492) : 0
Barra (304) : 0
Barra (482) : 1
Barra (293) : 0

Retalhos Gerados:
Retalho (14) : 1
