
Saida Arquivo/Entrada/D12d11.txt

Minimizar a Perda Total
max retalho: 5

(0)(1100)	10.00	(238)1	(191)2	(160)3	0.00	0	
(1)(1100)	7.00	(231)4	(176)1	0.00	0	
(2)(1100)	6.00	(95)1	(73)1	(208)4	(50)2	0.00	0	
(3)(1100)	6.00	(104)1	(206)4	(42)1	(130)1	0.00	0	
(4)(1100)	5.00	(73)5	(215)2	(183)1	(122)1	0.00	0	
(5)(1100)	5.00	(42)1	(161)4	(138)3	0.00	0	
(6)(1100)	5.00	(230)3	(42)1	(184)2	0.00	0	
(7)(1100)	5.00	(104)2	(223)4	0.00	0	
(8)(1100)	4.00	(183)6	2.00	0	
(9)(1100)	4.00	(112)1	(95)1	(97)1	(199)4	0.00	0	
(10)(1100)	4.00	(95)6	(97)1	(208)1	(49)1	(176)1	0.00	0	
(11)(1100)	3.00	(104)1	(238)2	(191)2	(138)1	0.00	0	
(12)(1100)	2.00	(122)9	2.00	0	
(13)(1100)	2.00	(50)1	(42)2	(138)7	0.00	0	
(14)(1100)	2.00	(49)10	(183)2	(122)2	0.00	0	
(15)(1100)	1.00	(112)9	(50)1	(42)1	0.00	0	
(16)(1100)	1.00	(49)2	(42)2	(153)6	0.00	0	
(17)(1100)	1.00	(95)1	(50)1	(191)5	0.00	0	
(18)(1100)	1.00	(97)8	(73)1	(49)2	(153)1	0.00	0	
(19)(1100)	1.00	(50)1	(42)1	(168)6	0.00	0	
(20)(1100)	1.00	(57)1	(34)1	(27)12	(137)5	0.00	0	
(21)(1100)	1.00	(42)1	(184)5	(138)1	0.00	0	
(22)(1100)	1.00	(230)2	(80)8	0.00	0	
(23)(1100)	1.00	(215)3	(49)5	(42)5	0.00	0	
(26)(1100)	1.00	(88)4	(34)22	0.00	0	
(29)(1100)	1.00	(72)6	(26)5	(11)27	(4)24	(145)1	0.00	0	max retalho: 5

(0)(1100)	1.00	(112)1	(65)5	(57)2	(183)3	0.00	0	
(1)(1100)	1.00	(104)1	(19)9	(153)3	(122)3	0.00	0	
(4)(1100)	1.00	(231)1	(208)3	(191)1	(27)2	0.00	0	
(5)(1100)	1.00	(73)4	(199)1	(27)3	(138)1	(130)3	0.00	0	
(10)(1100)	1.00	(215)1	(206)2	(49)3	(50)1	(138)2	0.00	0	
(20)(1100)	1.00	(95)3	(97)2	(80)3	(42)4	(27)1	(19)1	(161)1	6.00	0	max retalho: 5

(0)(1100)	1.00	(112)3	(104)4	(183)1	(161)1	(4)1	0.00	0	
(1)(1100)	1.00	(65)2	(57)4	(199)1	(26)3	(19)18	(122)1	1.00	0	
(2)(1100)	1.00	(112)2	(88)2	(65)4	(57)2	(50)3	(176)1	0.00	0	max retalho: 5

(0)(1100)	1.00	(104)4	(88)2	(72)1	(65)2	(57)3	(27)5	0.00	0	max retalho: 5

(0)(455)	1.00	(112)1	(88)1	(57)2	(27)4	0	33	Sobra Total: 0.00
Perda Total: 0.00

Total Barras Cortadas:
Barra (1000) : 0
Barra (1100) : 91
Barra (275) : 0
Barra (465) : 0
Barra (265) : 0
Barra (455) : 1
Barra (266) : 0

Retalhos Gerados:
Retalho (33) : 1
