
Saida Arquivo/Entrada/D12d8.txt

Minimizar a Perda Total
max retalho: 5

(0)(1100)	12.00	(196)2	(189)3	(141)1	0.00	0	
(1)(1100)	6.00	(134)2	(119)4	(71)2	(214)1	0.00	0	
(2)(1100)	6.00	(53)2	(173)3	(95)5	0.00	0	
(3)(1100)	5.00	(15)2	(214)5	0.00	0	
(4)(1100)	4.00	(181)6	(8)1	6.00	0	
(5)(1100)	4.00	(173)1	(103)9	0.00	0	
(6)(1100)	4.00	(188)5	(80)2	0.00	0	
(7)(1100)	4.00	(149)6	(118)1	(88)1	0.00	0	
(8)(1100)	3.00	(204)4	(47)1	(149)1	(88)1	0.00	0	
(9)(1100)	3.00	(196)1	(164)1	(166)2	(141)2	(126)1	0.00	0	
(10)(1100)	3.00	(158)5	(237)1	(73)1	0.00	0	
(11)(1100)	3.00	(47)1	(134)2	(71)9	(73)2	0.00	0	
(12)(1100)	3.00	(53)1	(173)4	(149)1	(118)1	(88)1	0.00	0	
(13)(1100)	2.00	(196)2	(141)2	(142)3	0.00	0	
(14)(1100)	2.00	(164)4	(111)4	0.00	0	
(15)(1100)	2.00	(47)1	(103)1	(237)4	2.00	0	
(16)(1100)	2.00	(53)1	(95)1	(238)4	0.00	0	
(17)(1100)	2.00	(212)4	(134)1	(118)1	0.00	0	
(18)(1100)	2.00	(53)2	(7)1	(141)7	0.00	0	
(19)(1100)	1.00	(53)1	(47)1	(126)7	(118)1	0.00	0	
(20)(1100)	1.00	(53)1	(47)1	(80)1	(230)4	0.00	0	
(21)(1100)	1.00	(73)15	5.00	0	
(22)(1100)	1.00	(47)12	(134)4	0.00	0	
(23)(1100)	1.00	(53)1	(55)14	(47)1	(23)10	0.00	0	
(27)(1100)	1.00	(38)5	(30)14	(23)2	(222)2	0.00	0	max retalho: 5

(0)(1100)	1.00	(8)1	(142)2	(126)3	(214)2	2.00	0	
(1)(1100)	1.00	(204)2	(23)4	(158)3	(126)1	0.00	0	
(2)(1100)	1.00	(204)1	(23)18	(142)1	(126)1	(214)1	0.00	0	
(3)(1100)	1.00	(53)6	(181)1	(103)3	(73)4	0.00	0	
(6)(1100)	1.00	(196)1	(15)1	(166)1	(118)1	(119)1	(88)2	(80)1	(230)1	0.00	0	
(22)(1100)	1.00	(47)6	(189)1	(181)1	(23)1	(164)2	(95)1	2.00	0	max retalho: 5

(0)(1100)	1.00	(134)2	(96)4	(80)2	(71)4	4.00	0	
(1)(1100)	1.00	(188)1	(30)5	(15)2	(7)6	(8)15	(149)1	(118)1	(119)1	(111)1	(73)1	0.00	0	max retalho: 5

(0)(1100)	1.00	(31)2	(15)11	(142)2	(134)1	(237)1	(214)1	4.00	0	max retalho: 5

(0)(383)	1.00	(15)3	0	338	Sobra Total: 0.00
Perda Total: 0.00

Total Barras Cortadas:
Barra (1000) : 0
Barra (1100) : 87
Barra (392) : 0
Barra (204) : 0
Barra (393) : 0
Barra (194) : 0
Barra (383) : 1

Retalhos Gerados:
Retalho (338) : 1
