
Saida Arquivo/Entrada/D12d17.txt

Minimizar a Perda Total
max retalho: 5

(0)(1100)	10.00	(107)1	(196)1	(164)4	(141)1	0.00	0	
(1)(1100)	9.00	(83)1	(211)3	(133)2	(118)1	0.00	0	
(2)(1100)	9.00	(100)1	(219)1	(156)4	(157)1	0.00	0	
(3)(1100)	8.00	(211)1	(53)2	(38)1	(149)5	0.00	0	
(4)(1100)	8.00	(100)3	(219)2	(181)2	0.00	0	
(5)(1000)	7.00	(227)4	(53)1	(38)1	1.00	0	
(6)(1100)	6.00	(83)1	(203)3	(204)2	0.00	0	
(7)(1100)	5.00	(53)2	(204)3	(38)1	(172)2	0.00	0	
(8)(1100)	4.00	(76)2	(196)4	(38)1	(126)1	0.00	0	
(9)(1100)	4.00	(108)1	(141)7	5.00	0	
(10)(1100)	4.00	(76)1	(203)5	(7)1	2.00	0	
(11)(1000)	3.00	(226)4	(53)1	(38)1	5.00	0	
(12)(1100)	3.00	(108)8	(100)1	(68)2	0.00	0	
(13)(1100)	3.00	(68)8	(219)1	(181)1	(156)1	0.00	0	
(14)(1100)	3.00	(234)4	(164)1	0.00	0	
(15)(1100)	3.00	(68)1	(172)6	0.00	0	
(16)(1100)	3.00	(45)1	(187)5	(14)7	(15)1	(7)1	0.00	0	
(17)(1100)	3.00	(219)1	(181)4	(157)1	0.00	0	
(18)(1100)	1.00	(172)2	(126)6	0.00	0	
(19)(1100)	1.00	(107)3	(76)1	(38)1	(133)5	0.00	0	
(20)(1100)	2.00	(108)1	(38)1	(156)1	(133)6	0.00	0	
(21)(1100)	1.00	(30)18	(22)1	(134)4	2.00	0	
(23)(1100)	1.00	(60)5	(61)9	(37)6	(14)2	1.00	0	
(25)(1100)	1.00	(91)1	(85)1	(45)1	(179)2	(22)23	(14)1	1.00	0	max retalho: 5

(0)(1100)	1.00	(108)1	(219)1	(211)2	(45)5	(126)1	0.00	0	
(1)(1100)	1.00	(227)1	(45)1	(118)7	2.00	0	
(2)(1000)	1.00	(179)3	(7)1	(157)2	(141)1	1.00	0	
(4)(1000)	1.00	(68)6	(149)3	(141)1	4.00	0	
(9)(1100)	1.00	(107)2	(83)1	(234)1	(76)1	(196)2	(38)1	(14)4	(7)1	0.00	0	
(29)(1100)	1.00	(226)3	(219)1	(196)1	(7)1	0.00	0	max retalho: 5

(1)(1100)	1.00	(108)1	(227)2	(38)4	(172)2	(14)3	0.00	0	
(2)(1000)	1.00	(76)1	(53)5	(204)1	(164)1	(7)1	(141)2	2.00	0	max retalho: 5

(1)(1100)	1.00	(108)4	(100)2	(76)2	(156)1	(157)1	3.00	0	max retalho: 5

(1)(1100)	1.00	(219)1	(45)4	(172)1	(7)3	(126)4	4.00	0	max retalho: 5

(6)(1000)	1.00	(76)1	(211)1	(61)2	(45)4	(38)5	(15)3	(7)2	0	162	Sobra Total: 0.00
Perda Total: 0.00

Total Barras Cortadas:
Barra (1000) : 14
Barra (1100) : 99
Barra (269) : 0
Barra (460) : 0
Barra (259) : 0
Barra (449) : 0
Barra (260) : 0

Retalhos Gerados:
Retalho (162) : 1
