
Saida Arquivo/Entrada/D12d2.txt

Minimizar a Perda Total
max retalho: 5

(0)(1000)	10.00	(111)1	(222)4	1.00	0	
(1)(1100)	8.00	(65)1	(199)1	(192)1	(161)4	0.00	0	
(2)(1100)	8.00	(215)1	(177)5	0.00	0	
(3)(1100)	7.00	(135)1	(50)1	(35)1	(176)5	0.00	0	
(4)(1100)	7.00	(136)1	(73)3	(215)3	(50)2	0.00	0	
(5)(1100)	6.00	(128)1	(96)1	(146)6	0.00	0	
(6)(1100)	5.00	(128)1	(113)7	(35)1	(146)1	0.00	0	
(7)(1100)	5.00	(111)3	(199)2	(200)1	(169)1	0.00	0	
(8)(1100)	6.00	(104)1	(199)4	(200)1	0.00	0	
(9)(1100)	4.00	(136)2	(215)1	(153)3	(154)1	0.00	0	
(10)(1100)	4.00	(239)4	(73)1	(35)2	1.00	0	
(11)(1100)	3.00	(65)1	(207)5	0.00	0	
(12)(1000)	3.00	(231)2	(184)2	(169)1	1.00	0	
(13)(1100)	3.00	(104)8	(66)3	(35)2	0.00	0	
(14)(1100)	3.00	(135)2	(136)5	(50)3	0.00	0	
(15)(1100)	3.00	(96)8	(89)1	(81)3	0.00	0	
(16)(1100)	3.00	(135)1	(88)10	(50)1	(35)1	0.00	0	
(17)(1100)	2.00	(104)1	(192)5	(18)2	0.00	0	
(18)(1100)	1.00	(73)3	(215)1	(50)1	(154)4	0.00	0	
(19)(1100)	1.00	(88)3	(81)10	(26)1	0.00	0	
(20)(1100)	2.00	(42)1	(43)1	(184)5	(18)1	(11)7	0.00	0	
(21)(1100)	1.00	(104)2	(96)1	(81)1	(65)11	0.00	0	
(22)(1100)	1.00	(89)9	(73)2	(153)1	0.00	0	
(23)(1100)	1.00	(128)7	(104)1	(65)1	(35)1	0.00	0	
(24)(1100)	1.00	(88)2	(66)14	0.00	0	
(25)(1100)	2.00	(184)5	(35)4	(20)2	0.00	0	
(26)(1100)	1.00	(43)8	(184)4	(20)1	0.00	0	
(27)(1100)	1.00	(42)3	(184)5	(18)3	0.00	0	
(28)(1100)	1.00	(119)3	(42)2	(184)3	(35)1	(18)4	0.00	0	
(30)(1000)	1.00	(224)3	(18)18	4.00	0	
(40)(1000)	7.00	(239)2	(192)1	(169)1	(161)1	0.00	0	max retalho: 5

(0)(1100)	1.00	(89)2	(207)2	(177)2	(154)1	0.00	0	
(1)(1100)	1.00	(81)2	(200)3	(169)2	0.00	0	
(2)(1100)	1.00	(81)4	(200)1	(192)3	0.00	0	
(3)(1100)	1.00	(73)3	(65)6	(169)1	(161)2	0.00	0	
(4)(1100)	1.00	(113)3	(104)3	(89)1	(184)1	(176)1	0.00	0	
(5)(1100)	1.00	(136)4	(81)1	(65)2	(26)1	(11)1	(154)2	0.00	0	
(7)(1000)	1.00	(135)3	(222)1	(66)3	(58)3	1.00	0	
(20)(1100)	1.00	(128)4	(81)3	(58)1	(43)1	(18)5	(154)1	0.00	0	max retalho: 5

(2)(1100)	1.00	(113)1	(66)4	(58)2	(42)2	(176)2	(169)1	2.00	0	
(10)(1100)	1.00	(113)1	(207)1	(58)1	(200)1	(177)1	(20)1	(161)2	3.00	0	max retalho: 5

(2)(1000)	1.00	(111)2	(89)3	(231)1	(65)1	(192)1	(20)1	3.00	0	max retalho: 5

(3)(1000)	1.00	(89)1	(65)4	(43)1	(153)1	0	455	Sobra Total: 0.00
Perda Total: 0.00

Total Barras Cortadas:
Barra (1000) : 24
Barra (1100) : 99
Barra (306) : 0
Barra (495) : 0
Barra (296) : 0
Barra (485) : 0
Barra (285) : 0

Retalhos Gerados:
Retalho (455) : 1

Saida Arquivo/Entrada/D12d2.txt

Minimizar a Perda Total
max retalho: 5

(0)(1000)	10.00	(111)1	(222)4	1.00	0	
(1)(1100)	8.00	(65)1	(199)1	(192)1	(161)4	0.00	0	
(2)(1100)	8.00	(215)1	(177)5	0.00	0	
(3)(1100)	7.00	(135)1	(50)1	(35)1	(176)5	0.00	0	
(4)(1100)	7.00	(136)1	(73)3	(215)3	(50)2	0.00	0	
(5)(1100)	6.00	(128)1	(96)1	(146)6	0.00	0	
(6)(1100)	5.00	(128)1	(113)7	(35)1	(146)1	0.00	0	
(7)(1100)	5.00	(111)3	(199)2	(200)1	(169)1	0.00	0	
(8)(1100)	6.00	(104)1	(199)4	(200)1	0.00	0	
(9)(1100)	4.00	(136)2	(215)1	(153)3	(154)1	0.00	0	
(10)(1100)	4.00	(239)4	(73)1	(35)2	1.00	0	
(11)(1100)	3.00	(65)1	(207)5	0.00	0	
(12)(1000)	3.00	(231)2	(184)2	(169)1	1.00	0	
(13)(1100)	3.00	(104)8	(66)3	(35)2	0.00	0	
(14)(1100)	3.00	(135)2	(136)5	(50)3	0.00	0	
(15)(1100)	3.00	(96)8	(89)1	(81)3	0.00	0	
(16)(1100)	3.00	(135)1	(88)10	(50)1	(35)1	0.00	0	
(17)(1100)	2.00	(104)1	(192)5	(18)2	0.00	0	
(18)(1100)	1.00	(73)3	(215)1	(50)1	(154)4	0.00	0	
(19)(1100)	1.00	(88)3	(81)10	(26)1	0.00	0	
(20)(1100)	2.00	(42)1	(43)1	(184)5	(18)1	(11)7	0.00	0	
(21)(1100)	1.00	(104)2	(96)1	(81)1	(65)11	0.00	0	
(22)(1100)	1.00	(89)9	(73)2	(153)1	0.00	0	
(23)(1100)	1.00	(128)7	(104)1	(65)1	(35)1	0.00	0	
(24)(1100)	1.00	(88)2	(66)14	0.00	0	
(25)(1100)	2.00	(184)5	(35)4	(20)2	0.00	0	
(26)(1100)	1.00	(43)8	(184)4	(20)1	0.00	0	
(27)(1100)	1.00	(42)3	(184)5	(18)3	0.00	0	
(28)(1100)	1.00	(119)3	(42)2	(184)3	(35)1	(18)4	0.00	0	
(30)(1000)	1.00	(224)3	(18)18	4.00	0	
(40)(1000)	7.00	(239)2	(192)1	(169)1	(161)1	0.00	0	max retalho: 5

(0)(1100)	1.00	(81)7	(65)3	(169)2	0.00	0	
(2)(1100)	1.00	(113)5	(89)2	(81)2	(65)3	0.00	0	
(3)(1100)	1.00	(65)5	(207)3	(153)1	1.00	0	
(4)(1100)	1.00	(200)2	(18)3	(161)4	2.00	0	
(6)(1100)	1.00	(135)3	(66)7	(192)1	(20)2	1.00	0	
(10)(1000)	1.00	(136)1	(128)4	(176)2	0.00	0	
(20)(1000)	1.00	(136)2	(104)3	(231)1	(184)1	1.00	0	max retalho: 5

(0)(1100)	1.00	(89)2	(200)1	(26)1	(177)3	(11)1	(154)1	0.00	0	
(2)(1100)	1.00	(58)5	(192)2	(43)2	(169)2	2.00	0	
(17)(1100)	1.00	(111)2	(222)1	(200)2	(42)2	(18)1	(154)1	0.00	0	max retalho: 5

(1)(1100)	1.00	(89)2	(81)1	(73)3	(65)2	(58)2	(192)1	(176)1	8.00	0	max retalho: 5

(3)(1000)	1.00	(136)1	(89)1	(18)1	(154)2	0	449	Sobra Total: 0.00
Perda Total: 0.00

Total Barras Cortadas:
Barra (1000) : 24
Barra (1100) : 99
Barra (306) : 0
Barra (495) : 0
Barra (296) : 0
Barra (485) : 0
Barra (285) : 0

Retalhos Gerados:
Retalho (449) : 1
