
Saida Arquivo/Entrada/D12d9.txt

Minimizar a Perda Total
max retalho: 5

(0)(1100)	7.00	(232)1	(233)1	(44)1	(185)3	(36)1	0.00	0	
(1)(1100)	7.00	(121)1	(99)3	(217)1	(155)3	0.00	0	
(2)(1100)	7.00	(233)3	(194)1	(44)1	(163)1	0.00	0	
(3)(1100)	6.00	(106)1	(59)2	(210)4	(36)1	0.00	0	
(4)(1100)	7.00	(232)1	(233)1	(74)1	(187)3	0.00	0	
(5)(1100)	6.00	(145)2	(162)5	0.00	0	
(6)(1100)	5.00	(74)1	(202)3	(44)1	(36)1	(170)2	0.00	0	
(7)(1100)	4.00	(98)8	(99)1	(217)1	0.00	0	
(8)(1100)	4.00	(106)6	(76)3	(59)4	0.00	0	
(9)(1100)	4.00	(76)3	(209)4	(36)1	0.00	0	
(10)(1100)	3.00	(129)8	(21)3	(5)1	0.00	0	
(11)(1100)	3.00	(122)9	2.00	0	
(12)(1100)	3.00	(194)1	(185)2	(187)2	(162)1	0.00	0	
(13)(1100)	3.00	(98)1	(83)4	(67)10	0.00	0	
(14)(1100)	4.00	(225)4	(28)3	(29)4	0.00	0	
(15)(1100)	2.00	(137)8	4.00	0	
(16)(1100)	2.00	(194)4	(162)2	0.00	0	
(17)(1100)	2.00	(91)8	(217)1	(155)1	0.00	0	
(18)(1100)	2.00	(106)2	(74)12	0.00	0	
(19)(1100)	2.00	(225)4	(36)4	(28)2	0.00	0	
(20)(1100)	1.00	(114)9	(74)1	0.00	0	
(21)(1100)	1.00	(121)4	(91)2	(217)2	0.00	0	
(22)(1100)	1.00	(225)3	(52)7	(28)1	(21)1	(6)2	0.00	0	
(24)(1100)	1.00	(98)4	(83)8	(44)1	0.00	0	
(33)(1100)	1.00	(225)2	(51)9	(21)1	(13)13	1.00	0	max retalho: 5

(0)(1100)	1.00	(129)1	(122)3	(209)1	(44)9	0.00	0	
(1)(1100)	1.00	(129)1	(209)1	(210)3	(44)3	0.00	0	
(3)(1100)	1.00	(91)4	(44)1	(170)2	(21)2	(155)2	0.00	0	
(4)(1100)	1.00	(137)6	(83)2	(44)2	(21)1	3.00	0	
(7)(1100)	1.00	(67)5	(59)7	(28)1	(179)1	(29)2	(5)9	(6)7	0.00	0	
(10)(1100)	1.00	(121)1	(99)1	(233)2	(28)3	(162)2	(6)1	0.00	0	max retalho: 5

(0)(1100)	1.00	(114)2	(209)2	(185)2	(21)4	0.00	0	
(2)(1100)	1.00	(129)4	(91)1	(217)2	(28)1	(6)5	1.00	0	max retalho: 5

(0)(1100)	1.00	(122)2	(114)2	(194)2	(21)11	(6)1	3.00	0	max retalho: 5

(4)(1000)	1.00	(98)1	(170)1	(21)6	(155)1	(6)25	0	301	Sobra Total: 0.00
Perda Total: 0.00

Total Barras Cortadas:
Barra (1000) : 1
Barra (1100) : 97
Barra (126) : 0
Barra (305) : 0
Barra (497) : 0
Barra (295) : 0
Barra (487) : 0

Retalhos Gerados:
Retalho (301) : 1
