
Saida Arquivo/Entrada/D12d5.txt

Minimizar a Perda Total
max retalho: 5

(0)(1100)	10.00	(76)1	(77)1	(61)1	(212)4	(38)1	0.00	0	
(1)(1100)	7.00	(99)1	(220)1	(61)1	(180)4	0.00	0	
(2)(1100)	7.00	(101)1	(196)3	(142)2	(127)1	0.00	0	
(3)(1100)	5.00	(23)1	(165)5	(125)1	(127)1	0.00	0	
(4)(1100)	5.00	(101)1	(227)4	(38)1	(30)1	(23)1	0.00	0	
(5)(1100)	5.00	(172)3	(150)3	(134)1	0.00	0	
(6)(1100)	4.00	(235)1	(188)4	(30)3	(23)1	0.00	0	
(7)(1100)	4.00	(218)5	(7)1	3.00	0	
(8)(1100)	4.00	(172)3	(173)2	(119)2	0.00	0	
(9)(1100)	3.00	(99)1	(84)6	(218)2	(61)1	0.00	0	
(10)(1100)	3.00	(212)1	(54)3	(38)1	(172)4	0.00	0	
(11)(1100)	3.00	(92)1	(235)4	(38)1	(30)1	0.00	0	
(12)(1100)	3.00	(220)5	0.00	0	
(13)(1100)	3.00	(77)1	(203)4	(38)1	(173)1	0.00	0	
(14)(1100)	2.00	(76)12	(54)1	(134)1	0.00	0	
(15)(1100)	2.00	(92)9	(203)1	(23)3	0.00	0	
(16)(1100)	1.00	(196)5	(30)4	0.00	0	
(17)(1100)	1.00	(54)1	(23)2	(125)8	0.00	0	
(18)(1100)	1.00	(38)1	(173)1	(127)7	0.00	0	
(19)(1100)	1.00	(218)1	(54)13	(180)1	0.00	0	
(20)(1100)	1.00	(157)7	1.00	0	
(21)(1100)	1.00	(227)1	(38)1	(30)2	(31)25	0.00	0	
(24)(1100)	1.00	(69)7	(30)1	(14)10	(149)3	0.00	0	
(27)(1100)	1.00	(99)1	(77)13	0.00	0	
(39)(1100)	1.00	(99)11	(7)1	4.00	0	max retalho: 5

(0)(1100)	1.00	(99)4	(218)2	(134)2	0.00	0	
(1)(1100)	1.00	(220)2	(30)8	(14)30	0.00	0	
(2)(1100)	1.00	(235)2	(196)1	(23)8	(125)2	0.00	0	
(4)(1100)	1.00	(188)2	(30)3	(23)1	(127)2	(119)3	0.00	0	
(10)(1100)	1.00	(92)3	(84)1	(227)1	(46)5	(23)1	(14)1	(6)41	0.00	0	
(13)(1100)	1.00	(76)3	(203)1	(38)4	(172)1	(6)1	(7)28	(142)1	1.00	0	max retalho: 5

(0)(1100)	1.00	(107)1	(77)1	(54)2	(180)3	(134)2	0.00	0	
(2)(1100)	1.00	(99)1	(84)3	(218)1	(212)1	(195)1	(31)4	0.00	0	
(8)(1100)	1.00	(54)8	(196)2	(14)1	(134)1	(127)1	1.00	0	max retalho: 5

(0)(1100)	1.00	(99)1	(61)1	(53)1	(30)5	(23)6	(165)1	(6)3	(157)1	(134)1	(125)1	0.00	0	max retalho: 5

(0)(1100)	1.00	(99)1	(54)2	(23)7	(125)1	0	607	Sobra Total: 0.00
Perda Total: 0.00

Total Barras Cortadas:
Barra (1000) : 0
Barra (1100) : 90
Barra (269) : 0
Barra (449) : 0
Barra (258) : 0
Barra (450) : 0
Barra (248) : 0

Retalhos Gerados:
Retalho (607) : 1
