
Saida Arquivo/Entrada/D4d1.txt

Minimizar a Perda Total
max retalho: 5

(0)(1100)	12.00	(323)1	(324)1	(102)1	(71)3	(69)2	0.00	0	
(1)(1100)	11.00	(324)1	(257)3	5.00	0	
(2)(1100)	11.00	(290)1	(280)2	(125)2	0.00	0	
(3)(1100)	6.00	(323)1	(259)3	0.00	0	
(4)(1100)	5.00	(290)3	(113)1	(69)1	(48)1	0.00	0	
(5)(1100)	5.00	(313)1	(301)2	(125)1	(60)1	0.00	0	
(6)(1100)	5.00	(323)3	(60)2	11.00	0	
(7)(1100)	4.00	(292)3	(104)1	(71)1	(48)1	1.00	0	
(8)(1100)	3.00	(313)3	(113)1	(48)1	0.00	0	
(9)(1100)	4.00	(323)2	(269)1	(104)1	(81)1	0.00	0	
(10)(1100)	2.00	(323)1	(301)1	(280)1	(104)1	(92)1	0.00	0	
(11)(1100)	2.00	(323)1	(324)1	(102)1	(69)3	(48)3	0.00	0	
(12)(1100)	2.00	(292)1	(102)7	(92)1	2.00	0	
(13)(1100)	1.00	(324)3	(60)2	8.00	0	
(14)(1100)	1.00	(301)3	(48)4	5.00	0	
(15)(1100)	1.00	(292)1	(269)3	1.00	0	
(16)(1100)	1.00	(280)3	(104)1	(60)1	(48)2	0.00	0	max retalho: 5

(0)(1100)	1.00	(324)2	(290)1	(92)1	(69)1	1.00	0	
(2)(1100)	1.00	(324)1	(259)1	(113)2	(48)6	3.00	0	
(6)(1100)	1.00	(301)1	(280)1	(257)1	(69)1	(48)4	1.00	0	max retalho: 5

(0)(1100)	1.00	(313)1	(290)1	(259)1	(69)1	(48)1	0	121	Sobra Total: 0.00
Perda Total: 0.00

Total Barras Cortadas:
Barra (1000) : 0
Barra (1100) : 80
Barra (380) : 0
Barra (215) : 0
Barra (372) : 0

Retalhos Gerados:
Retalho (121) : 1

Saida Arquivo/Entrada/D4d1.txt

Minimizar a Perda Total
max retalho: 5

(0)(1000)	11.00	(323)1	(301)1	(257)1	(71)1	(48)1	0.00	0	
(1)(1100)	10.00	(290)1	(280)2	(125)2	0.00	0	
(2)(1100)	8.00	(323)1	(280)1	(257)1	(102)1	(69)2	0.00	0	
(3)(1100)	6.00	(323)3	(71)1	(60)1	0.00	0	
(4)(1100)	7.00	(324)2	(290)1	(102)1	(60)1	0.00	0	
(5)(1100)	6.00	(323)1	(259)3	0.00	0	
(6)(1100)	5.00	(301)1	(292)2	(113)1	(102)1	0.00	0	
(7)(1100)	4.00	(313)1	(290)2	(69)3	0.00	0	
(8)(1100)	3.00	(313)3	(113)1	(48)1	0.00	0	
(9)(1100)	3.00	(269)2	(257)1	(92)1	(71)3	0.00	0	
(10)(1100)	2.00	(324)1	(257)1	(104)3	(69)3	0.00	0	
(11)(1100)	3.00	(324)2	(104)1	(102)2	(48)3	0.00	0	
(12)(1100)	2.00	(324)2	(125)2	(71)2	(60)1	0.00	0	
(13)(1100)	2.00	(324)2	(290)1	(81)2	0.00	0	
(14)(1100)	1.00	(257)3	(125)1	(102)2	0.00	0	
(15)(1000)	1.00	(324)1	(292)2	(92)1	0.00	0	
(16)(1100)	1.00	(292)1	(257)1	(71)1	(48)10	0.00	0	
(17)(1100)	1.00	(257)3	(71)1	(69)2	(60)2	0.00	0	max retalho: 5

(0)(1100)	1.00	(323)1	(292)1	(125)2	(104)1	(71)1	(60)1	0.00	0	
(1)(1100)	1.00	(323)1	(269)1	(257)1	(113)1	(69)2	0.00	0	
(2)(1100)	1.00	(313)1	(290)1	(71)7	0.00	0	max retalho: 5

Saida Arquivo/Entrada/D4d1.txt

Minimizar a Perda Total
max retalho: 5

(0)(1000)	11.00	(323)1	(301)1	(257)1	(71)1	(48)1	0.00	0	
(1)(1100)	10.00	(290)1	(280)2	(125)2	0.00	0	
(2)(1100)	8.00	(323)1	(280)1	(257)1	(102)1	(69)2	0.00	0	
(3)(1100)	6.00	(323)3	(71)1	(60)1	0.00	0	
(4)(1100)	7.00	(324)2	(290)1	(102)1	(60)1	0.00	0	
(5)(1100)	6.00	(323)1	(259)3	0.00	0	
(6)(1100)	5.00	(301)1	(292)2	(113)1	(102)1	0.00	0	
(7)(1100)	4.00	(313)1	(290)2	(69)3	0.00	0	
(8)(1100)	3.00	(313)3	(113)1	(48)1	0.00	0	
(9)(1100)	3.00	(269)2	(257)1	(92)1	(71)3	0.00	0	
(10)(1100)	2.00	(324)1	(257)1	(104)3	(69)3	0.00	0	
(11)(1100)	3.00	(324)2	(104)1	(102)2	(48)3	0.00	0	
(12)(1100)	2.00	(324)2	(125)2	(71)2	(60)1	0.00	0	
(13)(1100)	2.00	(324)2	(290)1	(81)2	0.00	0	
(14)(1100)	1.00	(257)3	(125)1	(102)2	0.00	0	
(15)(1000)	1.00	(324)1	(292)2	(92)1	0.00	0	
(16)(1100)	1.00	(292)1	(257)1	(71)1	(48)10	0.00	0	
(17)(1100)	1.00	(257)3	(71)1	(69)2	(60)2	0.00	0	max retalho: 5

(0)(1100)	1.00	(323)1	(292)1	(125)2	(104)1	(71)1	(60)1	0.00	0	
(1)(1100)	1.00	(323)1	(269)1	(257)1	(113)1	(69)2	0.00	0	
(2)(1100)	1.00	(313)1	(290)1	(71)7	0.00	0	max retalho: 5

Saida Arquivo/Entrada/D4d1.txt

Minimizar a Perda Total
max retalho: 5

(0)(1000)	11.00	(323)1	(324)1	(257)1	(48)2	0.00	0	
(1)(1000)	10.00	(290)1	(280)2	(102)1	(48)1	0.00	0	
(2)(1000)	10.00	(259)1	(257)2	(125)1	(102)1	0.00	0	
(3)(1000)	8.00	(323)1	(324)1	(71)4	(69)1	0.00	0	
(4)(1000)	8.00	(324)1	(301)2	(71)1	3.00	0	
(5)(1000)	7.00	(292)2	(290)1	(125)1	1.00	0	
(6)(1000)	8.00	(323)2	(280)1	(69)1	5.00	0	
(7)(1000)	5.00	(313)3	(60)1	1.00	0	
(8)(1000)	4.00	(323)2	(125)2	(104)1	0.00	0	
(9)(1000)	3.00	(290)3	(81)1	(48)1	1.00	0	
(10)(1000)	3.00	(269)1	(259)2	(92)1	(60)2	1.00	0	
(11)(1000)	2.00	(323)1	(324)1	(104)1	(69)1	(60)3	0.00	0	
(12)(1000)	2.00	(269)2	(257)1	(102)2	1.00	0	
(13)(1000)	1.00	(113)7	(69)3	2.00	0	
(14)(1000)	1.00	(259)1	(257)1	(69)7	1.00	0	
(15)(1000)	1.00	(324)2	(69)5	7.00	0	
(16)(1000)	1.00	(259)2	(104)2	(102)2	(69)1	1.00	0	max retalho: 5

(0)(1000)	1.00	(290)2	(259)1	(92)1	(69)1	0.00	0	
(2)(1000)	1.00	(292)1	(125)2	(113)2	(102)1	(69)1	(60)1	1.00	0	max retalho: 5

(0)(1000)	1.00	(113)1	(104)3	(102)1	(92)1	(81)1	(69)2	0	162	Sobra Total: 0.00
Perda Total: 0.00

Total Barras Cortadas:
Barra (1000) : 88
Barra (1100) : 0
Barra (380) : 0
Barra (215) : 0
Barra (372) : 0

Retalhos Gerados:
Retalho (162) : 1

Saida Arquivo/Entrada/D4d1.txt

Minimizar a Perda Total
max retalho: 5

(0)(1000)	11.00	(323)1	(324)1	(257)1	(48)2	0.00	0	
(1)(1000)	10.00	(290)1	(280)2	(102)1	(48)1	0.00	0	
(2)(1000)	10.00	(259)1	(257)2	(125)1	(102)1	0.00	0	
(3)(1000)	8.00	(323)1	(324)1	(71)4	(69)1	0.00	0	
(4)(1000)	8.00	(324)1	(301)2	(71)1	3.00	0	
(5)(1000)	7.00	(292)2	(290)1	(125)1	1.00	0	
(6)(1000)	8.00	(323)2	(280)1	(69)1	5.00	0	
(7)(1000)	5.00	(313)3	(60)1	1.00	0	
(8)(1000)	4.00	(323)2	(125)2	(104)1	0.00	0	
(9)(1000)	3.00	(290)3	(81)1	(48)1	1.00	0	
(10)(1000)	3.00	(269)1	(259)2	(92)1	(60)2	1.00	0	
(11)(1000)	2.00	(323)1	(324)1	(104)1	(69)1	(60)3	0.00	0	
(12)(1000)	2.00	(269)2	(257)1	(102)2	1.00	0	
(13)(1000)	1.00	(113)7	(69)3	2.00	0	
(14)(1000)	1.00	(259)1	(257)1	(69)7	1.00	0	
(15)(1000)	1.00	(324)2	(69)5	7.00	0	
(16)(1000)	1.00	(259)2	(104)2	(102)2	(69)1	1.00	0	max retalho: 5

(0)(1000)	1.00	(290)2	(259)1	(92)1	(69)1	0.00	0	
(2)(1000)	1.00	(292)1	(125)2	(113)2	(102)1	(69)1	(60)1	1.00	0	max retalho: 5

(0)(1000)	1.00	(113)1	(104)3	(102)1	(92)1	(81)1	(69)2	0	162	Sobra Total: 0.00
Perda Total: 0.00

Total Barras Cortadas:
Barra (1000) : 88
Barra (1100) : 0
Barra (380) : 0
Barra (215) : 0
Barra (372) : 0

Retalhos Gerados:
Retalho (162) : 1

Saida Arquivo/Entrada/D4d1.txt

Minimizar a Perda Total

Saida Arquivo/Entrada/D4d1.txt

Minimizar a Perda Total
max retalho: 5

(0)(1100)	15.00	(323)3	131.00	0	
(1)(1100)	10.00	(324)3	128.00	0	
(2)(1100)	9.00	(290)3	230.00	0	
(3)(1100)	9.00	(280)3	260.00	0	
(4)(1100)	8.00	(257)4	72.00	0	
(5)(1100)	5.00	(301)3	197.00	0	
(6)(1100)	5.00	(292)3	224.00	0	
(7)(1100)	5.00	(259)4	64.00	0	
(8)(1100)	5.00	(313)3	161.00	0	
(9)(1100)	3.00	(125)8	100.00	0	
(10)(1100)	2.00	(102)10	80.00	0	
(11)(1100)	2.00	(71)15	35.00	0	
(12)(1100)	2.00	(69)15	65.00	0	
(13)(1100)	1.00	(269)4	24.00	0	
(14)(1100)	1.00	(48)22	44.00	0	
(15)(1100)	1.00	(113)9	83.00	0	
(16)(1100)	1.00	(104)10	60.00	0	
(17)(1100)	1.00	(81)4	776.00	0	
(18)(1100)	1.00	(60)18	20.00	0	
(19)(1100)	1.00	(92)5	640.00	0	max retalho: 5

(0)(1100)	1.00	(324)1	776.00	0	
(1)(1100)	1.00	(301)1	799.00	0	
(2)(1100)	1.00	(290)1	810.00	0	
(3)(1100)	1.00	(280)1	820.00	0	
(4)(1100)	1.00	(269)3	293.00	0	
(5)(1100)	1.00	(257)2	586.00	0	
(6)(1100)	1.00	(125)3	725.00	0	
(7)(1100)	1.00	(113)1	987.00	0	
(8)(1100)	1.00	(104)1	996.00	0	
(9)(1100)	1.00	(102)8	284.00	0	
(10)(1100)	1.00	(71)10	390.00	0	
(11)(1100)	1.00	(69)8	548.00	0	
(12)(1100)	1.00	(48)13	0	476	Sobra Total: 0.00
Perda Total: 0.00

Total Barras Cortadas:
Barra (1000) : 0
Barra (1100) : 100
Barra (380) : 0
Barra (215) : 0
Barra (372) : 0

Retalhos Gerados:
Retalho (476) : 1

Saida Arquivo/Entrada/D4d1.txt

Minimizar a Perda Total
max retalho: 5

(0)(1100)	15.00	(323)3	131.00	0	
(1)(1100)	10.00	(324)3	128.00	0	
(2)(1100)	9.00	(290)3	230.00	0	
(3)(1100)	9.00	(280)3	260.00	0	
(4)(1100)	8.00	(257)4	72.00	0	
(5)(1100)	5.00	(301)3	197.00	0	
(6)(1100)	5.00	(292)3	224.00	0	
(7)(1100)	5.00	(259)4	64.00	0	
(8)(1100)	5.00	(313)3	161.00	0	
(9)(1100)	3.00	(125)8	100.00	0	
(10)(1100)	2.00	(102)10	80.00	0	
(11)(1100)	2.00	(71)15	35.00	0	
(12)(1100)	2.00	(69)15	65.00	0	
(13)(1100)	1.00	(269)4	24.00	0	
(14)(1100)	1.00	(48)22	44.00	0	
(15)(1100)	1.00	(113)9	83.00	0	
(16)(1100)	1.00	(104)10	60.00	0	
(17)(1100)	1.00	(81)4	776.00	0	
(18)(1100)	1.00	(60)18	20.00	0	
(19)(1100)	1.00	(92)5	640.00	0	max retalho: 5

(0)(1100)	1.00	(324)1	776.00	0	
(1)(1100)	1.00	(301)1	799.00	0	
(2)(1100)	1.00	(290)1	810.00	0	
(3)(1100)	1.00	(280)1	820.00	0	
(4)(1100)	1.00	(269)3	293.00	0	
(5)(1100)	1.00	(257)2	586.00	0	
(6)(1100)	1.00	(125)3	725.00	0	
(7)(1100)	1.00	(113)1	987.00	0	
(8)(1100)	1.00	(104)1	996.00	0	
(9)(1100)	1.00	(102)8	284.00	0	
(10)(1100)	1.00	(71)10	390.00	0	
(11)(1100)	1.00	(69)8	548.00	0	
(12)(1100)	1.00	(48)13	0	476	Sobra Total: 0.00
Perda Total: 0.00

Total Barras Cortadas:
Barra (1000) : 0
Barra (1100) : 100
Barra (380) : 0
Barra (215) : 0
Barra (372) : 0

Retalhos Gerados:
Retalho (476) : 1

Saida Arquivo/Entrada/D4d1.txt

Minimizar a Perda Total
max retalho: 5

Saida Arquivo/Entrada/D4d1.txt

Minimizar a Perda Total
max retalho: 5

Saida Arquivo/Entrada/D4d1.txt

Minimizar a Perda Total

Saida Arquivo/Entrada/D4d1.txt

Minimizar a Perda Total

Saida Arquivo/Entrada/D4d1.txt

Minimizar a Perda Total

Saida Arquivo/Entrada/D4d1.txt

Minimizar a Perda Total
max retalho: 5

(0)(1100)	15.00	(323)3	131.00	0	
(1)(1100)	10.00	(324)3	128.00	0	
(2)(1100)	9.00	(290)3	230.00	0	
(3)(1100)	9.00	(280)3	260.00	0	
(4)(1100)	8.00	(257)4	72.00	0	
(5)(1100)	5.00	(301)3	197.00	0	
(6)(1100)	5.00	(292)3	224.00	0	
(7)(1100)	5.00	(259)4	64.00	0	
(8)(1100)	5.00	(313)3	161.00	0	
(9)(1100)	3.00	(125)8	100.00	0	
(10)(1100)	2.00	(102)10	80.00	0	
(11)(1100)	2.00	(71)15	35.00	0	
(12)(1100)	2.00	(69)15	65.00	0	
(13)(1100)	1.00	(269)4	24.00	0	
(14)(1100)	1.00	(48)22	44.00	0	
(15)(1100)	1.00	(113)9	83.00	0	
(16)(1100)	1.00	(104)10	60.00	0	
(17)(1100)	1.00	(81)4	776.00	0	
(18)(1100)	1.00	(60)18	20.00	0	
(19)(1100)	1.00	(92)5	640.00	0	
Saida Arquivo/Entrada/D4d1.txt

Minimizar a Perda Total
max retalho: 5

(0)(1100)	15.00	(323)3	131.00	0	
(1)(1100)	10.00	(324)3	128.00	0	
(2)(1100)	9.00	(290)3	230.00	0	
(3)(1100)	9.00	(280)3	260.00	0	
(4)(1100)	8.00	(257)4	72.00	0	
(5)(1100)	5.00	(301)3	197.00	0	
(6)(1100)	5.00	(292)3	224.00	0	
(7)(1100)	5.00	(259)4	64.00	0	
(8)(1100)	5.00	(313)3	161.00	0	
(9)(1100)	3.00	(125)8	100.00	0	
(10)(1100)	2.00	(102)10	80.00	0	
(11)(1100)	2.00	(71)15	35.00	0	
(12)(1100)	2.00	(69)15	65.00	0	
(13)(1100)	1.00	(269)4	24.00	0	
(14)(1100)	1.00	(48)22	44.00	0	
(15)(1100)	1.00	(113)9	83.00	0	
(16)(1100)	1.00	(104)10	60.00	0	
(17)(1100)	1.00	(81)4	776.00	0	
(18)(1100)	1.00	(60)18	20.00	0	
(19)(1100)	1.00	(92)5	640.00	0	
Saida Arquivo/Entrada/D4d1.txt

Minimizar a Perda Total
max retalho: 5

(0)(1100)	15.00	(323)3	131.00	0	
(1)(1100)	10.00	(324)3	128.00	0	
(2)(1100)	9.00	(290)3	230.00	0	
(3)(1100)	9.00	(280)3	260.00	0	
(4)(1100)	8.00	(257)4	72.00	0	
(5)(1100)	5.00	(301)3	197.00	0	
(6)(1100)	5.00	(292)3	224.00	0	
(7)(1100)	5.00	(259)4	64.00	0	
(8)(1100)	5.00	(313)3	161.00	0	
(9)(1100)	3.00	(125)8	100.00	0	
(10)(1100)	2.00	(102)10	80.00	0	
(11)(1100)	2.00	(71)15	35.00	0	
(12)(1100)	2.00	(69)15	65.00	0	
(13)(1100)	1.00	(269)4	24.00	0	
(14)(1100)	1.00	(48)22	44.00	0	
(15)(1100)	1.00	(113)9	83.00	0	
(16)(1100)	1.00	(104)10	60.00	0	
(17)(1100)	1.00	(81)4	776.00	0	
(18)(1100)	1.00	(60)18	20.00	0	
(19)(1100)	1.00	(92)5	640.00	0	
Saida Arquivo/Entrada/D4d1.txt

Minimizar a Perda Total
max retalho: 5

(0)(1100)	15.00	(323)3	131.00	0	
(1)(1100)	10.00	(324)3	128.00	0	
(2)(1100)	9.00	(290)3	230.00	0	
(3)(1100)	9.00	(280)3	260.00	0	
(4)(1100)	8.00	(257)4	72.00	0	
(5)(1100)	5.00	(301)3	197.00	0	
(6)(1100)	5.00	(292)3	224.00	0	
(7)(1100)	5.00	(259)4	64.00	0	
(8)(1100)	5.00	(313)3	161.00	0	
(9)(1100)	3.00	(125)8	100.00	0	
(10)(1100)	2.00	(102)10	80.00	0	
(11)(1100)	2.00	(71)15	35.00	0	
(12)(1100)	2.00	(69)15	65.00	0	
(13)(1100)	1.00	(269)4	24.00	0	
(14)(1100)	1.00	(48)22	44.00	0	
(15)(1100)	1.00	(113)9	83.00	0	
(16)(1100)	1.00	(104)10	60.00	0	
(17)(1100)	1.00	(81)4	776.00	0	
(18)(1100)	1.00	(60)18	20.00	0	
(19)(1100)	1.00	(92)5	640.00	0	
Saida Arquivo/Entrada/D4d1.txt

Minimizar a Perda Total
max retalho: 5

Saida Arquivo/Entrada/D4d1.txt

Minimizar a Perda Total
max retalho: 5

(0)(1100)	15.00	(323)3	131.00	0	
(1)(1100)	10.00	(324)3	128.00	0	
(2)(1100)	9.00	(290)3	230.00	0	
(3)(1100)	9.00	(280)3	260.00	0	
(4)(1100)	8.00	(257)4	72.00	0	
(5)(1100)	5.00	(301)3	197.00	0	
(6)(1100)	5.00	(292)3	224.00	0	
(7)(1100)	5.00	(259)4	64.00	0	
(8)(1100)	5.00	(313)3	161.00	0	
(9)(1100)	3.00	(125)8	100.00	0	
(10)(1100)	2.00	(102)10	80.00	0	
(11)(1100)	2.00	(71)15	35.00	0	
(12)(1100)	2.00	(69)15	65.00	0	
(13)(1100)	1.00	(269)4	24.00	0	
(14)(1100)	1.00	(48)22	44.00	0	
(15)(1100)	1.00	(113)9	83.00	0	
(16)(1100)	1.00	(104)10	60.00	0	
(17)(1100)	1.00	(81)4	776.00	0	
(18)(1100)	1.00	(60)18	20.00	0	
(19)(1100)	1.00	(92)5	640.00	0	max retalho: 5

(0)(1100)	1.00	(324)1	776.00	0	
(1)(1100)	1.00	(301)1	799.00	0	
(2)(1100)	1.00	(290)1	810.00	0	
(3)(1100)	1.00	(280)1	820.00	0	
(4)(1100)	1.00	(269)3	293.00	0	
(5)(1100)	1.00	(257)2	586.00	0	
(6)(1100)	1.00	(125)3	725.00	0	
(7)(1100)	1.00	(113)1	987.00	0	
(8)(1100)	1.00	(104)1	996.00	0	
(9)(1100)	1.00	(102)8	284.00	0	
(10)(1100)	1.00	(71)10	390.00	0	
(11)(1100)	1.00	(69)8	548.00	0	
(12)(1100)	1.00	(48)13	0	476	Sobra Total: 0.00
Perda Total: 0.00

Total Barras Cortadas:
Barra (1000) : 0
Barra (1100) : 100
Barra (380) : 0
Barra (215) : 0
Barra (372) : 0

Retalhos Gerados:
Retalho (476) : 1
