
Saida Arquivo/Entrada/D4d19.txt

Minimizar a Perda Total
max retalho: 5

(0)(1100)	15.00	(150)3	(117)1	(328)1	(108)1	(96)1	1.00	0	
(1)(1100)	14.00	(205)2	(171)1	(328)1	(106)1	(85)1	0.00	0	
(2)(1100)	11.00	(173)1	(317)1	(305)2	0.00	0	
(3)(1100)	9.00	(194)4	(108)3	0.00	0	
(4)(1100)	7.00	(182)1	(171)4	(117)2	0.00	0	
(5)(1100)	7.00	(194)2	(161)1	(140)1	(326)1	(85)1	0.00	0	
(6)(1100)	4.00	(138)2	(140)1	(96)1	(294)2	0.00	0	
(7)(1100)	3.00	(171)2	(326)2	(106)1	0.00	0	
(8)(1100)	3.00	(161)4	(150)1	(305)1	1.00	0	
(9)(1100)	3.00	(140)7	(117)1	3.00	0	
(10)(1100)	3.00	(150)1	(138)1	(106)1	(305)2	(96)1	0.00	0	
(11)(1100)	2.00	(205)4	(161)1	(117)1	2.00	0	
(12)(1100)	2.00	(205)2	(171)1	(173)3	0.00	0	
(13)(1100)	1.00	(182)2	(150)2	(328)1	(108)1	0.00	0	
(14)(1100)	1.00	(171)3	(129)2	(328)1	1.00	0	
(19)(1100)	2.00	(140)1	(96)10	0.00	0	max retalho: 5

(0)(1100)	1.00	(182)1	(305)3	3.00	0	
(1)(1100)	1.00	(150)1	(138)1	(326)1	(96)2	(294)1	0.00	0	
(2)(1100)	1.00	(138)2	(140)2	(96)3	(85)3	1.00	0	max retalho: 5

(0)(1100)	1.00	(182)1	(171)1	(161)2	(138)2	(140)1	9.00	0	max retalho: 5

(0)(240)	1.00	(108)1	(96)1	0	36	Sobra Total: 0.00
Perda Total: 0.00

Total Barras Cortadas:
Barra (1000) : 0
Barra (1100) : 91
Barra (249) : 0
Barra (407) : 0
Barra (240) : 1

Retalhos Gerados:
Retalho (36) : 1
