
Saida Arquivo/Entrada/D4d11.txt

Minimizar a Perda Total
max retalho: 5

(0)(1100)	11.00	(144)3	(334)2	0.00	0	
(1)(1100)	8.00	(209)1	(155)1	(134)3	(334)1	0.00	0	
(2)(1100)	8.00	(209)3	(167)1	(102)3	0.00	0	
(3)(1100)	7.00	(167)1	(311)3	0.00	0	
(4)(1100)	6.00	(188)1	(144)2	(312)2	0.00	0	
(5)(1100)	6.00	(209)1	(211)1	(123)3	(311)1	0.00	0	
(6)(1100)	5.00	(211)2	(334)2	10.00	0	
(7)(1100)	5.00	(134)1	(322)3	0.00	0	
(8)(1100)	5.00	(211)2	(113)6	0.00	0	
(9)(1100)	3.00	(199)3	(144)1	(123)2	(113)1	0.00	0	
(10)(1100)	3.00	(209)1	(178)5	1.00	0	
(11)(1100)	3.00	(209)1	(211)3	(167)1	(90)1	1.00	0	
(12)(1100)	3.00	(176)5	(113)1	(102)1	5.00	0	
(13)(1100)	3.00	(188)4	(123)2	(102)1	0.00	0	
(14)(1100)	1.00	(146)6	(134)1	(90)1	0.00	0	
(15)(1100)	1.00	(144)1	(111)5	(311)1	(90)1	0.00	0	
(16)(1100)	1.00	(211)3	(155)3	2.00	0	
(18)(1100)	1.00	(209)3	(176)1	(146)2	5.00	0	max retalho: 5

(0)(1100)	1.00	(211)2	(102)4	(90)3	0.00	0	
(1)(1100)	1.00	(199)2	(188)1	(178)1	(334)1	2.00	0	
(2)(1100)	1.00	(176)1	(178)1	(144)2	(146)1	(312)1	0.00	0	max retalho: 5

(0)(1100)	1.00	(199)1	(178)1	(146)1	(134)1	(123)2	(102)1	(90)1	5.00	0	max retalho: 5

(0)(1100)	1.00	(199)1	(123)1	(90)1	0	688	Sobra Total: 0.00
Perda Total: 0.00

Total Barras Cortadas:
Barra (1000) : 0
Barra (1100) : 85
Barra (253) : 0
Barra (411) : 0
Barra (245) : 0

Retalhos Gerados:
Retalho (688) : 1

Saida Arquivo/Entrada/D4d11.txt

Minimizar a Perda Total
max retalho: 5

(0)(1100)	11.00	(144)3	(334)2	0.00	0	
(1)(1100)	8.00	(209)1	(155)1	(134)3	(334)1	0.00	0	
(2)(1100)	8.00	(209)3	(167)1	(102)3	0.00	0	
(3)(1100)	7.00	(167)1	(311)3	0.00	0	
(4)(1100)	6.00	(188)1	(144)2	(312)2	0.00	0	
(5)(1100)	6.00	(209)1	(211)1	(123)3	(311)1	0.00	0	
(6)(1100)	5.00	(211)2	(334)2	10.00	0	
(7)(1100)	5.00	(134)1	(322)3	0.00	0	
(8)(1100)	5.00	(211)2	(113)6	0.00	0	
(9)(1100)	3.00	(199)3	(144)1	(123)2	(113)1	0.00	0	
(10)(1100)	3.00	(209)1	(178)5	1.00	0	
(11)(1100)	3.00	(209)1	(211)3	(167)1	(90)1	1.00	0	
(12)(1100)	3.00	(176)5	(113)1	(102)1	5.00	0	
(13)(1100)	3.00	(188)4	(123)2	(102)1	0.00	0	
(14)(1100)	1.00	(146)6	(134)1	(90)1	0.00	0	
(15)(1100)	1.00	(144)1	(111)5	(311)1	(90)1	0.00	0	
(16)(1100)	1.00	(211)3	(155)3	2.00	0	
(18)(1100)	1.00	(209)3	(176)1	(146)2	5.00	0	max retalho: 5

(0)(1100)	1.00	(211)2	(102)4	(90)3	0.00	0	
(1)(1100)	1.00	(199)2	(188)1	(178)1	(334)1	2.00	0	
(2)(1100)	1.00	(176)1	(178)1	(144)2	(146)1	(312)1	0.00	0	max retalho: 5

(0)(1100)	1.00	(199)1	(178)1	(146)1	(134)1	(123)2	(102)1	(90)1	5.00	0	max retalho: 5

(0)(1100)	1.00	(199)1	(123)1	(90)1	0	688	Sobra Total: 0.00
Perda Total: 0.00

Total Barras Cortadas:
Barra (1000) : 0
Barra (1100) : 85
Barra (253) : 0
Barra (411) : 0
Barra (245) : 0

Retalhos Gerados:
Retalho (688) : 1
