
Saida Arquivo/Entrada/D4d15.txt

Minimizar a Perda Total
max retalho: 5

(0)(1100)	39.00	(204)1	(137)1	(116)1	(327)1	(316)1	0.00	0	
(1)(1100)	14.00	(193)3	(149)1	(128)2	(116)1	0.00	0	
(2)(1100)	11.00	(181)1	(304)3	7.00	0	
(3)(1100)	8.00	(172)3	(128)2	(327)1	1.00	0	
(4)(1100)	6.00	(203)1	(149)6	3.00	0	
(5)(1100)	4.00	(203)1	(95)3	(306)2	0.00	0	
(6)(1100)	3.00	(128)1	(107)9	9.00	0	
(7)(1000)	3.00	(193)2	(306)2	2.00	0	
(8)(1100)	3.00	(170)2	(128)1	(316)2	0.00	0	
(9)(1100)	2.00	(160)6	(137)1	3.00	0	
(10)(1100)	2.00	(95)1	(306)3	(84)1	3.00	0	
(11)(1100)	1.00	(203)1	(128)7	1.00	0	
(20)(1100)	3.00	(203)1	(139)5	(107)1	(95)1	0.00	0	max retalho: 5

(1)(1100)	1.00	(160)1	(149)1	(137)1	(327)2	0.00	0	
(2)(1000)	1.00	(160)1	(105)2	(107)5	(95)1	0.00	0	
(8)(1000)	1.00	(204)1	(193)1	(181)1	(116)1	(304)1	2.00	0	max retalho: 5

(0)(1100)	1.00	(170)1	(160)1	(137)1	(139)1	(105)1	(304)1	(84)1	1.00	0	max retalho: 5

(0)(1100)	1.00	(181)1	(170)3	(316)1	0	93	Sobra Total: 0.00
Perda Total: 0.00

Total Barras Cortadas:
Barra (1000) : 5
Barra (1100) : 99
Barra (243) : 0
Barra (404) : 0
Barra (234) : 0

Retalhos Gerados:
Retalho (93) : 1

Saida Arquivo/Entrada/D4d15.txt

Minimizar a Perda Total
max retalho: 5

(0)(1100)	39.00	(204)1	(137)1	(116)1	(327)1	(316)1	0.00	0	
(1)(1100)	14.00	(193)3	(149)1	(128)2	(116)1	0.00	0	
(2)(1100)	11.00	(181)1	(304)3	7.00	0	
(3)(1100)	8.00	(172)3	(128)2	(327)1	1.00	0	
(4)(1100)	6.00	(203)1	(149)6	3.00	0	
(5)(1100)	4.00	(203)1	(95)3	(306)2	0.00	0	
(6)(1100)	3.00	(128)1	(107)9	9.00	0	
(7)(1000)	3.00	(193)2	(306)2	2.00	0	
(8)(1100)	3.00	(170)2	(128)1	(316)2	0.00	0	
(9)(1100)	2.00	(160)6	(137)1	3.00	0	
(10)(1100)	2.00	(95)1	(306)3	(84)1	3.00	0	
(11)(1100)	1.00	(203)1	(128)7	1.00	0	
(20)(1100)	3.00	(203)1	(139)5	(107)1	(95)1	0.00	0	max retalho: 5

(1)(1100)	1.00	(160)1	(149)1	(137)1	(327)2	0.00	0	
(2)(1000)	1.00	(160)1	(105)2	(107)5	(95)1	0.00	0	
(8)(1000)	1.00	(204)1	(193)1	(181)1	(116)1	(304)1	2.00	0	max retalho: 5

(0)(1100)	1.00	(170)1	(160)1	(137)1	(139)1	(105)1	(304)1	(84)1	1.00	0	max retalho: 5

(0)(1100)	1.00	(181)1	(170)3	(316)1	0	93	Sobra Total: 0.00
Perda Total: 0.00

Total Barras Cortadas:
Barra (1000) : 5
Barra (1100) : 99
Barra (243) : 0
Barra (404) : 0
Barra (234) : 0

Retalhos Gerados:
Retalho (93) : 1
