
Saida Arquivo/Entrada/D4d17.txt

Minimizar a Perda Total
max retalho: 5

(0)(1100)	16.00	(201)1	(157)1	(136)3	(334)1	0.00	0	
(1)(1100)	14.00	(234)3	(199)2	0.00	0	
(2)(1100)	11.00	(243)1	(234)2	(222)1	(167)1	0.00	0	
(3)(1100)	9.00	(199)3	(167)2	(169)1	0.00	0	
(4)(1100)	7.00	(157)7	1.00	0	
(5)(1100)	6.00	(23)1	(201)3	(169)2	(136)1	0.00	0	
(6)(1100)	6.00	(243)2	(23)3	(211)1	(334)1	0.00	0	
(7)(1100)	4.00	(243)4	(23)5	(13)1	0.00	0	
(8)(1100)	4.00	(34)3	(23)2	(190)5	2.00	0	
(9)(1100)	2.00	(34)1	(11)1	(211)5	0.00	0	
(10)(1100)	2.00	(11)3	(13)9	(190)5	0.00	0	
(11)(1100)	1.00	(23)4	(201)2	(136)2	(334)1	0.00	0	
(12)(1100)	1.00	(232)4	(169)1	3.00	0	
(13)(1100)	1.00	(13)2	(178)6	6.00	0	
(14)(1100)	1.00	(222)4	(211)1	1.00	0	
(15)(1100)	1.00	(23)2	(190)4	(146)2	2.00	0	
(16)(1100)	1.00	(34)2	(190)4	(134)2	4.00	0	
(19)(1100)	5.00	(13)1	(190)5	(136)1	1.00	0	max retalho: 5

(0)(1100)	1.00	(11)11	(211)3	(178)1	(167)1	1.00	0	
(1)(1100)	1.00	(232)2	(23)1	(234)1	(222)1	(157)1	0.00	0	max retalho: 5

(0)(1100)	1.00	(232)1	(23)4	(13)4	(211)1	(199)1	(178)1	(136)1	0.00	0	max retalho: 5

(0)(1100)	1.00	(34)2	(23)3	(13)4	(190)1	(178)2	0	365	Sobra Total: 0.00
Perda Total: 0.00

Total Barras Cortadas:
Barra (1000) : 0
Barra (1100) : 96
Barra (430) : 0
Barra (261) : 0
Barra (431) : 0

Retalhos Gerados:
Retalho (365) : 1
