
Saida Arquivo/Entrada/D4d16.txt

Minimizar a Perda Total
max retalho: 5

(0)(1100)	19.00	(197)1	(164)1	(320)2	(99)1	0.00	0	
(1)(1100)	12.00	(197)1	(143)4	(331)1	0.00	0	
(2)(1100)	10.00	(308)1	(99)2	(297)2	0.00	0	
(3)(1100)	9.00	(330)2	(331)1	(109)1	0.00	0	
(4)(1100)	8.00	(208)3	(164)2	(142)1	6.00	0	
(5)(1100)	6.00	(174)1	(153)6	8.00	0	
(6)(1100)	5.00	(197)2	(176)4	2.00	0	
(7)(1100)	4.00	(176)1	(308)3	0.00	0	
(8)(1100)	4.00	(208)4	(132)2	4.00	0	
(9)(1100)	3.00	(176)1	(142)1	(120)1	(331)2	0.00	0	
(10)(1100)	2.00	(164)4	(111)4	0.00	0	
(11)(1100)	2.00	(176)4	(99)4	0.00	0	
(12)(1100)	1.00	(208)1	(197)4	(99)1	5.00	0	
(13)(1100)	1.00	(186)2	(176)3	(99)2	2.00	0	max retalho: 5

(0)(1100)	1.00	(207)2	(174)1	(176)1	(164)2	8.00	0	
(1)(1100)	1.00	(142)1	(120)1	(111)2	(308)2	0.00	0	max retalho: 5

(0)(1100)	1.00	(174)1	(142)1	(132)1	(111)3	(297)1	22.00	0	max retalho: 5

(0)(1100)	1.00	(208)1	(197)1	(142)1	0	553	Sobra Total: 0.00
Perda Total: 0.00

Total Barras Cortadas:
Barra (1000) : 0
Barra (1100) : 90
Barra (410) : 0
Barra (259) : 0
Barra (412) : 0

Retalhos Gerados:
Retalho (553) : 1

Saida Arquivo/Entrada/D4d16.txt

Minimizar a Perda Total
