
Saida Arquivo/Entrada/D4d1.txt

Minimizar a Perda Total
max retalho: 5

(0)(1100)	9.00	(323)1	(324)1	(102)1	(69)3	(48)3	0.00	0	
(1)(1100)	9.00	(290)1	(280)2	(125)2	0.00	0	
(2)(1100)	9.00	(324)1	(292)1	(257)1	(125)1	(102)1	0.00	0	
(3)(1100)	7.00	(269)1	(257)3	(60)1	0.00	0	
(4)(1100)	7.00	(323)1	(301)2	(104)1	(71)1	0.00	0	
(5)(1100)	6.00	(323)1	(259)3	0.00	0	
(6)(1100)	7.00	(323)1	(324)1	(280)1	(102)1	(71)1	0.00	0	
(7)(1100)	6.00	(290)3	(113)1	(69)1	(48)1	0.00	0	
(8)(1100)	5.00	(323)3	(71)1	(60)1	0.00	0	
(9)(1100)	4.00	(313)3	(92)1	(69)1	0.00	0	
(10)(1100)	3.00	(292)1	(280)1	(102)1	(71)6	0.00	0	
(11)(1100)	2.00	(324)1	(313)1	(301)1	(81)2	0.00	0	
(12)(1100)	1.00	(324)1	(257)2	(71)2	(60)2	0.00	0	
(13)(1100)	1.00	(292)3	(104)1	(60)2	0.00	0	
(14)(1100)	1.00	(324)2	(113)4	0.00	0	max retalho: 5

(0)(1100)	1.00	(290)1	(257)2	(104)1	(71)1	(60)2	1.00	0	
(11)(1100)	1.00	(323)1	(324)1	(313)1	(92)1	(48)1	0.00	0	max retalho: 5

(0)(1100)	1.00	(259)2	(104)2	(69)1	(48)1	0	257	Sobra Total: 0.00
Perda Total: 0.00

Total Barras Cortadas:
Barra (1000) : 0
Barra (1100) : 80
Barra (380) : 0
Barra (215) : 0
Barra (372) : 0

Retalhos Gerados:
Retalho (257) : 1

