
Saida Arquivo/Entrada/D4d14.txt

Minimizar a Perda Total
max retalho: 5

(0)(1100)	14.00	(156)1	(312)3	8.00	0	
(1)(1100)	11.00	(177)1	(145)1	(335)2	(103)1	5.00	0	
(2)(1100)	10.00	(177)1	(145)1	(333)2	(112)1	0.00	0	
(3)(1100)	8.00	(168)1	(147)1	(333)2	(114)1	5.00	0	
(4)(1100)	6.00	(168)4	(323)1	(103)1	2.00	0	
(5)(1100)	6.00	(124)4	(302)2	0.00	0	
(6)(1100)	6.00	(200)1	(189)3	(333)1	0.00	0	
(7)(1100)	6.00	(200)2	(177)3	(168)1	1.00	0	
(8)(1100)	5.00	(179)3	(335)1	(114)2	0.00	0	
(9)(1100)	4.00	(200)1	(147)4	(312)1	0.00	0	
(10)(1100)	4.00	(156)7	8.00	0	
(11)(1100)	2.00	(179)1	(302)3	15.00	0	
(12)(1100)	1.00	(179)5	(114)1	(91)1	0.00	0	
(13)(1100)	1.00	(124)1	(323)3	7.00	0	
(14)(1100)	1.00	(135)3	(91)1	(302)2	0.00	0	
(19)(1100)	6.00	(200)1	(300)3	0.00	0	max retalho: 5

(0)(1100)	1.00	(147)1	(333)1	(312)1	(300)1	8.00	0	
(1)(1100)	1.00	(200)1	(189)2	(179)1	(168)2	7.00	0	
(3)(1100)	1.00	(168)1	(124)1	(323)1	(91)2	(302)1	1.00	0	max retalho: 5

(0)(1100)	1.00	(200)1	(179)1	(168)1	(156)2	(124)1	(114)1	3.00	0	max retalho: 5

(0)(1100)	1.00	(179)1	(168)1	(147)1	(124)1	(312)1	0	170	Sobra Total: 0.00
Perda Total: 0.00

Total Barras Cortadas:
Barra (1000) : 0
Barra (1100) : 96
Barra (415) : 0
Barra (254) : 0
Barra (406) : 0

Retalhos Gerados:
Retalho (170) : 1

Saida Arquivo/Entrada/D4d14.txt

Minimizar a Perda Total
max retalho: 5

(0)(1100)	14.00	(156)1	(312)3	8.00	0	
(1)(1100)	11.00	(177)1	(145)1	(335)2	(103)1	5.00	0	
(2)(1100)	10.00	(177)1	(145)1	(333)2	(112)1	0.00	0	
(3)(1100)	8.00	(168)1	(147)1	(333)2	(114)1	5.00	0	
(4)(1100)	6.00	(168)4	(323)1	(103)1	2.00	0	
(5)(1100)	6.00	(124)4	(302)2	0.00	0	
(6)(1100)	6.00	(200)1	(189)3	(333)1	0.00	0	
(7)(1100)	6.00	(200)2	(177)3	(168)1	1.00	0	
(8)(1100)	5.00	(179)3	(335)1	(114)2	0.00	0	
(9)(1100)	4.00	(200)1	(147)4	(312)1	0.00	0	
(10)(1100)	4.00	(156)7	8.00	0	
(11)(1100)	2.00	(179)1	(302)3	15.00	0	
(12)(1100)	1.00	(179)5	(114)1	(91)1	0.00	0	
(13)(1100)	1.00	(124)1	(323)3	7.00	0	
(14)(1100)	1.00	(135)3	(91)1	(302)2	0.00	0	
(19)(1100)	6.00	(200)1	(300)3	0.00	0	max retalho: 5

(0)(1100)	1.00	(147)1	(333)1	(312)1	(300)1	8.00	0	
(1)(1100)	1.00	(200)1	(189)2	(179)1	(168)2	7.00	0	
(3)(1100)	1.00	(168)1	(124)1	(323)1	(91)2	(302)1	1.00	0	max retalho: 5

(0)(1100)	1.00	(200)1	(179)1	(168)1	(156)2	(124)1	(114)1	3.00	0	max retalho: 5

(0)(1100)	1.00	(179)1	(168)1	(147)1	(124)1	(312)1	0	170	Sobra Total: 0.00
Perda Total: 0.00

Total Barras Cortadas:
Barra (1000) : 0
Barra (1100) : 96
Barra (415) : 0
Barra (254) : 0
Barra (406) : 0

Retalhos Gerados:
Retalho (170) : 1
