
Saida Arquivo/Entrada/D4d13.txt

Minimizar a Perda Total
max retalho: 5

(0)(1100)	10.00	(175)1	(308)2	(309)1	0.00	0	
(1)(1100)	8.00	(196)2	(141)2	(142)3	0.00	0	
(2)(1100)	8.00	(207)3	(173)1	(175)1	(131)1	0.00	0	
(3)(1100)	7.00	(207)1	(173)1	(108)2	(308)1	(98)2	0.00	0	
(4)(1100)	5.00	(173)1	(309)3	0.00	0	
(5)(1100)	4.00	(330)3	(110)1	0.00	0	
(6)(1100)	4.00	(173)2	(164)4	(98)1	0.00	0	
(7)(1100)	3.00	(185)5	(175)1	0.00	0	
(8)(1100)	3.00	(173)1	(141)3	(319)1	(98)1	(87)1	0.00	0	
(9)(1100)	3.00	(196)5	(120)1	0.00	0	
(10)(1100)	3.00	(173)2	(120)2	(110)2	(98)3	0.00	0	
(11)(1100)	2.00	(308)3	(87)2	2.00	0	
(12)(1100)	2.00	(207)4	(98)1	(87)2	0.00	0	
(13)(1100)	1.00	(110)10	0.00	0	
(14)(1100)	1.00	(173)2	(152)2	(120)1	(110)3	0.00	0	
(15)(1100)	1.00	(206)2	(185)1	(108)1	(308)1	(87)1	0.00	0	max retalho: 5

(0)(1100)	1.00	(330)2	(110)4	0.00	0	
(1)(1100)	1.00	(173)1	(308)1	(309)2	1.00	0	
(5)(1100)	1.00	(164)1	(141)1	(142)1	(108)1	(110)1	(87)5	0.00	0	
(12)(1100)	1.00	(173)2	(142)1	(120)5	12.00	0	max retalho: 5

(0)(1100)	1.00	(207)1	(319)1	(110)2	(308)1	46.00	0	max retalho: 5

(0)(240)	1.00	(173)1	0	67	Sobra Total: 0.00
Perda Total: 0.00

Total Barras Cortadas:
Barra (1000) : 0
Barra (1100) : 70
Barra (248) : 0
Barra (408) : 0
Barra (240) : 1

Retalhos Gerados:
Retalho (67) : 1

Saida Arquivo/Entrada/D4d13.txt

Minimizar a Perda Total
max retalho: 5

(0)(1100)	10.00	(175)1	(308)2	(309)1	0.00	0	
(1)(1100)	8.00	(196)2	(141)2	(142)3	0.00	0	
(2)(1100)	8.00	(207)3	(173)1	(175)1	(131)1	0.00	0	
(3)(1100)	7.00	(207)1	(173)1	(108)2	(308)1	(98)2	0.00	0	
(4)(1100)	5.00	(173)1	(309)3	0.00	0	
(5)(1100)	4.00	(330)3	(110)1	0.00	0	
(6)(1100)	4.00	(173)2	(164)4	(98)1	0.00	0	
(7)(1100)	3.00	(185)5	(175)1	0.00	0	
(8)(1100)	3.00	(173)1	(141)3	(319)1	(98)1	(87)1	0.00	0	
(9)(1100)	3.00	(196)5	(120)1	0.00	0	
(10)(1100)	3.00	(173)2	(120)2	(110)2	(98)3	0.00	0	
(11)(1100)	2.00	(308)3	(87)2	2.00	0	
(12)(1100)	2.00	(207)4	(98)1	(87)2	0.00	0	
(13)(1100)	1.00	(110)10	0.00	0	
(14)(1100)	1.00	(173)2	(152)2	(120)1	(110)3	0.00	0	
(15)(1100)	1.00	(206)2	(185)1	(108)1	(308)1	(87)1	0.00	0	max retalho: 5

(0)(1100)	1.00	(330)2	(110)4	0.00	0	
(1)(1100)	1.00	(173)1	(308)1	(309)2	1.00	0	
(5)(1100)	1.00	(164)1	(141)1	(142)1	(108)1	(110)1	(87)5	0.00	0	
(12)(1100)	1.00	(173)2	(142)1	(120)5	12.00	0	max retalho: 5

(0)(1100)	1.00	(207)1	(319)1	(110)2	(308)1	46.00	0	max retalho: 5

(0)(240)	1.00	(173)1	0	67	Sobra Total: 0.00
Perda Total: 0.00

Total Barras Cortadas:
Barra (1000) : 0
Barra (1100) : 70
Barra (248) : 0
Barra (408) : 0
Barra (240) : 1

Retalhos Gerados:
Retalho (67) : 1
