
Saida Arquivo/Entrada/D4d7.txt

Minimizar a Perda Total
max retalho: 5

(0)(1100)	25.00	(194)1	(162)1	(317)1	(108)1	(319)1	0.00	0	
(1)(1100)	10.00	(194)1	(150)1	(118)1	(319)2	0.00	0	
(2)(1100)	8.00	(183)6	2.00	0	
(3)(1100)	8.00	(162)3	(307)2	0.00	0	
(4)(1100)	7.00	(206)1	(118)2	(329)2	0.00	0	
(5)(1100)	6.00	(206)1	(296)3	6.00	0	
(6)(1100)	5.00	(183)1	(141)1	(97)8	0.00	0	
(7)(1100)	5.00	(173)5	(150)1	(85)1	0.00	0	
(8)(1100)	3.00	(173)2	(141)2	(118)4	0.00	0	
(9)(1100)	3.00	(129)1	(119)3	(307)2	0.00	0	
(10)(1100)	3.00	(173)2	(141)3	(329)1	2.00	0	
(11)(1100)	3.00	(206)2	(141)4	(119)1	5.00	0	
(12)(1100)	3.00	(141)1	(317)3	8.00	0	
(13)(1100)	3.00	(173)1	(119)1	(319)2	(85)2	0.00	0	
(14)(1100)	2.00	(185)5	(173)1	2.00	0	
(15)(1100)	2.00	(206)1	(194)4	(118)1	0.00	0	
(16)(1100)	1.00	(152)2	(119)4	(319)1	1.00	0	
(20)(1000)	2.00	(173)3	(119)4	5.00	0	max retalho: 5

(1)(1000)	1.00	(329)1	(119)4	(97)2	1.00	0	
(3)(1100)	1.00	(194)1	(185)1	(129)1	(296)2	0.00	0	
(7)(1000)	1.00	(206)1	(141)2	(85)6	2.00	0	max retalho: 5

Saida Arquivo/Entrada/D4d7.txt

Minimizar a Perda Total
max retalho: 5

(0)(1100)	25.00	(194)1	(162)1	(317)1	(108)1	(319)1	0.00	0	
(1)(1100)	10.00	(194)1	(150)1	(118)1	(319)2	0.00	0	
(2)(1100)	8.00	(183)6	2.00	0	
(3)(1100)	8.00	(162)3	(307)2	0.00	0	
(4)(1100)	7.00	(206)1	(118)2	(329)2	0.00	0	
(5)(1100)	6.00	(206)1	(296)3	6.00	0	
(6)(1100)	5.00	(183)1	(141)1	(97)8	0.00	0	
(7)(1100)	5.00	(173)5	(150)1	(85)1	0.00	0	
(8)(1100)	3.00	(173)2	(141)2	(118)4	0.00	0	
(9)(1100)	3.00	(129)1	(119)3	(307)2	0.00	0	
(10)(1100)	3.00	(173)2	(141)3	(329)1	2.00	0	
(11)(1100)	3.00	(206)2	(141)4	(119)1	5.00	0	
(12)(1100)	3.00	(141)1	(317)3	8.00	0	
(13)(1100)	3.00	(173)1	(119)1	(319)2	(85)2	0.00	0	
(14)(1100)	2.00	(185)5	(173)1	2.00	0	
(15)(1100)	2.00	(206)1	(194)4	(118)1	0.00	0	
(16)(1100)	1.00	(152)2	(119)4	(319)1	1.00	0	
(20)(1000)	2.00	(173)3	(119)4	5.00	0	max retalho: 5

(1)(1000)	1.00	(329)1	(119)4	(97)2	1.00	0	
(3)(1100)	1.00	(194)1	(185)1	(129)1	(296)2	0.00	0	
(7)(1000)	1.00	(206)1	(141)2	(85)6	2.00	0	max retalho: 5

Saida Arquivo/Entrada/D4d7.txt

Minimizar a Perda Total
max retalho: 5

(0)(1100)	25.00	(194)1	(162)1	(317)1	(108)1	(319)1	0.00	0	
(1)(1100)	10.00	(194)1	(150)1	(118)1	(319)2	0.00	0	
(2)(1100)	8.00	(183)6	2.00	0	
(3)(1100)	8.00	(162)3	(307)2	0.00	0	
(4)(1100)	7.00	(206)1	(118)2	(329)2	0.00	0	
(5)(1100)	6.00	(206)1	(296)3	6.00	0	
(6)(1100)	5.00	(183)1	(141)1	(97)8	0.00	0	
(7)(1100)	5.00	(173)5	(150)1	(85)1	0.00	0	
(8)(1100)	3.00	(173)2	(141)2	(118)4	0.00	0	
(9)(1100)	3.00	(129)1	(119)3	(307)2	0.00	0	
(10)(1100)	3.00	(173)2	(141)3	(329)1	2.00	0	
(11)(1100)	3.00	(206)2	(141)4	(119)1	5.00	0	
(12)(1100)	3.00	(141)1	(317)3	8.00	0	
(13)(1100)	3.00	(173)1	(119)1	(319)2	(85)2	0.00	0	
(14)(1100)	2.00	(185)5	(173)1	2.00	0	
(15)(1100)	2.00	(206)1	(194)4	(118)1	0.00	0	
(16)(1100)	1.00	(152)2	(119)4	(319)1	1.00	0	
(20)(1000)	2.00	(173)3	(119)4	5.00	0	max retalho: 5

(1)(1000)	1.00	(329)1	(119)4	(97)2	1.00	0	
(3)(1100)	1.00	(194)1	(185)1	(129)1	(296)2	0.00	0	
(7)(1000)	1.00	(206)1	(141)2	(85)6	2.00	0	max retalho: 5

Saida Arquivo/Entrada/D4d7.txt

Minimizar a Perda Total
max retalho: 5

(0)(1100)	25.00	(194)1	(162)1	(317)1	(108)1	(319)1	0.00	0	
(1)(1100)	10.00	(194)1	(150)1	(118)1	(319)2	0.00	0	
(2)(1100)	8.00	(183)6	2.00	0	
(3)(1100)	8.00	(162)3	(307)2	0.00	0	
(4)(1100)	7.00	(206)1	(118)2	(329)2	0.00	0	
(5)(1100)	6.00	(206)1	(296)3	6.00	0	
(6)(1100)	5.00	(183)1	(141)1	(97)8	0.00	0	
(7)(1100)	5.00	(173)5	(150)1	(85)1	0.00	0	
(8)(1100)	3.00	(173)2	(141)2	(118)4	0.00	0	
(9)(1100)	3.00	(129)1	(119)3	(307)2	0.00	0	
(10)(1100)	3.00	(173)2	(141)3	(329)1	2.00	0	
(11)(1100)	3.00	(206)2	(141)4	(119)1	5.00	0	
(12)(1100)	3.00	(141)1	(317)3	8.00	0	
(13)(1100)	3.00	(173)1	(119)1	(319)2	(85)2	0.00	0	
(14)(1100)	2.00	(185)5	(173)1	2.00	0	
(15)(1100)	2.00	(206)1	(194)4	(118)1	0.00	0	
(16)(1100)	1.00	(152)2	(119)4	(319)1	1.00	0	
(20)(1000)	2.00	(173)3	(119)4	5.00	0	max retalho: 5

(1)(1000)	1.00	(329)1	(119)4	(97)2	1.00	0	
(3)(1100)	1.00	(194)1	(185)1	(129)1	(296)2	0.00	0	
(7)(1000)	1.00	(206)1	(141)2	(85)6	2.00	0	max retalho: 5

(0)(1100)	1.00	(129)2	(118)3	(108)1	(97)3	(85)1	4.00	0	max retalho: 5

(1)(1000)	1.00	(118)1	(307)1	0	575	Sobra Total: 0.00
Perda Total: 0.00

Total Barras Cortadas:
Barra (1000) : 5
Barra (1100) : 99
Barra (407) : 0
Barra (252) : 0
Barra (399) : 0

Retalhos Gerados:
Retalho (575) : 1
