
Saida Arquivo/Entrada/D4d20.txt

Minimizar a Perda Total
max retalho: 5

(0)(1100)	20.00	(186)2	(164)1	(143)1	(321)1	(100)1	0.00	0	
(1)(1100)	19.00	(208)1	(196)1	(100)1	(298)2	0.00	0	
(2)(1100)	14.00	(196)1	(143)1	(331)2	(99)1	0.00	0	
(3)(1100)	7.00	(196)1	(175)1	(331)1	(99)2	(100)2	0.00	0	
(4)(1100)	5.00	(164)2	(165)1	(143)2	(321)1	0.00	0	
(5)(1100)	4.00	(196)1	(331)2	(121)2	0.00	0	
(6)(1100)	4.00	(165)6	(110)1	0.00	0	
(7)(1100)	3.00	(198)3	(175)1	(331)1	0.00	0	
(8)(1100)	3.00	(332)3	(99)1	5.00	0	
(9)(1100)	3.00	(196)1	(143)2	(309)2	0.00	0	
(10)(1100)	1.00	(131)6	(309)1	5.00	0	
(11)(1100)	1.00	(208)4	(133)2	2.00	0	
(12)(1100)	1.00	(331)3	(100)1	7.00	0	
(13)(1100)	1.00	(99)11	11.00	0	
(14)(1100)	1.00	(208)1	(186)1	(175)4	6.00	0	
(15)(1100)	1.00	(186)1	(154)4	(298)1	0.00	0	
(17)(1100)	1.00	(164)4	(133)1	(309)1	2.00	0	
(19)(1100)	5.00	(196)1	(164)1	(110)1	(321)1	(309)1	0.00	0	max retalho: 5

(0)(1100)	1.00	(331)3	(99)1	8.00	0	
(1)(1100)	1.00	(175)1	(131)2	(331)1	(332)1	0.00	0	
(3)(1100)	1.00	(208)2	(131)1	(133)1	(321)1	(99)1	0.00	0	
(4)(1100)	1.00	(208)1	(196)1	(133)3	(99)3	0.00	0	max retalho: 5

(1)(1100)	1.00	(198)1	(121)1	(110)7	11.00	0	max retalho: 5

(3)(1000)	1.00	(198)1	(131)2	(332)1	(110)1	0	98	Sobra Total: 0.00
Perda Total: 0.00

Total Barras Cortadas:
Barra (1000) : 1
Barra (1100) : 99
Barra (410) : 0
Barra (258) : 0
Barra (412) : 0

Retalhos Gerados:
Retalho (98) : 1
