
Saida Arquivo/Entrada/D4d5.txt

Minimizar a Perda Total
max retalho: 5

(0)(1100)	18.00	(289)1	(278)2	(255)1	0.00	0	
(1)(1100)	12.00	(332)1	(123)3	(320)1	(79)1	0.00	0	
(2)(1100)	9.00	(320)1	(322)2	(79)1	(57)1	0.00	0	
(3)(1100)	8.00	(121)2	(267)3	(57)1	0.00	0	
(4)(1100)	6.00	(320)2	(100)1	(90)4	0.00	0	
(5)(1100)	5.00	(332)2	(67)1	(57)2	(255)1	0.00	0	
(6)(1100)	4.00	(90)1	(288)3	(79)1	(67)1	0.00	0	
(7)(1100)	3.00	(121)1	(100)1	(57)2	(255)3	0.00	0	
(8)(1100)	3.00	(320)2	(88)1	(67)3	(57)3	0.00	0	
(9)(1100)	2.00	(311)3	(88)1	(79)1	0.00	0	
(10)(1100)	2.00	(299)3	(79)1	(67)1	(57)1	0.00	0	
(11)(1100)	2.00	(320)2	(88)1	(79)4	(56)1	0.00	0	
(12)(1100)	2.00	(100)1	(88)4	(267)2	(57)2	0.00	0	
(13)(1100)	2.00	(88)2	(289)3	(57)1	0.00	0	
(14)(1100)	1.00	(100)11	0.00	0	
(15)(1100)	1.00	(111)9	(100)1	1.00	0	
(16)(1100)	1.00	(320)1	(100)1	(88)2	(56)9	0.00	0	
(17)(1100)	1.00	(121)4	(88)7	0.00	0	
(19)(1100)	1.00	(320)3	(67)2	6.00	0	max retalho: 5

(0)(1100)	1.00	(100)8	(299)1	1.00	0	
(1)(1100)	1.00	(111)1	(311)2	(288)1	(79)1	0.00	0	
(2)(1100)	1.00	(332)1	(320)1	(79)1	(57)2	(255)1	0.00	0	max retalho: 5

(0)(1100)	1.00	(123)1	(322)1	(90)2	(79)1	(67)1	(267)1	(57)1	5.00	0	max retalho: 5

(0)(1100)	1.00	(100)1	(299)1	(288)1	(278)1	(56)1	79.00	0	max retalho: 5

(0)(380)	1.00	(121)1	0	259	Sobra Total: 0.00
Perda Total: 0.00

Total Barras Cortadas:
Barra (1000) : 0
Barra (1100) : 88
Barra (379) : 0
Barra (225) : 0
Barra (380) : 1

Retalhos Gerados:
Retalho (259) : 1

Saida Arquivo/Entrada/D4d5.txt

Minimizar a Perda Total
max retalho: 5

(0)(1100)	18.00	(289)1	(278)2	(255)1	0.00	0	
(1)(1100)	12.00	(332)1	(123)3	(320)1	(79)1	0.00	0	
(2)(1100)	9.00	(320)1	(322)2	(79)1	(57)1	0.00	0	
(3)(1100)	8.00	(121)2	(267)3	(57)1	0.00	0	
(4)(1100)	6.00	(320)2	(100)1	(90)4	0.00	0	
(5)(1100)	5.00	(332)2	(67)1	(57)2	(255)1	0.00	0	
(6)(1100)	4.00	(90)1	(288)3	(79)1	(67)1	0.00	0	
(7)(1100)	3.00	(121)1	(100)1	(57)2	(255)3	0.00	0	
(8)(1100)	3.00	(320)2	(88)1	(67)3	(57)3	0.00	0	
(9)(1100)	2.00	(311)3	(88)1	(79)1	0.00	0	
(10)(1100)	2.00	(299)3	(79)1	(67)1	(57)1	0.00	0	
(11)(1100)	2.00	(320)2	(88)1	(79)4	(56)1	0.00	0	
(12)(1100)	2.00	(100)1	(88)4	(267)2	(57)2	0.00	0	
(13)(1100)	2.00	(88)2	(289)3	(57)1	0.00	0	
(14)(1100)	1.00	(100)11	0.00	0	
(15)(1100)	1.00	(111)9	(100)1	1.00	0	
(16)(1100)	1.00	(320)1	(100)1	(88)2	(56)9	0.00	0	
(17)(1100)	1.00	(121)4	(88)7	0.00	0	
(19)(1100)	1.00	(320)3	(67)2	6.00	0	max retalho: 5

(0)(1100)	1.00	(100)8	(299)1	1.00	0	
(1)(1100)	1.00	(111)1	(311)2	(288)1	(79)1	0.00	0	
(2)(1100)	1.00	(332)1	(320)1	(79)1	(57)2	(255)1	0.00	0	max retalho: 5

(0)(1100)	1.00	(123)1	(322)1	(90)2	(79)1	(67)1	(267)1	(57)1	5.00	0	max retalho: 5

(0)(1100)	1.00	(100)1	(299)1	(288)1	(278)1	(56)1	79.00	0	max retalho: 5

(0)(380)	1.00	(121)1	0	259	Sobra Total: 0.00
Perda Total: 0.00

Total Barras Cortadas:
Barra (1000) : 0
Barra (1100) : 88
Barra (379) : 0
Barra (225) : 0
Barra (380) : 1

Retalhos Gerados:
Retalho (259) : 1

Saida Arquivo/Entrada/D4d5.txt

Minimizar a Perda Total
max retalho: 5

(0)(1100)	18.00	(289)1	(278)2	(255)1	0.00	0	
(1)(1100)	12.00	(332)1	(123)3	(320)1	(79)1	0.00	0	
(2)(1100)	9.00	(320)1	(322)2	(79)1	(57)1	0.00	0	
(3)(1100)	8.00	(121)2	(267)3	(57)1	0.00	0	
(4)(1100)	6.00	(320)2	(100)1	(90)4	0.00	0	
(5)(1100)	5.00	(332)2	(67)1	(57)2	(255)1	0.00	0	
(6)(1100)	4.00	(90)1	(288)3	(79)1	(67)1	0.00	0	
(7)(1100)	3.00	(121)1	(100)1	(57)2	(255)3	0.00	0	
(8)(1100)	3.00	(320)2	(88)1	(67)3	(57)3	0.00	0	
(9)(1100)	2.00	(311)3	(88)1	(79)1	0.00	0	
(10)(1100)	2.00	(299)3	(79)1	(67)1	(57)1	0.00	0	
(11)(1100)	2.00	(320)2	(88)1	(79)4	(56)1	0.00	0	
(12)(1100)	2.00	(100)1	(88)4	(267)2	(57)2	0.00	0	
(13)(1100)	2.00	(88)2	(289)3	(57)1	0.00	0	
(14)(1100)	1.00	(100)11	0.00	0	
(15)(1100)	1.00	(111)9	(100)1	1.00	0	
(16)(1100)	1.00	(320)1	(100)1	(88)2	(56)9	0.00	0	
(17)(1100)	1.00	(121)4	(88)7	0.00	0	
(19)(1100)	1.00	(320)3	(67)2	6.00	0	max retalho: 5

(0)(1100)	1.00	(100)8	(299)1	1.00	0	
(1)(1100)	1.00	(111)1	(311)2	(288)1	(79)1	0.00	0	
(2)(1100)	1.00	(332)1	(320)1	(79)1	(57)2	(255)1	0.00	0	max retalho: 5

(0)(1100)	1.00	(123)1	(322)1	(90)2	(79)1	(67)1	(267)1	(57)1	5.00	0	max retalho: 5

(0)(1100)	1.00	(100)1	(299)1	(288)1	(278)1	(56)1	79.00	0	max retalho: 5

(0)(380)	1.00	(121)1	0	259	Sobra Total: 0.00
Perda Total: 0.00

Total Barras Cortadas:
Barra (1000) : 0
Barra (1100) : 88
Barra (379) : 0
Barra (225) : 0
Barra (380) : 1

Retalhos Gerados:
Retalho (259) : 1

Saida Arquivo/Entrada/D4d5.txt

Minimizar a Perda Total
max retalho: 5

(0)(1100)	18.00	(289)1	(278)2	(255)1	0.00	0	
(1)(1100)	12.00	(332)1	(123)3	(320)1	(79)1	0.00	0	
(2)(1100)	9.00	(320)1	(322)2	(79)1	(57)1	0.00	0	
(3)(1100)	8.00	(121)2	(267)3	(57)1	0.00	0	
(4)(1100)	6.00	(320)2	(100)1	(90)4	0.00	0	
(5)(1100)	5.00	(332)2	(67)1	(57)2	(255)1	0.00	0	
(6)(1100)	4.00	(90)1	(288)3	(79)1	(67)1	0.00	0	
(7)(1100)	3.00	(121)1	(100)1	(57)2	(255)3	0.00	0	
(8)(1100)	3.00	(320)2	(88)1	(67)3	(57)3	0.00	0	
(9)(1100)	2.00	(311)3	(88)1	(79)1	0.00	0	
(10)(1100)	2.00	(299)3	(79)1	(67)1	(57)1	0.00	0	
(11)(1100)	2.00	(320)2	(88)1	(79)4	(56)1	0.00	0	
(12)(1100)	2.00	(100)1	(88)4	(267)2	(57)2	0.00	0	
(13)(1100)	2.00	(88)2	(289)3	(57)1	0.00	0	
(14)(1100)	1.00	(100)11	0.00	0	
(15)(1100)	1.00	(111)9	(100)1	1.00	0	
(16)(1100)	1.00	(320)1	(100)1	(88)2	(56)9	0.00	0	
(17)(1100)	1.00	(121)4	(88)7	0.00	0	
(19)(1100)	1.00	(320)3	(67)2	6.00	0	max retalho: 5

(0)(1100)	1.00	(100)8	(299)1	1.00	0	
(1)(1100)	1.00	(332)1	(320)1	(79)1	(57)2	(255)1	0.00	0	
(2)(1100)	1.00	(322)1	(100)1	(311)1	(288)1	(79)1	0.00	0	max retalho: 5

(0)(1100)	1.00	(111)1	(299)1	(288)1	(67)1	(278)1	(57)1	0.00	0	max retalho: 5
