
Saida Arquivo/Entrada/D4d12.txt

Minimizar a Perda Total
max retalho: 5

(0)(1100)	25.00	(182)2	(148)1	(294)2	0.00	0	
(1)(1100)	24.00	(192)2	(159)2	(315)1	(83)1	0.00	0	
(2)(1100)	17.00	(171)1	(150)1	(127)1	(326)2	0.00	0	
(3)(1100)	11.00	(303)3	(94)2	3.00	0	
(4)(1000)	8.00	(305)3	(83)1	2.00	0	
(5)(1000)	6.00	(181)4	(138)2	0.00	0	
(6)(1100)	6.00	(115)7	(106)2	(83)1	0.00	0	
(7)(1100)	4.00	(148)6	(106)2	0.00	0	
(8)(1100)	4.00	(171)1	(127)5	(106)1	(94)2	0.00	0	
(9)(1000)	3.00	(117)4	(106)5	2.00	0	
(10)(1000)	2.00	(192)4	(115)2	2.00	0	
(11)(1100)	2.00	(181)4	(94)4	0.00	0	
(12)(1100)	1.00	(115)1	(326)3	7.00	0	
(13)(1100)	1.00	(138)7	(127)1	7.00	0	
(14)(1100)	1.00	(203)3	(138)1	(117)3	2.00	0	
(19)(1000)	13.00	(138)2	(315)2	(94)1	0.00	0	max retalho: 5

(1)(1000)	1.00	(94)1	(305)2	(294)1	2.00	0	
(2)(1100)	1.00	(159)4	(138)2	(94)2	0.00	0	
(3)(1100)	1.00	(182)1	(171)1	(115)1	(326)1	(106)2	(94)1	0.00	0	max retalho: 5

(1)(1000)	1.00	(171)1	(127)2	(106)1	(303)1	(83)2	0.00	0	
(3)(1100)	1.00	(181)2	(148)4	(138)1	8.00	0	max retalho: 5

(2)(1000)	1.00	(148)1	(115)1	(117)3	0	386	Sobra Total: 0.00
Perda Total: 0.00

Total Barras Cortadas:
Barra (1000) : 35
Barra (1100) : 99
Barra (405) : 0
Barra (248) : 0
Barra (396) : 0

Retalhos Gerados:
Retalho (386) : 1

Saida Arquivo/Entrada/D4d12.txt

Minimizar a Perda Total
max retalho: 5

(0)(1100)	25.00	(182)2	(148)1	(294)2	0.00	0	
(1)(1100)	24.00	(192)2	(159)2	(315)1	(83)1	0.00	0	
(2)(1100)	17.00	(171)1	(150)1	(127)1	(326)2	0.00	0	
(3)(1100)	11.00	(303)3	(94)2	3.00	0	
(4)(1000)	8.00	(305)3	(83)1	2.00	0	
(5)(1000)	6.00	(181)4	(138)2	0.00	0	
(6)(1100)	6.00	(115)7	(106)2	(83)1	0.00	0	
(7)(1100)	4.00	(148)6	(106)2	0.00	0	
(8)(1100)	4.00	(171)1	(127)5	(106)1	(94)2	0.00	0	
(9)(1000)	3.00	(117)4	(106)5	2.00	0	
(10)(1000)	2.00	(192)4	(115)2	2.00	0	
(11)(1100)	2.00	(181)4	(94)4	0.00	0	
(12)(1100)	1.00	(115)1	(326)3	7.00	0	
(13)(1100)	1.00	(138)7	(127)1	7.00	0	
(14)(1100)	1.00	(203)3	(138)1	(117)3	2.00	0	
(19)(1000)	13.00	(138)2	(315)2	(94)1	0.00	0	max retalho: 5

(1)(1000)	1.00	(94)1	(305)2	(294)1	2.00	0	
(2)(1100)	1.00	(159)4	(138)2	(94)2	0.00	0	
(3)(1100)	1.00	(182)1	(171)1	(115)1	(326)1	(106)2	(94)1	0.00	0	max retalho: 5

(1)(1000)	1.00	(171)1	(127)2	(106)1	(303)1	(83)2	0.00	0	
(3)(1100)	1.00	(181)2	(148)4	(138)1	8.00	0	max retalho: 5

(2)(1000)	1.00	(148)1	(115)1	(117)3	0	386	Sobra Total: 0.00
Perda Total: 0.00

Total Barras Cortadas:
Barra (1000) : 35
Barra (1100) : 99
Barra (405) : 0
Barra (248) : 0
Barra (396) : 0

Retalhos Gerados:
Retalho (386) : 1
