
Saida Arquivo/Entrada/D4d4.txt

Minimizar a Perda Total
max retalho: 5

(0)(1100)	14.00	(128)1	(328)2	(316)1	0.00	0	
(1)(1100)	12.00	(274)4	4.00	0	
(2)(1100)	10.00	(107)2	(97)1	(263)3	0.00	0	
(3)(1100)	9.00	(130)4	(263)2	(53)1	1.00	0	
(4)(1100)	8.00	(316)1	(107)1	(306)2	(65)1	0.00	0	
(5)(1100)	7.00	(316)1	(318)2	(74)2	0.00	0	
(6)(1100)	7.00	(316)1	(306)2	(86)2	0.00	0	
(7)(1100)	7.00	(128)1	(316)2	(74)3	(65)1	(53)1	0.00	0	
(8)(1100)	5.00	(118)7	(274)1	0.00	0	
(9)(1100)	5.00	(295)3	(53)4	3.00	0	
(10)(1100)	4.00	(128)7	(130)1	(74)1	0.00	0	
(11)(1000)	3.00	(284)3	(74)2	0.00	0	
(12)(1100)	2.00	(96)2	(285)3	(53)1	0.00	0	
(13)(1100)	2.00	(96)1	(86)1	(284)3	(65)1	1.00	0	
(14)(1100)	2.00	(128)2	(316)2	(53)4	0.00	0	
(15)(1100)	1.00	(118)1	(63)3	(263)3	4.00	0	
(20)(1000)	10.00	(107)1	(295)3	8.00	0	max retalho: 5

(1)(1100)	1.00	(107)1	(274)3	(65)1	(53)2	0.00	0	
(2)(1100)	1.00	(318)1	(284)2	(74)2	(65)1	1.00	0	
(4)(1100)	1.00	(285)2	(263)2	4.00	0	
(10)(1100)	1.00	(316)1	(107)2	(96)3	(86)1	(65)3	1.00	0	max retalho: 5

(2)(1000)	1.00	(118)4	(107)2	(306)1	8.00	0	max retalho: 5

(2)(1000)	1.00	(130)3	(65)2	(53)1	0	427	Sobra Total: 0.00
Perda Total: 0.00

Total Barras Cortadas:
Barra (1000) : 15
Barra (1100) : 99
Barra (224) : 0
Barra (372) : 0
Barra (215) : 0

Retalhos Gerados:
Retalho (427) : 1

Saida Arquivo/Entrada/D4d4.txt

Minimizar a Perda Total
max retalho: 5

(0)(1100)	14.00	(128)1	(328)2	(316)1	0.00	0	
(1)(1100)	12.00	(274)4	4.00	0	
(2)(1100)	10.00	(107)2	(97)1	(263)3	0.00	0	
(3)(1100)	9.00	(130)4	(263)2	(53)1	1.00	0	
(4)(1100)	8.00	(316)1	(107)1	(306)2	(65)1	0.00	0	
(5)(1100)	7.00	(316)1	(318)2	(74)2	0.00	0	
(6)(1100)	7.00	(316)1	(306)2	(86)2	0.00	0	
(7)(1100)	7.00	(128)1	(316)2	(74)3	(65)1	(53)1	0.00	0	
(8)(1100)	5.00	(118)7	(274)1	0.00	0	
(9)(1100)	5.00	(295)3	(53)4	3.00	0	
(10)(1100)	4.00	(128)7	(130)1	(74)1	0.00	0	
(11)(1000)	3.00	(284)3	(74)2	0.00	0	
(12)(1100)	2.00	(96)2	(285)3	(53)1	0.00	0	
(13)(1100)	2.00	(96)1	(86)1	(284)3	(65)1	1.00	0	
(14)(1100)	2.00	(128)2	(316)2	(53)4	0.00	0	
(15)(1100)	1.00	(118)1	(63)3	(263)3	4.00	0	
(20)(1000)	10.00	(107)1	(295)3	8.00	0	max retalho: 5

(1)(1100)	1.00	(107)1	(274)3	(65)1	(53)2	0.00	0	
(2)(1100)	1.00	(318)1	(284)2	(74)2	(65)1	1.00	0	
(4)(1100)	1.00	(285)2	(263)2	4.00	0	
(10)(1100)	1.00	(316)1	(107)2	(96)3	(86)1	(65)3	1.00	0	max retalho: 5

(2)(1000)	1.00	(118)4	(107)2	(306)1	8.00	0	max retalho: 5

(2)(1000)	1.00	(130)3	(65)2	(53)1	0	427	Sobra Total: 0.00
Perda Total: 0.00

Total Barras Cortadas:
Barra (1000) : 15
Barra (1100) : 99
Barra (224) : 0
Barra (372) : 0
Barra (215) : 0

Retalhos Gerados:
Retalho (427) : 1

Saida Arquivo/Entrada/D4d4.txt

Minimizar a Perda Total
max retalho: 5

(0)(1100)	14.00	(128)1	(328)2	(316)1	0.00	0	
(1)(1100)	12.00	(274)4	4.00	0	
(2)(1100)	10.00	(107)2	(97)1	(263)3	0.00	0	
(3)(1100)	9.00	(130)4	(263)2	(53)1	1.00	0	
(4)(1100)	8.00	(316)1	(107)1	(306)2	(65)1	0.00	0	
(5)(1100)	7.00	(316)1	(318)2	(74)2	0.00	0	
(6)(1100)	7.00	(316)1	(306)2	(86)2	0.00	0	
(7)(1100)	7.00	(128)1	(316)2	(74)3	(65)1	(53)1	0.00	0	
(8)(1100)	5.00	(118)7	(274)1	0.00	0	
(9)(1100)	5.00	(295)3	(53)4	3.00	0	
(10)(1100)	4.00	(128)7	(130)1	(74)1	0.00	0	
(11)(1000)	3.00	(284)3	(74)2	0.00	0	
(12)(1100)	2.00	(96)2	(285)3	(53)1	0.00	0	
(13)(1100)	2.00	(96)1	(86)1	(284)3	(65)1	1.00	0	
(14)(1100)	2.00	(128)2	(316)2	(53)4	0.00	0	
(15)(1100)	1.00	(118)1	(63)3	(263)3	4.00	0	
(20)(1000)	10.00	(107)1	(295)3	8.00	0	max retalho: 5

(1)(1100)	1.00	(107)1	(274)3	(65)1	(53)2	0.00	0	
(2)(1100)	1.00	(318)1	(284)2	(74)2	(65)1	1.00	0	
(4)(1100)	1.00	(285)2	(263)2	4.00	0	
(10)(1100)	1.00	(316)1	(107)2	(96)3	(86)1	(65)3	1.00	0	max retalho: 5

(2)(1000)	1.00	(118)4	(107)2	(306)1	8.00	0	max retalho: 5

(2)(1000)	1.00	(130)3	(65)2	(53)1	0	427	Sobra Total: 0.00
Perda Total: 0.00

Total Barras Cortadas:
Barra (1000) : 15
Barra (1100) : 99
Barra (224) : 0
Barra (372) : 0
Barra (215) : 0

Retalhos Gerados:
Retalho (427) : 1

Saida Arquivo/Entrada/D4d4.txt

Minimizar a Perda Total
max retalho: 5

(0)(1100)	14.00	(128)1	(328)2	(316)1	0.00	0	
(1)(1100)	12.00	(274)4	4.00	0	
(2)(1100)	10.00	(107)2	(97)1	(263)3	0.00	0	
(3)(1100)	9.00	(130)4	(263)2	(53)1	1.00	0	
(4)(1100)	8.00	(316)1	(107)1	(306)2	(65)1	0.00	0	
(5)(1100)	7.00	(316)1	(318)2	(74)2	0.00	0	
(6)(1100)	7.00	(316)1	(306)2	(86)2	0.00	0	
(7)(1100)	7.00	(128)1	(316)2	(74)3	(65)1	(53)1	0.00	0	
(8)(1100)	5.00	(118)7	(274)1	0.00	0	
(9)(1100)	5.00	(295)3	(53)4	3.00	0	
(10)(1100)	4.00	(128)7	(130)1	(74)1	0.00	0	
(11)(1000)	3.00	(284)3	(74)2	0.00	0	
(12)(1100)	2.00	(96)2	(285)3	(53)1	0.00	0	
(13)(1100)	2.00	(96)1	(86)1	(284)3	(65)1	1.00	0	
(14)(1100)	2.00	(128)2	(316)2	(53)4	0.00	0	
(15)(1100)	1.00	(118)1	(63)3	(263)3	4.00	0	
(20)(1000)	10.00	(107)1	(295)3	8.00	0	max retalho: 5

(1)(1100)	1.00	(107)1	(274)3	(65)1	(53)2	0.00	0	
(2)(1100)	1.00	(318)1	(284)2	(74)2	(65)1	1.00	0	
(4)(1100)	1.00	(285)2	(263)2	4.00	0	
(10)(1100)	1.00	(316)1	(107)2	(96)3	(86)1	(65)3	1.00	0	max retalho: 5

(2)(1000)	1.00	(118)4	(107)2	(306)1	8.00	0	max retalho: 5

(2)(1000)	1.00	(130)3	(65)2	(53)1	0	427	Sobra Total: 0.00
Perda Total: 0.00

Total Barras Cortadas:
Barra (1000) : 15
Barra (1100) : 99
Barra (224) : 0
Barra (372) : 0
Barra (215) : 0

Retalhos Gerados:
Retalho (427) : 1
