
Saida Arquivo/Entrada/D4d10.txt

Minimizar a Perda Total
max retalho: 5

(0)(1100)	23.00	(207)1	(195)2	(174)1	(329)1	0.00	0	
(1)(1000)	15.00	(109)1	(297)3	0.00	0	
(2)(1100)	15.00	(151)1	(119)1	(329)2	(86)2	0.00	0	
(3)(1100)	13.00	(185)3	(141)1	(318)1	(86)1	0.00	0	
(4)(1000)	8.00	(195)1	(185)1	(308)2	4.00	0	
(5)(1100)	7.00	(174)3	(153)3	(119)1	0.00	0	
(6)(1100)	6.00	(151)6	(97)2	0.00	0	
(7)(1000)	6.00	(185)1	(163)5	0.00	0	
(8)(1100)	5.00	(207)4	(153)1	(119)1	0.00	0	
(9)(1100)	5.00	(130)2	(120)7	0.00	0	
(10)(1100)	4.00	(163)4	(130)1	(318)1	0.00	0	
(11)(1100)	5.00	(174)1	(307)3	5.00	0	
(12)(1100)	4.00	(130)1	(97)10	0.00	0	
(13)(1000)	3.00	(184)3	(141)1	(307)1	0.00	0	
(14)(1100)	2.00	(174)1	(308)3	2.00	0	
(15)(1100)	3.00	(119)1	(109)9	0.00	0	
(16)(1100)	1.00	(130)2	(119)7	7.00	0	
(20)(1100)	1.00	(184)5	(174)1	6.00	0	max retalho: 5

(0)(1100)	1.00	(207)1	(184)1	(151)1	(130)2	(297)1	1.00	0	
(1)(1100)	1.00	(207)3	(184)1	(163)1	(130)1	2.00	0	
(3)(1100)	1.00	(174)1	(151)1	(141)1	(120)2	(308)1	(86)1	0.00	0	
(7)(1000)	1.00	(174)1	(119)2	(97)3	(297)1	0.00	0	max retalho: 5

(0)(1100)	1.00	(195)1	(184)1	(151)1	(130)1	(119)1	(318)1	3.00	0	max retalho: 5

(1)(1100)	1.00	(207)1	(163)2	(151)1	(329)1	(86)1	1.00	0	max retalho: 5

(2)(1000)	1.00	(174)1	(109)1	(86)3	0	459	Sobra Total: 0.00
Perda Total: 0.00

Total Barras Cortadas:
Barra (1000) : 34
Barra (1100) : 99
Barra (408) : 0
Barra (253) : 0
Barra (400) : 0

Retalhos Gerados:
Retalho (459) : 1

Saida Arquivo/Entrada/D4d10.txt

Minimizar a Perda Total
max retalho: 5

(0)(1100)	23.00	(207)1	(195)2	(174)1	(329)1	0.00	0	
(1)(1000)	15.00	(109)1	(297)3	0.00	0	
(2)(1100)	15.00	(151)1	(119)1	(329)2	(86)2	0.00	0	
(3)(1100)	13.00	(185)3	(141)1	(318)1	(86)1	0.00	0	
(4)(1000)	8.00	(195)1	(185)1	(308)2	4.00	0	
(5)(1100)	7.00	(174)3	(153)3	(119)1	0.00	0	
(6)(1100)	6.00	(151)6	(97)2	0.00	0	
(7)(1000)	6.00	(185)1	(163)5	0.00	0	
(8)(1100)	5.00	(207)4	(153)1	(119)1	0.00	0	
(9)(1100)	5.00	(130)2	(120)7	0.00	0	
(10)(1100)	4.00	(163)4	(130)1	(318)1	0.00	0	
(11)(1100)	5.00	(174)1	(307)3	5.00	0	
(12)(1100)	4.00	(130)1	(97)10	0.00	0	
(13)(1000)	3.00	(184)3	(141)1	(307)1	0.00	0	
(14)(1100)	2.00	(174)1	(308)3	2.00	0	
(15)(1100)	3.00	(119)1	(109)9	0.00	0	
(16)(1100)	1.00	(130)2	(119)7	7.00	0	
(20)(1100)	1.00	(184)5	(174)1	6.00	0	max retalho: 5

(0)(1100)	1.00	(207)1	(184)1	(151)1	(130)2	(297)1	1.00	0	
(1)(1100)	1.00	(207)3	(184)1	(163)1	(130)1	2.00	0	
(3)(1100)	1.00	(174)1	(151)1	(141)1	(120)2	(308)1	(86)1	0.00	0	
(7)(1000)	1.00	(174)1	(119)2	(97)3	(297)1	0.00	0	max retalho: 5

(0)(1100)	1.00	(195)1	(184)1	(151)1	(130)1	(119)1	(318)1	3.00	0	max retalho: 5

(1)(1100)	1.00	(207)1	(163)2	(151)1	(329)1	(86)1	1.00	0	max retalho: 5

(2)(1000)	1.00	(174)1	(109)1	(86)3	0	459	Sobra Total: 0.00
Perda Total: 0.00

Total Barras Cortadas:
Barra (1000) : 34
Barra (1100) : 99
Barra (408) : 0
Barra (253) : 0
Barra (400) : 0

Retalhos Gerados:
Retalho (459) : 1
