
Saida Arquivo/Entrada/D4d3.txt

Minimizar a Perda Total
max retalho: 5

(0)(1100)	14.00	(147)1	(325)1	(314)2	0.00	0	
(1)(1100)	14.00	(323)1	(114)1	(91)1	(291)1	(281)1	0.00	0	
(2)(1100)	10.00	(158)1	(325)2	(291)1	1.00	0	
(3)(1100)	9.00	(291)1	(70)1	(281)2	(59)3	0.00	0	
(4)(1100)	9.00	(126)2	(103)3	(82)3	(293)1	0.00	0	
(5)(1100)	7.00	(335)1	(126)1	(325)1	(314)1	0.00	0	
(6)(1100)	7.00	(124)1	(103)1	(291)3	0.00	0	
(7)(1100)	4.00	(126)1	(323)3	5.00	0	
(8)(1100)	3.00	(103)1	(91)1	(302)3	0.00	0	
(9)(1100)	1.00	(135)3	(323)1	(93)4	0.00	0	
(10)(1100)	1.00	(147)7	(70)1	1.00	0	max retalho: 5

(0)(1100)	1.00	(124)1	(325)1	(103)1	(302)1	(82)3	0.00	0	
(1)(1100)	1.00	(124)2	(335)1	(281)1	(59)4	0.00	0	
(3)(1100)	1.00	(158)3	(103)2	(70)6	0.00	0	max retalho: 5

(0)(1100)	1.00	(103)2	(93)3	(291)1	(82)2	(70)1	90.00	0	max retalho: 5

(0)(233)	1.00	(103)2	0	27	Sobra Total: 0.00
Perda Total: 0.00

Total Barras Cortadas:
Barra (1000) : 0
Barra (1100) : 83
Barra (231) : 0
Barra (388) : 0
Barra (233) : 1

Retalhos Gerados:
Retalho (27) : 1

Saida Arquivo/Entrada/D4d3.txt

Minimizar a Perda Total
max retalho: 5

(0)(1100)	14.00	(147)1	(325)1	(314)2	0.00	0	
(1)(1100)	14.00	(323)1	(114)1	(91)1	(291)1	(281)1	0.00	0	
(2)(1100)	10.00	(158)1	(325)2	(291)1	1.00	0	
(3)(1100)	9.00	(291)1	(70)1	(281)2	(59)3	0.00	0	
(4)(1100)	9.00	(126)2	(103)3	(82)3	(293)1	0.00	0	
(5)(1100)	7.00	(335)1	(126)1	(325)1	(314)1	0.00	0	
(6)(1100)	7.00	(124)1	(103)1	(291)3	0.00	0	
(7)(1100)	4.00	(126)1	(323)3	5.00	0	
(8)(1100)	3.00	(103)1	(91)1	(302)3	0.00	0	
(9)(1100)	1.00	(135)3	(323)1	(93)4	0.00	0	
(10)(1100)	1.00	(147)7	(70)1	1.00	0	max retalho: 5

(0)(1100)	1.00	(124)1	(325)1	(103)1	(302)1	(82)3	0.00	0	
(1)(1100)	1.00	(124)2	(335)1	(281)1	(59)4	0.00	0	
(3)(1100)	1.00	(158)3	(103)2	(70)6	0.00	0	max retalho: 5

(0)(1100)	1.00	(103)2	(93)3	(291)1	(82)2	(70)1	90.00	0	max retalho: 5

(0)(233)	1.00	(103)2	0	27	Sobra Total: 0.00
Perda Total: 0.00

Total Barras Cortadas:
Barra (1000) : 0
Barra (1100) : 83
Barra (231) : 0
Barra (388) : 0
Barra (233) : 1

Retalhos Gerados:
Retalho (27) : 1

Saida Arquivo/Entrada/D4d3.txt

Minimizar a Perda Total
max retalho: 5

(0)(1100)	14.00	(147)1	(325)1	(314)2	0.00	0	
(1)(1100)	14.00	(323)1	(114)1	(91)1	(291)1	(281)1	0.00	0	
(2)(1100)	10.00	(158)1	(325)2	(291)1	1.00	0	
(3)(1100)	9.00	(291)1	(70)1	(281)2	(59)3	0.00	0	
(4)(1100)	9.00	(126)2	(103)3	(82)3	(293)1	0.00	0	
(5)(1100)	7.00	(335)1	(126)1	(325)1	(314)1	0.00	0	
(6)(1100)	7.00	(124)1	(103)1	(291)3	0.00	0	
(7)(1100)	4.00	(126)1	(323)3	5.00	0	
(8)(1100)	3.00	(103)1	(91)1	(302)3	0.00	0	
(9)(1100)	1.00	(135)3	(323)1	(93)4	0.00	0	
(10)(1100)	1.00	(147)7	(70)1	1.00	0	max retalho: 5

(0)(1100)	1.00	(124)1	(325)1	(103)1	(302)1	(82)3	0.00	0	
(1)(1100)	1.00	(124)2	(335)1	(281)1	(59)4	0.00	0	
(3)(1100)	1.00	(158)3	(103)2	(70)6	0.00	0	max retalho: 5

(0)(1100)	1.00	(103)2	(93)3	(291)1	(82)2	(70)1	90.00	0	max retalho: 5

(0)(233)	1.00	(103)2	0	27	Sobra Total: 0.00
Perda Total: 0.00

Total Barras Cortadas:
Barra (1000) : 0
Barra (1100) : 83
Barra (231) : 0
Barra (388) : 0
Barra (233) : 1

Retalhos Gerados:
Retalho (27) : 1

Saida Arquivo/Entrada/D4d3.txt

Minimizar a Perda Total
max retalho: 5

(0)(1100)	14.00	(147)1	(325)1	(314)2	0.00	0	
(1)(1100)	14.00	(323)1	(114)1	(91)1	(291)1	(281)1	0.00	0	
(2)(1100)	10.00	(158)1	(325)2	(291)1	1.00	0	
(3)(1100)	9.00	(291)1	(70)1	(281)2	(59)3	0.00	0	
(4)(1100)	9.00	(126)2	(103)3	(82)3	(293)1	0.00	0	
(5)(1100)	7.00	(335)1	(126)1	(325)1	(314)1	0.00	0	
(6)(1100)	7.00	(124)1	(103)1	(291)3	0.00	0	
(7)(1100)	4.00	(126)1	(323)3	5.00	0	
(8)(1100)	3.00	(103)1	(91)1	(302)3	0.00	0	
(9)(1100)	1.00	(135)3	(323)1	(93)4	0.00	0	
(10)(1100)	1.00	(147)7	(70)1	1.00	0	max retalho: 5

(0)(1100)	1.00	(124)1	(325)1	(103)1	(302)1	(82)3	0.00	0	
(1)(1100)	1.00	(124)2	(335)1	(281)1	(59)4	0.00	0	
(3)(1100)	1.00	(158)3	(103)2	(70)6	0.00	0	max retalho: 5

(0)(1100)	1.00	(103)2	(93)3	(291)1	(82)2	(70)1	90.00	0	max retalho: 5

(0)(233)	1.00	(103)2	0	27	Sobra Total: 0.00
Perda Total: 0.00

Total Barras Cortadas:
Barra (1000) : 0
Barra (1100) : 83
Barra (231) : 0
Barra (388) : 0
Barra (233) : 1

Retalhos Gerados:
Retalho (27) : 1
