
Saida Arquivo/Entrada/D4d9.txt

Minimizar a Perda Total
max retalho: 5

(0)(1100)	7.00	(191)1	(158)3	(114)3	(93)1	0.00	0	
(1)(1100)	7.00	(202)2	(180)1	(181)1	(149)1	(93)2	0.00	0	
(2)(1100)	6.00	(126)3	(114)1	(304)2	0.00	0	
(3)(1100)	6.00	(191)3	(180)1	(149)1	(105)1	(93)1	0.00	0	
(4)(1100)	6.00	(147)2	(105)1	(93)1	(304)2	0.00	0	
(5)(1100)	5.00	(158)5	(114)2	(82)1	0.00	0	
(6)(1100)	5.00	(202)3	(191)1	(105)2	(93)1	0.00	0	
(7)(1100)	5.00	(170)1	(149)2	(316)2	0.00	0	
(8)(1100)	3.00	(202)2	(170)3	(93)2	0.00	0	
(9)(1100)	3.00	(158)1	(314)3	0.00	0	
(10)(1100)	2.00	(191)5	(137)1	8.00	0	
(11)(1100)	2.00	(147)1	(149)5	(126)1	(82)1	0.00	0	
(12)(1100)	1.00	(149)2	(116)6	(105)1	1.00	0	
(13)(1100)	1.00	(149)2	(114)7	4.00	0	
(14)(1100)	1.00	(181)1	(170)1	(149)5	4.00	0	
(15)(1100)	1.00	(137)8	4.00	0	
(16)(1100)	1.00	(149)3	(325)2	3.00	0	
(17)(1100)	1.00	(116)1	(105)1	(293)3	0.00	0	max retalho: 5

(0)(1100)	1.00	(191)1	(149)5	(82)2	0.00	0	
(1)(1100)	1.00	(158)2	(126)2	(114)2	(304)1	0.00	0	
(2)(1100)	1.00	(191)1	(158)1	(114)3	(105)1	(304)1	0.00	0	
(3)(1100)	1.00	(191)2	(137)1	(116)5	1.00	0	max retalho: 5

(0)(1100)	1.00	(170)1	(149)1	(114)1	(93)1	0	574	Sobra Total: 0.00
Perda Total: 0.00

Total Barras Cortadas:
Barra (1000) : 0
Barra (1100) : 68
Barra (404) : 0
Barra (248) : 0
Barra (396) : 0

Retalhos Gerados:
Retalho (574) : 1

Saida Arquivo/Entrada/D4d9.txt

Minimizar a Perda Total
max retalho: 5

(0)(1100)	7.00	(191)1	(158)3	(114)3	(93)1	0.00	0	
(1)(1100)	7.00	(202)2	(180)1	(181)1	(149)1	(93)2	0.00	0	
(2)(1100)	6.00	(126)3	(114)1	(304)2	0.00	0	
(3)(1100)	6.00	(191)3	(180)1	(149)1	(105)1	(93)1	0.00	0	
(4)(1100)	6.00	(147)2	(105)1	(93)1	(304)2	0.00	0	
(5)(1100)	5.00	(158)5	(114)2	(82)1	0.00	0	
(6)(1100)	5.00	(202)3	(191)1	(105)2	(93)1	0.00	0	
(7)(1100)	5.00	(170)1	(149)2	(316)2	0.00	0	
(8)(1100)	3.00	(202)2	(170)3	(93)2	0.00	0	
(9)(1100)	3.00	(158)1	(314)3	0.00	0	
(10)(1100)	2.00	(191)5	(137)1	8.00	0	
(11)(1100)	2.00	(147)1	(149)5	(126)1	(82)1	0.00	0	
(12)(1100)	1.00	(149)2	(116)6	(105)1	1.00	0	
(13)(1100)	1.00	(149)2	(114)7	4.00	0	
(14)(1100)	1.00	(181)1	(170)1	(149)5	4.00	0	
(15)(1100)	1.00	(137)8	4.00	0	
(16)(1100)	1.00	(149)3	(325)2	3.00	0	
(17)(1100)	1.00	(116)1	(105)1	(293)3	0.00	0	max retalho: 5

(0)(1100)	1.00	(191)1	(149)5	(82)2	0.00	0	
(1)(1100)	1.00	(158)2	(126)2	(114)2	(304)1	0.00	0	
(2)(1100)	1.00	(191)1	(158)1	(114)3	(105)1	(304)1	0.00	0	
(3)(1100)	1.00	(191)2	(137)1	(116)5	1.00	0	max retalho: 5

(0)(1100)	1.00	(170)1	(149)1	(114)1	(93)1	0	574	Sobra Total: 0.00
Perda Total: 0.00

Total Barras Cortadas:
Barra (1000) : 0
Barra (1100) : 68
Barra (404) : 0
Barra (248) : 0
Barra (396) : 0

Retalhos Gerados:
Retalho (574) : 1
