
Saida Arquivo/Entrada/D4d8.txt

Minimizar a Perda Total
max retalho: 5

(0)(1000)	27.00	(189)2	(310)1	(312)1	0.00	0	
(1)(1100)	21.00	(210)1	(124)2	(321)2	0.00	0	
(2)(1100)	17.00	(333)3	(101)1	0.00	0	
(3)(1100)	11.00	(198)4	(154)2	0.00	0	
(4)(1100)	10.00	(177)1	(166)1	(156)4	(133)1	0.00	0	
(5)(1100)	10.00	(198)1	(187)4	(154)1	0.00	0	
(6)(1100)	8.00	(166)1	(310)3	4.00	0	
(7)(1000)	7.00	(187)2	(312)2	2.00	0	
(8)(1100)	6.00	(210)2	(177)1	(166)3	5.00	0	
(9)(1100)	4.00	(166)1	(133)1	(89)9	0.00	0	
(10)(1000)	2.00	(310)1	(89)1	(300)2	1.00	0	
(11)(1100)	2.00	(166)1	(133)7	3.00	0	
(12)(1100)	2.00	(177)4	(145)2	(101)1	1.00	0	
(13)(1100)	2.00	(177)3	(145)1	(333)1	(89)1	2.00	0	
(14)(1100)	1.00	(122)9	2.00	0	
(15)(1100)	1.00	(166)1	(154)2	(312)2	2.00	0	
(16)(1100)	1.00	(198)1	(133)1	(321)1	(112)4	0.00	0	max retalho: 5

(0)(1100)	1.00	(122)1	(333)2	(310)1	2.00	0	
(2)(1100)	1.00	(189)1	(166)2	(156)2	(133)2	1.00	0	max retalho: 5

(1)(1100)	1.00	(210)3	(122)3	(101)1	3.00	0	
(6)(1000)	1.00	(154)1	(145)1	(133)1	(89)3	(300)1	1.00	0	max retalho: 5

(2)(1000)	1.00	(187)1	(145)1	(310)1	0	358	Sobra Total: 0.00
Perda Total: 0.00

Total Barras Cortadas:
Barra (1000) : 38
Barra (1100) : 99
Barra (411) : 0
Barra (258) : 0
Barra (403) : 0

Retalhos Gerados:
Retalho (358) : 1

Saida Arquivo/Entrada/D4d8.txt

Minimizar a Perda Total
max retalho: 5

(0)(1000)	27.00	(189)2	(310)1	(312)1	0.00	0	
(1)(1100)	21.00	(210)1	(124)2	(321)2	0.00	0	
(2)(1100)	17.00	(333)3	(101)1	0.00	0	
(3)(1100)	11.00	(198)4	(154)2	0.00	0	
(4)(1100)	10.00	(177)1	(166)1	(156)4	(133)1	0.00	0	
(5)(1100)	10.00	(198)1	(187)4	(154)1	0.00	0	
(6)(1100)	8.00	(166)1	(310)3	4.00	0	
(7)(1000)	7.00	(187)2	(312)2	2.00	0	
(8)(1100)	6.00	(210)2	(177)1	(166)3	5.00	0	
(9)(1100)	4.00	(166)1	(133)1	(89)9	0.00	0	
(10)(1000)	2.00	(310)1	(89)1	(300)2	1.00	0	
(11)(1100)	2.00	(166)1	(133)7	3.00	0	
(12)(1100)	2.00	(177)4	(145)2	(101)1	1.00	0	
(13)(1100)	2.00	(177)3	(145)1	(333)1	(89)1	2.00	0	
(14)(1100)	1.00	(122)9	2.00	0	
(15)(1100)	1.00	(166)1	(154)2	(312)2	2.00	0	
(16)(1100)	1.00	(198)1	(133)1	(321)1	(112)4	0.00	0	max retalho: 5

(0)(1100)	1.00	(122)1	(333)2	(310)1	2.00	0	
(2)(1100)	1.00	(189)1	(166)2	(156)2	(133)2	1.00	0	max retalho: 5

Saida Arquivo/Entrada/D4d8.txt

Minimizar a Perda Total
max retalho: 5

(0)(1000)	27.00	(189)2	(310)1	(312)1	0.00	0	
(1)(1100)	21.00	(210)1	(124)2	(321)2	0.00	0	
(2)(1100)	17.00	(333)3	(101)1	0.00	0	
(3)(1100)	11.00	(198)4	(154)2	0.00	0	
(4)(1100)	10.00	(177)1	(166)1	(156)4	(133)1	0.00	0	
(5)(1100)	10.00	(198)1	(187)4	(154)1	0.00	0	
(6)(1100)	8.00	(166)1	(310)3	4.00	0	
(7)(1000)	7.00	(187)2	(312)2	2.00	0	
(8)(1100)	6.00	(210)2	(177)1	(166)3	5.00	0	
(9)(1100)	4.00	(166)1	(133)1	(89)9	0.00	0	
(10)(1000)	2.00	(310)1	(89)1	(300)2	1.00	0	
(11)(1100)	2.00	(166)1	(133)7	3.00	0	
(12)(1100)	2.00	(177)4	(145)2	(101)1	1.00	0	
(13)(1100)	2.00	(177)3	(145)1	(333)1	(89)1	2.00	0	
(14)(1100)	1.00	(122)9	2.00	0	
(15)(1100)	1.00	(166)1	(154)2	(312)2	2.00	0	
(16)(1100)	1.00	(198)1	(133)1	(321)1	(112)4	0.00	0	max retalho: 5

(0)(1100)	1.00	(122)1	(333)2	(310)1	2.00	0	
(2)(1100)	1.00	(189)1	(166)2	(156)2	(133)2	1.00	0	max retalho: 5

(1)(1100)	1.00	(210)3	(122)3	(101)1	3.00	0	
(6)(1000)	1.00	(154)1	(145)1	(133)1	(89)3	(300)1	1.00	0	max retalho: 5

(2)(1000)	1.00	(187)1	(145)1	(310)1	0	358	Sobra Total: 0.00
Perda Total: 0.00

Total Barras Cortadas:
Barra (1000) : 38
Barra (1100) : 99
Barra (411) : 0
Barra (258) : 0
Barra (403) : 0

Retalhos Gerados:
Retalho (358) : 1
