
Saida Arquivo/Entrada/D4d18.txt

Minimizar a Perda Total
max retalho: 5

(0)(1100)	15.00	(303)3	(69)1	(48)1	(37)2	0.00	0	
(1)(1100)	9.00	(291)1	(269)3	2.00	0	
(2)(1100)	9.00	(102)1	(92)1	(69)1	(48)2	(247)3	0.00	0	
(3)(1100)	8.00	(324)3	(69)1	(59)1	0.00	0	
(4)(1100)	8.00	(92)2	(280)3	(38)2	0.00	0	
(5)(1100)	7.00	(313)3	(92)1	(69)1	0.00	0	
(6)(1100)	7.00	(81)1	(291)3	(71)2	4.00	0	
(7)(1100)	6.00	(102)2	(270)3	(48)1	(38)1	0.00	0	
(8)(1100)	5.00	(102)1	(71)3	(269)2	(247)1	0.00	0	
(9)(1100)	5.00	(291)3	(37)1	(38)5	0.00	0	
(10)(1100)	4.00	(102)1	(81)9	(269)1	0.00	0	
(11)(1100)	4.00	(301)1	(92)6	(247)1	0.00	0	
(12)(1100)	3.00	(301)3	(69)2	(59)1	0.00	0	
(13)(1100)	2.00	(102)7	(301)1	(48)1	(37)1	0.00	0	
(14)(1100)	1.00	(291)2	(259)2	0.00	0	
(15)(1100)	1.00	(303)2	(247)2	0.00	0	
(16)(1100)	1.00	(103)7	(291)1	(48)1	(38)1	2.00	0	
(20)(1000)	2.00	(291)3	(48)1	(38)2	3.00	0	max retalho: 5

(1)(1100)	1.00	(102)1	(313)1	(291)1	(69)4	(59)2	0.00	0	
(3)(1100)	1.00	(102)1	(71)1	(269)1	(259)1	(247)1	(38)4	0.00	0	
(4)(1100)	1.00	(324)1	(102)4	(291)1	(37)2	3.00	0	max retalho: 5

(2)(1000)	1.00	(102)2	(103)1	(81)1	(280)1	(269)1	(59)1	4.00	0	max retalho: 5

(1)(1100)	1.00	(324)1	(102)1	(92)1	(303)1	(270)1	9.00	0	max retalho: 5

(3)(1000)	1.00	(69)1	(59)4	(270)1	(48)1	0	377	Sobra Total: 0.00
Perda Total: 0.00

Total Barras Cortadas:
Barra (1000) : 4
Barra (1100) : 99
Barra (206) : 0
Barra (358) : 0
Barra (197) : 0

Retalhos Gerados:
Retalho (377) : 1
