
Saida Arquivo/Entrada/D4d6.txt

Minimizar a Perda Total
max retalho: 5

(0)(1100)	17.00	(158)1	(159)1	(303)1	(94)2	(292)1	0.00	0	
(1)(1100)	15.00	(127)2	(282)3	0.00	0	
(2)(1100)	11.00	(148)1	(315)3	7.00	0	
(3)(1100)	10.00	(159)1	(313)2	(315)1	0.00	0	
(4)(1100)	10.00	(324)1	(115)4	(315)1	1.00	0	
(5)(1100)	7.00	(148)1	(136)7	0.00	0	
(6)(1100)	8.00	(92)1	(83)2	(280)3	2.00	0	
(7)(1100)	4.00	(280)2	(60)9	0.00	0	
(8)(1100)	3.00	(313)1	(292)2	(83)1	(60)2	0.00	0	
(9)(1100)	3.00	(158)1	(159)1	(303)2	(94)1	(83)1	0.00	0	
(10)(1100)	2.00	(315)2	(94)5	0.00	0	
(11)(1100)	2.00	(158)6	(92)1	(60)1	0.00	0	
(12)(1100)	2.00	(125)8	(92)1	8.00	0	
(13)(1100)	1.00	(148)4	(104)4	(92)1	0.00	0	
(20)(1000)	5.00	(158)1	(280)2	(282)1	0.00	0	max retalho: 5

(1)(1100)	1.00	(158)1	(292)2	(71)5	3.00	0	
(2)(1100)	1.00	(148)3	(127)1	(94)2	(280)1	(60)1	1.00	0	
(4)(1100)	1.00	(158)2	(136)3	(94)4	0.00	0	
(8)(1100)	1.00	(158)1	(159)2	(313)1	(71)1	(60)4	0.00	0	max retalho: 5

(1)(1000)	1.00	(159)1	(92)2	(303)1	(280)1	(71)1	3.00	0	max retalho: 5

(0)(1100)	1.00	(136)3	(104)1	(315)1	(71)3	0	60	Sobra Total: 0.00
Perda Total: 0.00

Total Barras Cortadas:
Barra (1000) : 6
Barra (1100) : 100
Barra (224) : 0
Barra (386) : 0
Barra (226) : 0

Retalhos Gerados:
Retalho (60) : 1

Saida Arquivo/Entrada/D4d6.txt

Minimizar a Perda Total
max retalho: 5

Saida Arquivo/Entrada/D4d6.txt

Minimizar a Perda Total
max retalho: 5

(0)(1100)	17.00	(158)1	(159)1	(303)1	(94)2	(292)1	0.00	0	
(1)(1100)	15.00	(127)2	(282)3	0.00	0	
(2)(1100)	11.00	(148)1	(315)3	7.00	0	
(3)(1100)	10.00	(159)1	(313)2	(315)1	0.00	0	
(4)(1100)	10.00	(324)1	(115)4	(315)1	1.00	0	
(5)(1100)	7.00	(148)1	(136)7	0.00	0	
(6)(1100)	8.00	(92)1	(83)2	(280)3	2.00	0	
(7)(1100)	4.00	(280)2	(60)9	0.00	0	
(8)(1100)	3.00	(313)1	(292)2	(83)1	(60)2	0.00	0	
(9)(1100)	3.00	(158)1	(159)1	(303)2	(94)1	(83)1	0.00	0	
(10)(1100)	2.00	(315)2	(94)5	0.00	0	
(11)(1100)	2.00	(158)6	(92)1	(60)1	0.00	0	
(12)(1100)	2.00	(125)8	(92)1	8.00	0	
(13)(1100)	1.00	(148)4	(104)4	(92)1	0.00	0	
(20)(1000)	5.00	(158)1	(280)2	(282)1	0.00	0	max retalho: 5

(1)(1100)	1.00	(158)1	(292)2	(71)5	3.00	0	
(2)(1100)	1.00	(148)3	(127)1	(94)2	(280)1	(60)1	1.00	0	
(4)(1100)	1.00	(158)2	(136)3	(94)4	0.00	0	
(8)(1100)	1.00	(158)1	(159)2	(313)1	(71)1	(60)4	0.00	0	max retalho: 5

(1)(1000)	1.00	(159)1	(92)2	(303)1	(280)1	(71)1	3.00	0	max retalho: 5

(0)(1100)	1.00	(136)3	(104)1	(315)1	(71)3	0	60	Sobra Total: 0.00
Perda Total: 0.00

Total Barras Cortadas:
Barra (1000) : 6
Barra (1100) : 100
Barra (224) : 0
Barra (386) : 0
Barra (226) : 0

Retalhos Gerados:
Retalho (60) : 1
