
Saida Arquivo/Entrada/Class8/D8d2.txt

Minimizar a Perda Total
max retalho: 5
(0)(1100)	26.00	(135)5	(97)1	(89)1	(239)1	0.00	0	
(1)(1100)	15.00	(137)1	(120)8	3.00	0	
(2)(1100)	12.00	(113)8	(97)2	2.00	0	
(3)(1100)	10.00	(97)4	(89)8	0.00	0	
(4)(1100)	6.00	(128)7	(113)1	(89)1	2.00	0	
(5)(1100)	5.00	(137)8	4.00	0	
(6)(1100)	4.00	(128)7	(105)1	(97)1	2.00	0	
(7)(1100)	1.00	(137)1	(120)1	(112)5	(97)2	(89)1	0.00	0	
(8)(1100)	1.00	(137)1	(239)4	7.00	0	
max retalho: 5
(0)(1100)	1.00	(128)2	(120)6	(105)1	19.00	0	
max retalho: 5
(0)(1100)	1.00	(128)1	(113)4	(105)2	0	310	
Sobra Total: 310.00
Perda Total: 135.00

Total Barras Cortadas:
Barra (1000) : 0
Barra (1100) : 82
Barra (425) : 0
Barra (239) : 0
Barra (414) : 0
Barra (229) : 0
Barra (416) : 0

Retalhos Gerados:
Retalho (310) : 1
