
Saida Arquivo/Entrada/Class8/D8d7.txt

Minimizar a Perda Total
max retalho: 5
(0)(1100)	30.00	(65)1	(207)5	0.00	0	
(1)(1100)	21.00	(214)4	(40)2	(41)4	0.00	0	
(2)(1100)	12.00	(214)4	(65)3	(48)1	1.00	0	
(3)(1100)	12.00	(65)1	(56)1	(199)3	(191)2	0.00	0	
(4)(1000)	10.00	(206)4	(56)1	(40)3	0.00	0	
(5)(1000)	7.00	(65)5	(206)2	(56)1	(207)1	0.00	0	
(6)(1100)	2.00	(214)2	(56)12	0.00	0	
(7)(1100)	2.00	(65)3	(206)4	(40)1	(41)1	0.00	0	
(10)(1100)	19.00	(65)1	(199)5	(40)1	0.00	0	
max retalho: 5
(1)(1100)	1.00	(214)3	(206)1	(56)2	(48)2	(41)1	3.00	0	
max retalho: 5
(5)(1000)	1.00	(214)2	(65)2	(56)4	(48)1	(40)1	(41)3	7.00	0	
Sobra Total: 0.00
Perda Total: 22.00

Total Barras Cortadas:
Barra (1000) : 18
Barra (1100) : 99
Barra (177) : 0
Barra (354) : 0
Barra (167) : 0
Barra (355) : 0
Barra (157) : 0

Retalhos Gerados:
