
Saida Arquivo/Entrada/Class8/D8d20.txt

Minimizar a Perda Total
max retalho: 5
(0)(1100)	20.00	(122)9	2.00	0	
(1)(1100)	14.00	(130)6	(106)2	(107)1	1.00	0	
(2)(1100)	13.00	(137)8	4.00	0	
(3)(1100)	11.00	(99)11	11.00	0	
(4)(1100)	7.00	(91)12	8.00	0	
(5)(1100)	5.00	(130)5	(114)3	(107)1	1.00	0	
(6)(1100)	3.00	(137)1	(107)9	0.00	0	
(7)(1100)	2.00	(137)1	(114)1	(106)8	1.00	0	
(8)(1100)	1.00	(129)6	(114)1	(106)2	0.00	0	
(9)(1100)	1.00	(130)1	(106)5	(107)1	(83)4	1.00	0	
max retalho: 5
(0)(1100)	1.00	(114)2	(107)3	(91)6	5.00	0	
max retalho: 5
(0)(1100)	1.00	(137)2	(130)3	(106)1	(107)1	(99)2	25.00	0	
max retalho: 5
(0)(1100)	1.00	(137)2	(107)3	0	505	
Sobra Total: 505.00
Perda Total: 321.00

Total Barras Cortadas:
Barra (1000) : 0
Barra (1100) : 80
Barra (218) : 0
Barra (414) : 0
Barra (220) : 0
Barra (403) : 0
Barra (209) : 0

Retalhos Gerados:
Retalho (505) : 1
