
Saida Arquivo/Entrada/Class8/D8d15.txt

Minimizar a Perda Total
max retalho: 5
(0)(1100)	34.00	(201)5	95.00	0	
(1)(1100)	28.00	(202)5	90.00	0	
(2)(1100)	18.00	(194)5	130.00	0	
(3)(1100)	9.00	(209)5	55.00	0	
(4)(1000)	8.00	(35)2	(186)5	0.00	0	
(5)(1100)	6.00	(60)18	20.00	0	
(6)(1100)	1.00	(52)21	8.00	0	
(7)(1000)	1.00	(35)3	(186)2	(37)14	5.00	0	
(10)(1000)	9.00	(60)3	(44)1	(194)4	0.00	0	
max retalho: 5
(1)(1100)	1.00	(52)1	(44)18	(35)2	(186)1	0.00	0	
(2)(1100)	1.00	(209)1	(60)3	(201)1	(202)1	(44)1	(194)1	(35)2	0.00	0	
max retalho: 5
(1)(1100)	1.00	(52)11	(35)15	3.00	0	
max retalho: 5
(2)(1000)	1.00	(60)5	(201)2	(52)5	(35)1	3.00	0	
max retalho: 5
(1)(348)	1.00	(52)3	(44)4	16.00	0	
Sobra Total: 0.00
Perda Total: 8740.00

Total Barras Cortadas:
Barra (1000) : 19
Barra (1100) : 99
Barra (168) : 0
Barra (346) : 0
Barra (158) : 0
Barra (348) : 1
Barra (148) : 0

Retalhos Gerados:
