
Saida Arquivo/Entrada/Class8/D8d14.txt

Minimizar a Perda Total
max retalho: 5
(0)(1100)	21.00	(129)5	(130)2	(105)1	(90)1	0.00	0	
(1)(1100)	21.00	(113)9	(82)1	1.00	0	
(2)(1100)	11.00	(107)1	(90)11	3.00	0	
(3)(1100)	9.00	(137)1	(107)9	0.00	0	
(4)(1100)	8.00	(129)7	(107)1	(90)1	0.00	0	
(5)(1100)	7.00	(107)1	(90)1	(82)11	1.00	0	
(6)(1100)	5.00	(105)5	(82)7	1.00	0	
(7)(1100)	4.00	(113)1	(105)1	(98)9	0.00	0	
(8)(1100)	4.00	(122)9	2.00	0	
(9)(1100)	1.00	(137)8	4.00	0	
max retalho: 5
(0)(1100)	1.00	(137)1	(105)1	(107)8	2.00	0	
(1)(1100)	1.00	(137)6	(98)2	(82)1	0.00	0	
max retalho: 5
(0)(1100)	1.00	(129)2	(122)1	(105)1	(98)2	(90)1	(82)4	1.00	0	
max retalho: 5
(0)(1100)	1.00	(129)2	(98)1	(90)1	(82)1	0	572	
Sobra Total: 572.00
Perda Total: 81.00

Total Barras Cortadas:
Barra (1000) : 0
Barra (1100) : 95
Barra (217) : 0
Barra (413) : 0
Barra (219) : 0
Barra (402) : 0
Barra (208) : 0

Retalhos Gerados:
Retalho (572) : 1
