
Saida Arquivo/Entrada/Class8/D8d18.txt

Minimizar a Perda Total
max retalho: 5
(0)(1100)	17.00	(96)5	(88)7	4.00	0	
(1)(1100)	15.00	(126)4	(127)4	(88)1	0.00	0	
(2)(1100)	14.00	(143)7	(96)1	3.00	0	
(3)(1100)	12.00	(127)7	(104)2	3.00	0	
(4)(1100)	10.00	(134)4	(119)4	(88)1	0.00	0	
(5)(1100)	5.00	(104)8	(88)3	4.00	0	
(6)(1100)	5.00	(134)1	(96)10	6.00	0	
(7)(1100)	5.00	(143)3	(111)6	5.00	0	
(8)(1100)	3.00	(143)1	(119)8	5.00	0	
(9)(1100)	1.00	(126)2	(111)3	(103)5	0.00	0	
max retalho: 5
(0)(1100)	1.00	(134)1	(119)4	(104)3	(88)2	2.00	0	
max retalho: 5
(0)(1100)	1.00	(126)1	(127)1	(104)5	(96)2	135.00	0	
Sobra Total: 0.00
Perda Total: 373.00

Total Barras Cortadas:
Barra (1000) : 0
Barra (1100) : 89
Barra (228) : 0
Barra (421) : 0
Barra (217) : 0
Barra (411) : 0
Barra (219) : 0

Retalhos Gerados:
