
Saida Arquivo/Entrada/Class8/D8d6.txt

Minimizar a Perda Total
max retalho: 5
(0)(1100)	20.00	(133)2	(126)1	(118)6	0.00	0	
(1)(1100)	19.00	(111)4	(95)1	(87)1	(237)2	0.00	0	
(2)(1100)	17.00	(133)5	(134)1	(126)1	(87)2	1.00	0	
(3)(1100)	12.00	(103)2	(95)1	(87)1	(237)3	1.00	0	
(4)(1100)	11.00	(126)8	(87)1	5.00	0	
(5)(1100)	8.00	(110)10	0.00	0	
(6)(1100)	6.00	(133)1	(134)1	(111)1	(103)7	1.00	0	
(7)(1100)	3.00	(134)6	(103)1	(95)2	3.00	0	
(8)(1100)	2.00	(134)3	(111)2	(237)2	2.00	0	
(10)(1000)	10.00	(133)4	(134)1	(111)3	1.00	0	
max retalho: 5
(2)(1100)	1.00	(133)1	(126)4	(118)1	(103)1	(237)1	5.00	0	
max retalho: 5
(3)(1000)	1.00	(110)2	(111)2	(87)3	(237)1	60.00	0	
Sobra Total: 0.00
Perda Total: 178.00

Total Barras Cortadas:
Barra (1000) : 11
Barra (1100) : 99
Barra (422) : 0
Barra (235) : 0
Barra (411) : 0
Barra (225) : 0
Barra (413) : 0

Retalhos Gerados:
