
Saida Arquivo/Entrada/Class8/D8d11.txt

Minimizar a Perda Total
max retalho: 5
(0)(1100)	25.00	(46)1	(38)3	(188)5	0.00	0	
(1)(1100)	24.00	(62)2	(197)4	(188)1	0.00	0	
(2)(1000)	19.00	(62)2	(54)1	(205)4	2.00	0	
(3)(1100)	10.00	(203)5	(46)1	(38)1	1.00	0	
(4)(1100)	5.00	(61)18	2.00	0	
(5)(1100)	6.00	(54)15	(205)1	(46)1	(38)1	1.00	0	
(6)(1100)	3.00	(212)1	(46)16	(38)4	0.00	0	
(7)(1100)	1.00	(62)17	(46)1	0.00	0	
(10)(1100)	23.00	(212)5	(38)1	2.00	0	
max retalho: 5
(1)(1000)	1.00	(54)2	(46)10	(197)2	(38)1	0.00	0	
max retalho: 5
(0)(1100)	1.00	(38)4	(188)5	8.00	0	
max retalho: 5
(1)(1100)	1.00	(61)11	(62)2	(38)8	1.00	0	
max retalho: 5
(3)(1000)	1.00	(61)1	(203)2	(197)1	(38)4	184.00	0	
Sobra Total: 0.00
Perda Total: 303.00

Total Barras Cortadas:
Barra (1000) : 21
Barra (1100) : 99
Barra (361) : 0
Barra (174) : 0
Barra (351) : 0
Barra (164) : 0
Barra (352) : 0

Retalhos Gerados:
