
Saida Arquivo/Entrada/Class8/D8d13.txt

Minimizar a Perda Total
max retalho: 5
(0)(1100)	17.00	(65)1	(206)5	5.00	0	
(1)(1100)	14.00	(64)1	(215)3	(57)6	(49)1	0.00	0	
(2)(1100)	9.00	(57)1	(200)5	(41)1	2.00	0	
(3)(1100)	8.00	(215)4	(198)1	(41)1	1.00	0	
(4)(1100)	6.00	(215)4	(49)1	(191)1	0.00	0	
(5)(1100)	4.00	(64)17	12.00	0	
(6)(1100)	4.00	(65)2	(198)2	(191)3	1.00	0	
(7)(1100)	2.00	(57)2	(41)24	2.00	0	
(8)(1100)	2.00	(65)15	(41)3	2.00	0	
(9)(1100)	27.00	(65)2	(206)1	(191)4	0.00	0	
max retalho: 5
(0)(1100)	1.00	(65)1	(206)4	(41)5	6.00	0	
(1)(1100)	1.00	(64)1	(215)2	(200)3	6.00	0	
max retalho: 5
(0)(1100)	1.00	(215)1	(65)3	(57)2	(41)14	2.00	0	
max retalho: 5
(0)(1100)	1.00	(64)8	(65)3	(41)4	(191)1	38.00	0	
max retalho: 5
(0)(345)	1.00	(64)1	(198)1	83.00	0	
Sobra Total: 0.00
Perda Total: 306.00

Total Barras Cortadas:
Barra (1000) : 0
Barra (1100) : 97
Barra (365) : 0
Barra (180) : 0
Barra (355) : 0
Barra (170) : 0
Barra (345) : 1

Retalhos Gerados:
