
Saida Arquivo/Entrada/Class8/D8d12.txt

Minimizar a Perda Total
max retalho: 5
(0)(1100)	19.00	(104)7	(95)3	(87)1	0.00	0	
(1)(1100)	11.00	(135)4	(112)5	0.00	0	
(2)(1100)	11.00	(135)5	(110)3	(95)1	0.00	0	
(3)(1100)	8.00	(135)8	20.00	0	
(4)(1100)	7.00	(127)1	(104)6	(87)4	1.00	0	
(5)(1100)	5.00	(135)2	(119)6	(112)1	4.00	0	
(6)(1100)	3.00	(142)1	(87)11	1.00	0	
(7)(1100)	3.00	(142)7	(104)1	2.00	0	
(8)(1100)	3.00	(134)3	(135)1	(119)4	(87)1	0.00	0	
max retalho: 5
(0)(1100)	1.00	(135)6	(112)1	(87)2	4.00	0	
(2)(1100)	1.00	(142)1	(119)1	(104)3	(87)6	5.00	0	
max retalho: 5
(0)(1100)	1.00	(142)4	(134)1	(119)1	(112)2	55.00	0	
Sobra Total: 0.00
Perda Total: 260.00

Total Barras Cortadas:
Barra (1000) : 0
Barra (1100) : 73
Barra (228) : 0
Barra (420) : 0
Barra (229) : 0
Barra (410) : 0
Barra (219) : 0

Retalhos Gerados:
