
Saida Arquivo/Entrada/Class8/D8d10.txt

Minimizar a Perda Total
max retalho: 5
(0)(1100)	26.00	(132)4	(116)4	(108)1	0.00	0	
(1)(1100)	23.00	(131)7	(92)1	(84)1	7.00	0	
(2)(1100)	15.00	(139)7	(124)1	3.00	0	
(3)(1100)	11.00	(109)10	10.00	0	
(4)(1100)	10.00	(132)7	(92)1	(84)1	0.00	0	
(5)(1100)	4.00	(124)8	(108)1	0.00	0	
(6)(1100)	3.00	(84)13	8.00	0	
(7)(1100)	3.00	(101)10	(84)1	6.00	0	
(8)(1100)	1.00	(108)7	(92)1	(84)3	0.00	0	
(9)(1100)	1.00	(92)11	(84)1	4.00	0	
(10)(1000)	14.00	(139)5	(101)3	2.00	0	
max retalho: 5
(1)(1100)	1.00	(132)1	(116)1	(108)6	(109)1	(92)1	3.00	0	
max retalho: 5
(2)(1100)	1.00	(109)7	(84)4	1.00	0	
max retalho: 5
(3)(1100)	1.00	(131)3	(124)1	(92)4	(84)1	131.00	0	
max retalho: 5
(0)(1000)	1.00	(139)1	0	861	
Sobra Total: 861.00
Perda Total: 525.00

Total Barras Cortadas:
Barra (1000) : 15
Barra (1100) : 100
Barra (222) : 0
Barra (416) : 0
Barra (223) : 0
Barra (405) : 0
Barra (213) : 0

Retalhos Gerados:
Retalho (861) : 1
