
4 Soluções

Saida Arquivo/Entrada/Class2/D2d1.txt

Minimizar a Perda Total
max retalho: 5

(0)(1100)	32.00	(327)3	119.00	0	

(1)(1100)	19.00	(161)2	(149)1	(128)4	(117)1	0.00	0	

(2)(1100)	10.00	(170)2	(161)3	(139)1	(138)1	0.00	0	

(3)(1100)	8.00	(327)1	(326)1	(149)3	0.00	0	

(4)(1100)	7.00	(149)1	(139)6	(117)1	0.00	0	

(5)(1000)	6.00	(172)1	(138)6	0.00	0	

(6)(1100)	2.00	(139)2	(117)7	3.00	0	

(7)(1000)	1.00	(170)5	(149)1	1.00	0	

(8)(1000)	1.00	(172)4	(149)2	14.00	0	
max retalho: 5

(0)(1100)	1.00	(327)2	(170)1	(138)2	0.00	0	

(1)(1100)	1.00	(172)2	(170)1	(149)3	(139)1	0.00	0	

(4)(421)	1.00	(138)3	7.00	0	
max retalho: 5

(0)(1000)	1.00	(170)2	(149)1	(139)2	0	233	
Sobra Total: 233.00
Perda Total: 3836.00

Total Barras Cortadas:
Barra (1000) : 9
Barra (1100) : 80
Barra (430) : 0
Barra (261) : 0
Barra (421) : 1

Retalhos Gerados:
Retalho (233) : 1

7 Soluções

Saida Arquivo/Entrada/Class2/D2d1.txt

Minimizar a Perda Total
max retalho: 5

(0)(1000)	27.00	(327)3	19.00	0	

(1)(1000)	19.00	(327)1	(161)1	(139)2	(117)2	0.00	0	

(2)(1000)	12.00	(149)4	(128)3	20.00	0	

(3)(261)	9.00	(161)1	100.00	0	

(4)(1000)	8.00	(172)1	(138)6	0.00	0	

(5)(1000)	8.00	(326)1	(170)1	(161)3	21.00	0	

(6)(1000)	6.00	(327)1	(139)3	(128)2	0.00	0	

(7)(421)	4.00	(170)1	(161)1	90.00	0	

(8)(1100)	3.00	(161)1	(149)2	(128)5	1.00	0	

(9)(1100)	3.00	(170)2	(161)3	(139)1	(138)1	0.00	0	

(10)(430)	4.00	(170)1	(128)2	4.00	0	

(11)(1100)	1.00	(170)5	(128)1	(117)1	5.00	0	
max retalho: 5

(0)(1000)	1.00	(170)2	(149)1	(128)3	(117)1	10.00	0	
max retalho: 5

(0)(1000)	1.00	(172)3	(149)2	(128)1	58.00	0	
max retalho: 5

(0)(1100)	1.00	(172)1	0	928	
Sobra Total: 928.00
Perda Total: 2273.00

Total Barras Cortadas:
Barra (1000) : 82
Barra (1100) : 8
Barra (430) : 4
Barra (261) : 9
Barra (421) : 4

Retalhos Gerados:
Retalho (928) : 1

10 Soluções

Saida Arquivo/Entrada/Class2/D2d1.txt

Minimizar a Perda Total
max retalho: 5

(0)(1000)	31.00	(327)1	(161)1	(139)1	(128)2	(117)1	0.00	0	

(1)(1100)	19.00	(327)3	119.00	0	

(2)(1000)	9.00	(327)1	(170)3	(149)1	14.00	0	

(3)(261)	9.00	(149)1	112.00	0	

(4)(1100)	9.00	(161)3	(149)4	21.00	0	

(5)(1000)	7.00	(172)1	(138)6	0.00	0	

(6)(1000)	6.00	(327)1	(139)4	(117)1	0.00	0	

(7)(1100)	4.00	(326)2	(172)1	(138)2	0.00	0	

(8)(430)	4.00	(139)1	(128)2	35.00	0	

(9)(1100)	2.00	(327)1	(161)4	(128)1	1.00	0	

(10)(421)	3.00	(149)1	(128)1	(117)1	27.00	0	
max retalho: 5

(0)(1100)	1.00	(327)1	(172)1	(170)1	(161)1	(138)1	(128)1	4.00	0	
max retalho: 5

(0)(421)	1.00	(170)1	(161)1	90.00	0	
Sobra Total: 0.00
Perda Total: 3901.00

Total Barras Cortadas:
Barra (1000) : 53
Barra (1100) : 35
Barra (430) : 4
Barra (261) : 9
Barra (421) : 4

Retalhos Gerados:
