
4 Soluções

Saida Arquivo/Entrada/Class2/D2d11.txt

Minimizar a Perda Total
max retalho: 5

(0)(1100)	29.00	(218)5	10.00	0	

(1)(1100)	26.00	(253)4	88.00	0	

(2)(1100)	12.00	(220)5	0.00	0	

(3)(1100)	12.00	(30)6	(230)3	(21)1	(209)1	0.00	0	

(4)(1000)	7.00	(30)3	(241)1	(230)2	(209)1	0.00	0	

(5)(146)	5.00	(32)4	(9)2	0.00	0	

(6)(1000)	4.00	(30)3	(230)3	(220)1	0.00	0	

(7)(1100)	2.00	(21)52	8.00	0	

(8)(1100)	1.00	(209)5	55.00	0	
max retalho: 5

(0)(322)	2.00	(21)2	(209)1	71.00	0	

(1)(312)	1.00	(230)1	(21)3	(9)2	1.00	0	

(2)(312)	1.00	(32)8	(9)6	2.00	0	

(3)(312)	1.00	(30)1	(21)13	(9)1	0.00	0	

(4)(312)	1.00	(253)1	(30)1	(9)3	2.00	0	

(5)(1100)	1.00	(220)4	220.00	0	
max retalho: 5

(0)(1000)	1.00	(253)1	(9)16	0	603	
Sobra Total: 603.00
Perda Total: 3016.00

Total Barras Cortadas:
Barra (1000) : 12
Barra (1100) : 83
Barra (322) : 2
Barra (146) : 5
Barra (312) : 4

Retalhos Gerados:
Retalho (603) : 1

7 Soluções

Saida Arquivo/Entrada/Class2/D2d11.txt

Minimizar a Perda Total
max retalho: 5

(0)(1000)	46.00	(253)2	(230)1	(21)2	(220)1	2.00	0	

(1)(1100)	27.00	(218)5	10.00	0	

(2)(1100)	8.00	(253)1	(220)1	(209)3	0.00	0	

(3)(1000)	5.00	(30)5	(32)5	(230)3	0.00	0	

(4)(146)	5.00	(30)4	26.00	0	

(5)(1000)	3.00	(21)6	(218)3	(220)1	0.00	0	

(6)(1000)	2.00	(253)3	(21)1	(220)1	0.00	0	

(7)(1100)	1.00	(220)5	0.00	0	

(8)(1100)	1.00	(30)31	(21)8	2.00	0	

(9)(1000)	1.00	(230)1	(21)10	(218)1	(9)38	0.00	0	

(10)(322)	6.00	(30)2	(241)1	(21)1	0.00	0	
max retalho: 5

(0)(312)	1.00	(241)1	(32)2	7.00	0	

(1)(1000)	1.00	(30)4	(220)4	0.00	0	

(2)(1100)	1.00	(30)14	(32)1	(230)1	(209)2	0.00	0	
max retalho: 5

(0)(1000)	1.00	(30)1	0	970	
Sobra Total: 970.00
Perda Total: 501.00

Total Barras Cortadas:
Barra (1000) : 59
Barra (1100) : 38
Barra (322) : 6
Barra (146) : 5
Barra (312) : 1

Retalhos Gerados:
Retalho (970) : 1

10 Soluções

Saida Arquivo/Entrada/Class2/D2d11.txt

Minimizar a Perda Total
max retalho: 5

(0)(1000)	47.00	(253)2	(230)1	(21)2	(220)1	2.00	0	

(1)(1000)	36.00	(30)1	(218)4	98.00	0	

(2)(1100)	8.00	(253)1	(220)1	(209)3	0.00	0	

(3)(1000)	5.00	(30)5	(32)5	(230)3	0.00	0	

(4)(146)	5.00	(30)4	26.00	0	

(5)(312)	4.00	(30)2	(220)1	32.00	0	

(6)(1100)	1.00	(220)5	0.00	0	

(7)(312)	1.00	(21)14	18.00	0	

(8)(1100)	1.00	(253)2	(21)12	(9)38	0.00	0	

(10)(322)	6.00	(30)2	(241)1	(21)1	0.00	0	
max retalho: 5

(0)(1000)	1.00	(253)1	(21)4	(220)3	3.00	0	

(1)(1100)	1.00	(30)5	(230)1	(21)4	(218)1	(209)2	0.00	0	
max retalho: 5

(0)(1000)	1.00	(253)1	(30)1	(241)1	(32)3	(21)2	(220)1	118.00	0	
Sobra Total: 0.00
Perda Total: 4019.00

Total Barras Cortadas:
Barra (1000) : 90
Barra (1100) : 11
Barra (322) : 6
Barra (146) : 5
Barra (312) : 5

Retalhos Gerados:
