
4 Soluções

Saida Arquivo/Entrada/Class2/D2d19.txt

Minimizar a Perda Total
max retalho: 5

(0)(1000)	36.00	(310)1	(311)2	68.00	0	

(1)(1000)	31.00	(112)1	(310)1	(289)2	0.00	0	

(2)(1100)	27.00	(310)1	(101)1	(89)1	(300)2	0.00	0	

(3)(1100)	11.00	(311)2	(91)5	23.00	0	

(4)(1100)	9.00	(123)8	(91)1	25.00	0	

(5)(1000)	8.00	(321)2	(89)3	(91)1	0.00	0	

(6)(1100)	4.00	(101)10	(89)1	1.00	0	

(7)(1100)	2.00	(311)3	167.00	0	

(8)(1100)	2.00	(321)3	(91)1	46.00	0	

(9)(1000)	2.00	(112)8	(101)1	3.00	0	

(10)(407)	2.00	(311)1	(91)1	5.00	0	
max retalho: 5

(0)(1100)	1.00	(123)3	(321)2	(89)1	0.00	0	

(1)(1100)	1.00	(123)1	(101)4	(300)1	(91)3	0.00	0	
max retalho: 5

(0)(399)	1.00	(123)1	(91)2	94.00	0	

(1)(1100)	1.00	(101)1	(311)1	(300)1	(365)1	23.00	365	
max retalho: 4

(0)(1000)	1.00	(101)1	0	899	
Sobra Total: 1264.00
Perda Total: 3489.00

Total Barras Cortadas:
Barra (1000) : 78
Barra (1100) : 58
Barra (407) : 2
Barra (260) : 0
Barra (399) : 1

Retalhos Gerados:
Retalho (365) : 1
Retalho (899) : 1

7 Soluções

Saida Arquivo/Entrada/Class2/D2d19.txt

Minimizar a Perda Total
max retalho: 5

(0)(1000)	54.00	(310)1	(101)1	(300)1	(289)1	0.00	0	

(1)(1000)	25.00	(311)3	67.00	0	

(2)(1000)	17.00	(310)2	(91)4	16.00	0	

(3)(1100)	14.00	(321)1	(112)1	(311)1	(89)4	0.00	0	

(4)(1100)	8.00	(123)8	(112)1	4.00	0	

(5)(1100)	4.00	(112)1	(101)4	(311)1	(91)3	0.00	0	

(6)(1100)	5.00	(123)1	(112)3	(311)2	19.00	0	

(7)(1000)	4.00	(112)1	(310)1	(289)2	0.00	0	

(8)(1100)	3.00	(123)1	(321)3	14.00	0	

(9)(407)	2.00	(101)1	(300)1	6.00	0	

(11)(1100)	1.00	(123)2	(112)2	(310)2	10.00	0	
max retalho: 5

(0)(1100)	1.00	(123)3	(321)1	(101)3	(91)1	16.00	0	
Sobra Total: 0.00
Perda Total: 2154.00

Total Barras Cortadas:
Barra (1000) : 100
Barra (1100) : 36
Barra (407) : 2
Barra (260) : 0
Barra (399) : 0

Retalhos Gerados:

10 Soluções

Saida Arquivo/Entrada/Class2/D2d19.txt

Minimizar a Perda Total
max retalho: 5

(0)(1100)	28.00	(311)3	167.00	0	

(1)(1000)	16.00	(123)1	(112)1	(310)1	(91)5	0.00	0	

(2)(1100)	14.00	(321)1	(112)1	(311)1	(89)4	0.00	0	

(3)(260)	7.00	(123)2	14.00	0	

(4)(1100)	6.00	(123)2	(112)2	(310)2	10.00	0	

(5)(1000)	5.00	(321)2	(311)1	47.00	0	

(6)(1000)	5.00	(123)2	(310)1	(101)4	40.00	0	

(7)(1000)	4.00	(112)1	(310)1	(289)2	0.00	0	

(8)(1100)	3.00	(123)8	116.00	0	

(9)(1000)	53.00	(310)1	(101)1	(300)1	(289)1	0.00	0	

(10)(407)	2.00	(101)1	(300)1	6.00	0	

(11)(399)	2.00	(310)1	89.00	0	
max retalho: 5

(0)(1000)	1.00	(300)1	(289)1	(204)2	3.00	408	

(1)(1000)	1.00	(123)1	(112)1	(310)2	(91)1	54.00	0	
Sobra Total: 408.00
Perda Total: 5864.00

Total Barras Cortadas:
Barra (1000) : 85
Barra (1100) : 51
Barra (407) : 2
Barra (260) : 7
Barra (399) : 2

Retalhos Gerados:
Retalho (204) : 2
