
4 Soluções

Saida Arquivo/Entrada/Class2/D2d13.txt

Minimizar a Perda Total
max retalho: 5

(0)(1000)	23.00	(288)3	(67)2	2.00	0	

(1)(1100)	22.00	(299)3	203.00	0	

(2)(1100)	20.00	(90)2	(289)3	53.00	0	

(3)(1100)	14.00	(311)3	167.00	0	

(4)(1000)	10.00	(322)1	(100)1	(289)2	0.00	0	

(5)(1100)	8.00	(88)12	44.00	0	

(6)(242)	7.00	(79)3	5.00	0	

(7)(233)	7.00	(90)1	(67)2	9.00	0	

(8)(1100)	6.00	(79)13	73.00	0	

(9)(1000)	1.00	(288)1	(289)2	(67)2	0.00	0	

(10)(1100)	6.00	(322)3	134.00	0	

(11)(1100)	2.00	(90)12	20.00	0	

(12)(396)	2.00	(90)1	(67)4	38.00	0	
max retalho: 5

(0)(1100)	1.00	(322)1	(299)2	(90)2	0.00	0	

(1)(1100)	1.00	(311)2	478.00	0	

(2)(1100)	1.00	(88)2	(90)5	(79)6	0.00	0	
max retalho: 5

(0)(1000)	1.00	(322)1	(88)3	(90)1	(79)3	87.00	0	
Sobra Total: 0.00
Perda Total: 10283.00

Total Barras Cortadas:
Barra (1000) : 35
Barra (1100) : 81
Barra (242) : 7
Barra (396) : 2
Barra (233) : 7

Retalhos Gerados:

7 Soluções

Saida Arquivo/Entrada/Class2/D2d13.txt

Minimizar a Perda Total
max retalho: 5

(0)(1100)	27.00	(88)1	(288)1	(79)1	(289)2	(67)1	0.00	0	

(1)(1100)	22.00	(299)3	203.00	0	

(2)(1100)	14.00	(311)3	167.00	0	

(3)(1100)	13.00	(90)1	(288)3	(79)1	(67)1	0.00	0	

(4)(1000)	10.00	(322)1	(100)1	(289)2	0.00	0	

(5)(242)	7.00	(90)1	(79)1	(67)1	6.00	0	

(6)(233)	7.00	(90)1	(67)2	9.00	0	

(7)(1100)	6.00	(322)3	134.00	0	

(8)(1100)	6.00	(88)12	44.00	0	

(9)(1100)	4.00	(79)13	73.00	0	

(10)(1000)	4.00	(288)1	(289)2	(67)2	0.00	0	

(11)(1100)	4.00	(90)12	20.00	0	

(12)(396)	2.00	(299)1	(90)1	7.00	0	
max retalho: 5

(0)(1100)	1.00	(322)1	(311)2	(79)1	77.00	0	

(5)(1100)	1.00	(88)2	(90)4	(79)6	(67)1	23.00	0	
max retalho: 5

(0)(1000)	1.00	(322)1	(79)2	0	520	
Sobra Total: 520.00
Perda Total: 8463.00

Total Barras Cortadas:
Barra (1000) : 15
Barra (1100) : 98
Barra (242) : 7
Barra (396) : 2
Barra (233) : 7

Retalhos Gerados:
Retalho (520) : 1

10 Soluções

Saida Arquivo/Entrada/Class2/D2d13.txt

Minimizar a Perda Total
max retalho: 5

(0)(1100)	27.00	(88)1	(288)1	(79)1	(289)2	(67)1	0.00	0	

(1)(1100)	22.00	(299)3	203.00	0	

(2)(1100)	14.00	(311)3	167.00	0	

(3)(1100)	13.00	(90)1	(288)3	(79)1	(67)1	0.00	0	

(4)(1000)	10.00	(322)1	(100)1	(289)2	0.00	0	

(5)(242)	7.00	(90)1	(67)2	18.00	0	

(6)(233)	7.00	(79)2	(67)1	8.00	0	

(7)(1100)	6.00	(322)3	134.00	0	

(8)(1100)	6.00	(88)12	44.00	0	

(9)(1100)	5.00	(90)12	20.00	0	

(10)(1000)	4.00	(288)1	(289)2	(67)2	0.00	0	

(11)(1100)	4.00	(79)13	73.00	0	

(12)(396)	2.00	(311)1	(79)1	6.00	0	
max retalho: 5

(0)(1000)	1.00	(299)2	(193)2	16.00	386	

(4)(1100)	1.00	(322)2	(88)2	(90)1	(67)1	123.00	0	
Sobra Total: 386.00
Perda Total: 8597.00

Total Barras Cortadas:
Barra (1000) : 15
Barra (1100) : 98
Barra (242) : 7
Barra (396) : 2
Barra (233) : 7

Retalhos Gerados:
Retalho (193) : 2
