
4 Soluções

Saida Arquivo/Entrada/Class2/D2d10.txt

Minimizar a Perda Total
max retalho: 5

(0)(1100)	31.00	(118)2	(295)1	(284)2	1.00	0	

(1)(1100)	26.00	(318)3	146.00	0	

(2)(1100)	25.00	(96)1	(306)3	(86)1	0.00	0	

(3)(1000)	15.00	(306)1	(97)1	(295)2	7.00	0	

(4)(255)	7.00	(118)2	19.00	0	

(5)(1100)	6.00	(316)3	152.00	0	

(6)(1100)	3.00	(86)12	68.00	0	

(7)(1100)	3.00	(96)11	44.00	0	

(8)(403)	3.00	(118)1	(284)1	1.00	0	

(9)(404)	2.00	(318)1	(86)1	0.00	0	

(10)(1000)	1.00	(306)2	(295)1	(86)1	7.00	0	

(11)(1100)	1.00	(97)11	33.00	0	

(12)(1100)	1.00	(118)9	38.00	0	

(13)(1100)	1.00	(107)10	30.00	0	
max retalho: 5

(2)(1100)	1.00	(97)9	227.00	0	

(3)(1100)	1.00	(86)8	412.00	0	

(4)(1100)	1.00	(118)3	746.00	0	
max retalho: 5

(0)(1000)	1.00	(318)2	(284)1	80.00	0	
max retalho: 5

(0)(1000)	1.00	(107)1	(96)1	(306)1	0	491	
Sobra Total: 491.00
Perda Total: 6889.00

Total Barras Cortadas:
Barra (1000) : 18
Barra (1100) : 100
Barra (403) : 3
Barra (255) : 7
Barra (404) : 2

Retalhos Gerados:
Retalho (491) : 1

7 Soluções

Saida Arquivo/Entrada/Class2/D2d10.txt

Minimizar a Perda Total
max retalho: 5

(0)(1000)	46.00	(306)2	(284)1	104.00	0	

(1)(1100)	27.00	(318)3	146.00	0	

(2)(1100)	19.00	(295)3	215.00	0	

(3)(1100)	10.00	(118)8	(97)1	59.00	0	

(4)(1000)	9.00	(316)2	(284)1	84.00	0	

(5)(1000)	5.00	(295)1	(284)2	137.00	0	

(6)(1100)	5.00	(96)10	(97)1	43.00	0	

(7)(404)	2.00	(97)4	16.00	0	

(8)(1100)	1.00	(96)5	(97)6	38.00	0	

(9)(1100)	6.00	(118)1	(86)11	36.00	0	

(10)(1100)	1.00	(118)1	(107)9	19.00	0	
max retalho: 5

(0)(403)	1.00	(118)1	(97)2	(86)1	5.00	0	

(1)(255)	2.00	(86)2	83.00	0	

(2)(255)	2.00	(118)1	(96)1	41.00	0	

(3)(403)	1.00	(118)1	(284)1	1.00	0	

(6)(1100)	1.00	(107)2	(96)2	(306)1	(97)4	0.00	0	
max retalho: 5

(0)(1000)	1.00	(318)1	(202)3	76.00	606	

(1)(255)	1.00	(86)1	169.00	0	
Sobra Total: 606.00
Perda Total: 15861.00

Total Barras Cortadas:
Barra (1000) : 61
Barra (1100) : 70
Barra (403) : 2
Barra (255) : 5
Barra (404) : 2

Retalhos Gerados:
Retalho (202) : 3

10 Soluções

Saida Arquivo/Entrada/Class2/D2d10.txt

Minimizar a Perda Total
max retalho: 5

(0)(1100)	27.00	(318)3	146.00	0	

(1)(1100)	22.00	(96)2	(284)3	56.00	0	

(2)(1000)	14.00	(306)2	(295)1	(86)1	7.00	0	

(3)(1000)	10.00	(118)8	56.00	0	

(4)(1100)	10.00	(306)1	(295)2	(202)1	2.00	202	

(5)(1100)	9.00	(96)1	(306)3	(86)1	0.00	0	

(6)(1100)	5.00	(316)3	(96)1	56.00	0	

(7)(1000)	4.00	(118)1	(86)10	22.00	0	

(8)(1100)	3.00	(306)2	(97)5	3.00	0	

(9)(403)	2.00	(306)1	97.00	0	

(10)(1000)	13.00	(306)1	(97)1	(295)2	7.00	0	

(11)(404)	2.00	(306)1	(97)1	1.00	0	

(12)(1000)	1.00	(118)3	(107)6	4.00	0	
max retalho: 4

(0)(255)	3.00	(86)2	83.00	0	

(1)(1000)	1.00	(306)3	82.00	0	

(2)(255)	2.00	(107)2	41.00	0	

(3)(1100)	1.00	(316)3	(86)1	66.00	0	

(4)(1000)	1.00	(118)1	(318)1	(97)1	(295)1	(86)2	0.00	0	
max retalho: 4

(0)(255)	1.00	(118)1	(107)1	30.00	0	

(1)(255)	1.00	(118)2	19.00	0	

(3)(1000)	1.00	(306)2	(97)4	0.00	0	

(5)(403)	1.00	(295)1	108.00	0	
max retalho: 4

(0)(1000)	1.00	(96)1	0	904	
Sobra Total: 2924.00
Perda Total: 7156.00

Total Barras Cortadas:
Barra (1000) : 46
Barra (1100) : 77
Barra (403) : 3
Barra (255) : 7
Barra (404) : 2

Retalhos Gerados:
Retalho (202) : 10
Retalho (904) : 1
