
4 Soluções

Saida Arquivo/Entrada/Class2/D2d15.txt

Minimizar a Perda Total
max retalho: 5

(0)(1100)	21.00	(104)2	(315)1	(292)1	(280)1	5.00	0	

(1)(1100)	15.00	(303)3	191.00	0	

(2)(1100)	13.00	(315)3	155.00	0	

(3)(1100)	12.00	(92)1	(83)2	(280)3	2.00	0	

(4)(1000)	11.00	(313)1	(94)1	(292)2	9.00	0	

(5)(1100)	9.00	(315)2	(94)2	(280)1	2.00	0	

(6)(250)	7.00	(115)1	(92)1	43.00	0	

(7)(1100)	5.00	(92)11	88.00	0	

(8)(400)	3.00	(92)1	(303)1	5.00	0	

(9)(1000)	24.00	(92)1	(303)2	(280)1	22.00	0	

(10)(1000)	3.00	(313)2	(94)1	(280)1	0.00	0	

(11)(401)	2.00	(92)1	(303)1	6.00	0	

(12)(1000)	1.00	(115)1	(313)1	(292)1	(280)1	0.00	0	
max retalho: 5

(0)(1100)	1.00	(83)1	1017.00	0	

(1)(1100)	1.00	(92)3	824.00	0	
max retalho: 5

(0)(1100)	1.00	(303)1	(292)1	(280)1	(199)1	26.00	199	

(1)(1100)	1.00	(104)1	(199)5	1.00	995	
max retalho: 3

(0)(1000)	1.00	(280)1	0	720	
Sobra Total: 1914.00
Perda Total: 8290.00

Total Barras Cortadas:
Barra (1000) : 40
Barra (1100) : 79
Barra (400) : 3
Barra (250) : 7
Barra (401) : 2

Retalhos Gerados:
Retalho (199) : 1
Retalho (199) : 5
Retalho (720) : 1

7 Soluções

Saida Arquivo/Entrada/Class2/D2d15.txt

Minimizar a Perda Total
max retalho: 5

(0)(1000)	23.00	(315)2	(280)1	90.00	0	

(1)(1100)	21.00	(104)2	(303)2	(280)1	6.00	0	

(2)(1100)	16.00	(315)2	(92)5	10.00	0	

(3)(1100)	11.00	(303)3	191.00	0	

(4)(1000)	9.00	(313)2	(94)1	(280)1	0.00	0	

(5)(1000)	7.00	(280)3	160.00	0	

(6)(1100)	7.00	(94)1	(83)2	(280)3	0.00	0	

(7)(250)	6.00	(115)1	(94)1	41.00	0	

(8)(400)	2.00	(303)1	(94)1	3.00	0	

(9)(1000)	22.00	(92)1	(303)1	(292)2	21.00	0	

(10)(401)	2.00	(115)1	(94)2	98.00	0	

(11)(1100)	1.00	(92)1	(94)1	(83)11	1.00	0	

(12)(250)	1.00	(94)2	62.00	0	
max retalho: 5

(0)(1000)	1.00	(92)2	(94)1	(292)1	(280)1	150.00	0	

(1)(1100)	1.00	(104)1	(199)3	(362)1	37.00	959	
max retalho: 4

(0)(1000)	1.00	(92)1	0	908	
Sobra Total: 1867.00
Perda Total: 6737.00

Total Barras Cortadas:
Barra (1000) : 63
Barra (1100) : 57
Barra (400) : 2
Barra (250) : 7
Barra (401) : 2

Retalhos Gerados:
Retalho (199) : 3
Retalho (362) : 1
Retalho (908) : 1

10 Soluções

Saida Arquivo/Entrada/Class2/D2d15.txt

Minimizar a Perda Total
max retalho: 5

(0)(1100)	26.00	(315)3	155.00	0	

(1)(1100)	20.00	(303)3	191.00	0	

(2)(1100)	19.00	(104)2	(303)2	(280)1	6.00	0	

(3)(1000)	16.00	(313)1	(92)1	(292)2	11.00	0	

(4)(1100)	12.00	(94)1	(83)2	(280)3	0.00	0	

(5)(1100)	12.00	(280)3	260.00	0	

(6)(1100)	8.00	(92)11	88.00	0	

(7)(250)	5.00	(94)2	62.00	0	

(8)(400)	3.00	(115)1	(280)1	5.00	0	

(9)(1000)	3.00	(104)1	(292)3	20.00	0	

(10)(1000)	2.00	(115)1	(313)1	(292)1	(280)1	0.00	0	

(11)(401)	2.00	(94)4	25.00	0	

(12)(250)	1.00	(115)2	20.00	0	
max retalho: 5

(0)(1000)	1.00	(92)1	(303)1	(292)2	21.00	0	
max retalho: 5

(4)(1100)	1.00	(115)1	(104)2	(92)1	(94)2	(83)1	0	414	
Sobra Total: 414.00
Perda Total: 12440.00

Total Barras Cortadas:
Barra (1000) : 22
Barra (1100) : 98
Barra (400) : 3
Barra (250) : 6
Barra (401) : 2

Retalhos Gerados:
Retalho (414) : 1
