
4 Soluções

Saida Arquivo/Entrada/Class2/D2d16.txt

Minimizar a Perda Total
max retalho: 5

(0)(1100)	19.00	(194)4	(184)1	(140)1	0.00	0	

(1)(1100)	17.00	(162)6	128.00	0	

(2)(1100)	14.00	(173)6	62.00	0	

(3)(1100)	10.00	(129)8	68.00	0	

(4)(260)	9.00	(194)1	66.00	0	

(5)(1000)	5.00	(162)1	(150)2	(140)2	(129)2	0.00	0	

(6)(436)	5.00	(152)2	(129)1	3.00	0	

(7)(1100)	4.00	(194)1	(184)1	(162)1	(140)4	0.00	0	

(8)(1100)	2.00	(183)6	2.00	0	

(9)(1100)	1.00	(206)5	70.00	0	

(10)(269)	6.00	(140)1	(129)1	0.00	0	

(11)(1000)	1.00	(150)2	(140)5	0.00	0	
max retalho: 5

(0)(1100)	1.00	(206)1	(183)1	(162)2	(129)3	0.00	0	

(1)(1000)	1.00	(206)1	(173)1	(162)1	(152)3	3.00	0	

(2)(1100)	1.00	(194)1	(173)1	(162)1	(150)1	(152)1	(140)1	(129)1	0.00	0	
max retalho: 5

(0)(1100)	1.00	(206)1	(183)2	(173)2	(129)1	53.00	0	
max retalho: 5

(0)(1000)	1.00	(206)1	0	794	
Sobra Total: 794.00
Perda Total: 4463.00

Total Barras Cortadas:
Barra (1000) : 8
Barra (1100) : 70
Barra (269) : 6
Barra (436) : 5
Barra (260) : 9

Retalhos Gerados:
Retalho (794) : 1

7 Soluções

Saida Arquivo/Entrada/Class2/D2d16.txt

Minimizar a Perda Total
max retalho: 5

(0)(1100)	22.00	(194)4	(162)2	0.00	0	

(1)(1000)	17.00	(173)2	(162)4	6.00	0	

(2)(1100)	14.00	(173)1	(129)7	24.00	0	

(3)(1100)	9.00	(173)1	(140)6	87.00	0	

(4)(260)	9.00	(183)1	77.00	0	

(5)(1000)	5.00	(184)4	(150)1	114.00	0	

(6)(1000)	5.00	(173)5	135.00	0	

(7)(436)	3.00	(150)2	136.00	0	

(8)(1000)	3.00	(206)1	(173)1	(162)1	(152)3	3.00	0	

(9)(1000)	1.00	(183)4	(129)2	10.00	0	

(10)(269)	5.00	(152)1	117.00	0	

(11)(436)	2.00	(206)2	24.00	0	
max retalho: 5

(0)(1100)	1.00	(194)2	(183)2	(173)2	0.00	0	

(1)(1100)	1.00	(184)3	548.00	0	

(2)(1000)	1.00	(173)1	(150)2	(140)1	(129)3	0.00	0	

(8)(269)	1.00	(206)1	63.00	0	
max retalho: 5

(0)(1000)	1.00	(206)1	(140)2	(129)3	127.00	0	
Sobra Total: 0.00
Perda Total: 4957.00

Total Barras Cortadas:
Barra (1000) : 33
Barra (1100) : 47
Barra (269) : 6
Barra (436) : 5
Barra (260) : 9

Retalhos Gerados:

10 Soluções

Saida Arquivo/Entrada/Class2/D2d16.txt

Minimizar a Perda Total
max retalho: 5

(0)(1100)	22.00	(194)4	(162)2	0.00	0	

(1)(1100)	11.00	(184)2	(162)2	(150)1	(129)2	0.00	0	

(2)(1000)	11.00	(173)3	(162)2	(152)1	5.00	0	

(3)(260)	9.00	(173)1	87.00	0	

(4)(1100)	9.00	(173)2	(162)3	(129)2	10.00	0	

(5)(1100)	8.00	(140)6	(129)2	2.00	0	

(6)(1100)	7.00	(183)2	(173)2	(129)3	1.00	0	

(7)(436)	4.00	(173)2	90.00	0	

(8)(1100)	3.00	(173)1	(152)1	(129)6	1.00	0	

(9)(1000)	2.00	(206)4	(173)1	3.00	0	

(10)(269)	5.00	(140)1	(129)1	0.00	0	

(11)(1000)	1.00	(183)1	(150)1	(140)2	(129)3	0.00	0	

(12)(269)	1.00	(173)1	96.00	0	
max retalho: 5

(0)(1100)	1.00	(206)1	(184)1	(150)1	(140)2	(129)2	22.00	0	

(1)(1000)	1.00	(194)2	612.00	0	
max retalho: 5

(0)(1000)	1.00	(129)1	0	871	
Sobra Total: 871.00
Perda Total: 2050.00

Total Barras Cortadas:
Barra (1000) : 16
Barra (1100) : 61
Barra (269) : 6
Barra (436) : 4
Barra (260) : 9

Retalhos Gerados:
Retalho (871) : 1
