
4 Soluções

Saida Arquivo/Entrada/Class2/D2d17.txt

Minimizar a Perda Total
max retalho: 5

(0)(1100)	30.00	(307)3	(87)2	5.00	0	

(1)(1100)	26.00	(317)1	(319)2	(96)1	49.00	0	

(2)(1000)	12.00	(96)1	(284)3	52.00	0	

(3)(1100)	11.00	(108)1	(296)3	(87)1	17.00	0	

(4)(254)	7.00	(108)2	38.00	0	

(5)(1100)	3.00	(317)1	(87)9	0.00	0	

(6)(1000)	3.00	(317)3	49.00	0	

(7)(1100)	2.00	(108)1	(96)10	32.00	0	

(8)(403)	2.00	(96)1	(284)1	23.00	0	

(9)(1000)	4.00	(119)7	(108)1	59.00	0	

(10)(404)	2.00	(108)1	(96)3	8.00	0	

(11)(1100)	1.00	(108)10	20.00	0	

(12)(1100)	1.00	(317)1	(108)4	(96)1	(85)3	0.00	0	
max retalho: 5

(0)(1100)	1.00	(119)4	(307)2	10.00	0	

(2)(1000)	1.00	(108)2	(96)2	(296)2	0.00	0	
max retalho: 5

(0)(1100)	1.00	(119)1	(319)2	(307)1	36.00	0	

(2)(1000)	1.00	(96)2	(87)1	(201)3	118.00	603	
max retalho: 4

(0)(1000)	1.00	(119)1	0	881	
Sobra Total: 1484.00
Perda Total: 3194.00

Total Barras Cortadas:
Barra (1000) : 22
Barra (1100) : 76
Barra (403) : 2
Barra (254) : 7
Barra (404) : 2

Retalhos Gerados:
Retalho (201) : 3
Retalho (881) : 1

7 Soluções

Saida Arquivo/Entrada/Class2/D2d17.txt

Minimizar a Perda Total
max retalho: 5

(0)(1000)	24.00	(307)2	(87)1	(284)1	15.00	0	

(1)(1100)	19.00	(319)2	(96)3	(87)2	0.00	0	

(2)(1100)	16.00	(317)2	(307)1	(87)1	72.00	0	

(3)(1000)	11.00	(108)1	(296)3	4.00	0	

(4)(1100)	7.00	(319)2	(307)1	155.00	0	

(5)(1100)	7.00	(119)1	(317)1	(96)1	(284)2	0.00	0	

(6)(254)	7.00	(108)2	38.00	0	

(7)(1100)	6.00	(307)3	179.00	0	

(8)(1000)	3.00	(108)4	(307)1	(87)3	0.00	0	

(9)(1000)	4.00	(119)6	(108)1	(87)2	4.00	0	

(10)(403)	2.00	(108)1	(96)3	7.00	0	

(11)(404)	2.00	(108)1	(296)1	0.00	0	

(12)(1000)	1.00	(119)1	(319)1	(307)1	(85)3	0.00	0	
max retalho: 5

(0)(1000)	1.00	(119)1	(108)4	(96)1	(87)4	5.00	0	
max retalho: 5

(0)(1000)	1.00	(119)1	(319)1	0	562	
Sobra Total: 562.00
Perda Total: 4016.00

Total Barras Cortadas:
Barra (1000) : 45
Barra (1100) : 55
Barra (403) : 2
Barra (254) : 7
Barra (404) : 2

Retalhos Gerados:
Retalho (562) : 1

10 Soluções

Saida Arquivo/Entrada/Class2/D2d17.txt

Minimizar a Perda Total
max retalho: 5

(0)(1000)	22.00	(307)3	79.00	0	

(1)(1100)	19.00	(119)1	(317)1	(96)1	(284)2	0.00	0	

(2)(1100)	17.00	(319)2	(96)3	(87)2	0.00	0	

(3)(1100)	10.00	(307)1	(296)2	(201)1	0.00	201	

(4)(1000)	9.00	(108)4	(307)1	(87)3	0.00	0	

(5)(1000)	9.00	(317)1	(319)2	45.00	0	

(6)(254)	7.00	(119)2	16.00	0	

(7)(1000)	5.00	(317)2	(307)1	59.00	0	

(8)(1100)	4.00	(296)1	(87)9	21.00	0	

(9)(1000)	3.00	(108)1	(296)3	4.00	0	

(10)(403)	2.00	(108)3	79.00	0	

(11)(404)	2.00	(108)1	(296)1	0.00	0	

(12)(1000)	1.00	(119)1	(319)1	(307)1	(85)3	0.00	0	
max retalho: 4

(0)(1100)	1.00	(317)1	(108)2	(87)2	(363)1	30.00	363	

(1)(1100)	1.00	(319)1	(96)1	(307)2	71.00	0	
Sobra Total: 2373.00
Perda Total: 2905.00

Total Barras Cortadas:
Barra (1000) : 49
Barra (1100) : 52
Barra (403) : 2
Barra (254) : 7
Barra (404) : 2

Retalhos Gerados:
Retalho (201) : 10
Retalho (363) : 1
