
4 Soluções

Saida Arquivo/Entrada/Class2/D2d2.txt

Minimizar a Perda Total
max retalho: 5

(0)(1100)	18.00	(132)2	(320)2	(98)2	0.00	0	

(1)(1000)	14.00	(142)2	(130)4	(98)2	0.00	0	

(2)(1000)	11.00	(153)1	(130)4	(109)3	0.00	0	

(3)(1100)	10.00	(153)2	(142)1	(332)1	(320)1	0.00	0	

(4)(417)	8.00	(153)1	(132)2	0.00	0	

(5)(1000)	4.00	(330)1	(332)2	6.00	0	

(6)(1000)	3.00	(153)5	(121)1	(98)1	16.00	0	

(7)(1000)	3.00	(121)8	32.00	0	

(8)(260)	3.00	(130)2	0.00	0	

(9)(1000)	2.00	(98)10	20.00	0	

(10)(259)	3.00	(132)1	(98)1	29.00	0	

(11)(1000)	1.00	(142)1	(132)4	(330)1	0.00	0	

(12)(1000)	1.00	(330)3	10.00	0	
max retalho: 5

(0)(1100)	1.00	(153)2	(132)1	(330)1	(332)1	0.00	0	

(1)(1100)	1.00	(142)2	(130)3	(132)1	(98)3	0.00	0	

(2)(1100)	1.00	(121)3	737.00	0	
max retalho: 5

(0)(1000)	1.00	(98)2	0	804	
Sobra Total: 804.00
Perda Total: 1042.00

Total Barras Cortadas:
Barra (1000) : 40
Barra (1100) : 31
Barra (259) : 3
Barra (417) : 8
Barra (260) : 3

Retalhos Gerados:
Retalho (804) : 1

7 Soluções

Saida Arquivo/Entrada/Class2/D2d2.txt

Minimizar a Perda Total
max retalho: 5

(0)(1100)	19.00	(153)2	(142)1	(332)1	(320)1	0.00	0	

(1)(1100)	16.00	(130)6	(320)1	0.00	0	

(2)(1000)	9.00	(132)6	(109)1	(98)1	1.00	0	

(3)(1100)	7.00	(109)2	(98)9	0.00	0	

(4)(1000)	4.00	(330)2	(121)2	(98)1	0.00	0	

(5)(1100)	4.00	(142)5	(130)3	0.00	0	

(6)(417)	4.00	(153)1	(98)2	68.00	0	

(7)(417)	4.00	(153)2	(109)1	2.00	0	

(8)(259)	3.00	(153)1	(98)1	8.00	0	

(9)(260)	3.00	(153)1	(98)1	9.00	0	

(10)(1100)	3.00	(121)1	(320)3	19.00	0	

(11)(1100)	3.00	(132)2	(121)6	(109)1	1.00	0	
max retalho: 5

(0)(1100)	1.00	(142)1	(121)1	(320)2	(98)2	1.00	0	
max retalho: 5

(0)(1100)	1.00	(130)1	(109)3	(98)3	(349)1	0.00	349	
max retalho: 4

(0)(1000)	1.00	(142)1	(132)1	(330)1	0	396	
Sobra Total: 745.00
Perda Total: 401.00

Total Barras Cortadas:
Barra (1000) : 14
Barra (1100) : 54
Barra (259) : 3
Barra (417) : 8
Barra (260) : 3

Retalhos Gerados:
Retalho (349) : 1
Retalho (396) : 1

10 Soluções

Saida Arquivo/Entrada/Class2/D2d2.txt

Minimizar a Perda Total
max retalho: 5

(0)(1000)	10.00	(320)2	(98)3	66.00	0	

(1)(1100)	10.00	(132)1	(332)1	(109)2	(320)1	(98)1	0.00	0	

(2)(1100)	9.00	(153)1	(130)5	(98)3	3.00	0	

(3)(1000)	9.00	(142)1	(330)1	(332)1	(98)2	0.00	0	

(4)(1000)	8.00	(132)5	(320)1	20.00	0	

(5)(417)	8.00	(153)2	(109)1	2.00	0	

(6)(1100)	6.00	(142)5	(130)3	0.00	0	

(7)(1100)	5.00	(130)6	(320)1	0.00	0	

(8)(1000)	5.00	(153)5	(132)1	(98)1	5.00	0	

(9)(1000)	4.00	(153)1	(121)6	(109)1	12.00	0	

(11)(260)	3.00	(130)2	0.00	0	

(12)(259)	3.00	(132)1	127.00	0	
max retalho: 5

(0)(1100)	1.00	(153)1	(132)2	(121)3	(320)1	0.00	0	

(1)(1000)	1.00	(153)1	(109)1	(320)2	(98)1	0.00	0	

(2)(1100)	1.00	(130)8	60.00	0	
max retalho: 5

(0)(1100)	1.00	(142)2	(130)2	(132)1	(121)1	(98)3	9.00	0	
max retalho: 5

(0)(1000)	1.00	(121)2	(98)1	0	660	
Sobra Total: 660.00
Perda Total: 1386.00

Total Barras Cortadas:
Barra (1000) : 38
Barra (1100) : 33
Barra (259) : 3
Barra (417) : 8
Barra (260) : 3

Retalhos Gerados:
Retalho (660) : 1
