
4 Soluções

Saida Arquivo/Entrada/Class2/D2d3.txt

Minimizar a Perda Total
max retalho: 5

(0)(1100)	19.00	(201)1	(190)1	(167)1	(134)1	(136)3	0.00	0	

(1)(1100)	16.00	(190)2	(334)2	52.00	0	

(2)(1100)	10.00	(178)5	(167)1	43.00	0	

(3)(426)	9.00	(146)2	134.00	0	

(4)(1000)	9.00	(157)1	(146)1	(334)2	29.00	0	

(5)(1100)	5.00	(146)1	(134)7	16.00	0	

(6)(1100)	4.00	(157)7	1.00	0	

(7)(276)	4.00	(146)1	130.00	0	

(8)(1000)	4.00	(190)1	(167)1	(169)3	(136)1	0.00	0	

(9)(1100)	3.00	(201)1	(157)4	(134)2	3.00	0	

(10)(434)	5.00	(190)2	54.00	0	

(11)(1100)	1.00	(190)2	(146)4	(136)1	0.00	0	
max retalho: 5

(0)(1100)	1.00	(178)4	388.00	0	

(1)(1100)	1.00	(167)3	599.00	0	

(2)(1100)	1.00	(134)4	564.00	0	
max retalho: 5

(0)(1100)	1.00	(190)1	(157)2	(146)2	(136)2	32.00	0	
Sobra Total: 0.00
Perda Total: 5195.00

Total Barras Cortadas:
Barra (1000) : 13
Barra (1100) : 62
Barra (434) : 5
Barra (276) : 4
Barra (426) : 9

Retalhos Gerados:

7 Soluções

Saida Arquivo/Entrada/Class2/D2d3.txt

Minimizar a Perda Total
max retalho: 5

(0)(1100)	19.00	(201)1	(190)1	(167)1	(134)1	(136)3	0.00	0	

(1)(1000)	13.00	(178)1	(146)1	(334)2	8.00	0	

(2)(1100)	10.00	(190)4	(334)1	6.00	0	

(3)(426)	9.00	(334)1	92.00	0	

(4)(1100)	8.00	(178)5	(167)1	43.00	0	

(5)(1100)	6.00	(157)7	1.00	0	

(6)(434)	4.00	(334)1	100.00	0	

(7)(276)	4.00	(146)1	130.00	0	

(8)(1000)	4.00	(190)1	(167)1	(169)3	(136)1	0.00	0	

(9)(1100)	2.00	(201)1	(157)4	(134)2	3.00	0	

(10)(1100)	6.00	(146)2	(134)6	4.00	0	

(11)(1100)	2.00	(190)2	(146)4	(136)1	0.00	0	

(12)(1000)	1.00	(167)3	(146)1	(334)1	19.00	0	
max retalho: 5

(0)(1100)	1.00	(201)1	899.00	0	

(1)(1100)	1.00	(190)1	(178)1	(157)1	(146)3	(136)1	1.00	0	

(2)(1100)	1.00	(167)2	766.00	0	

(3)(434)	1.00	(146)1	(134)2	20.00	0	
max retalho: 5

(0)(1100)	1.00	(134)3	0	698	
Sobra Total: 698.00
Perda Total: 3997.00

Total Barras Cortadas:
Barra (1000) : 18
Barra (1100) : 57
Barra (434) : 5
Barra (276) : 4
Barra (426) : 9

Retalhos Gerados:
Retalho (698) : 1

10 Soluções

Saida Arquivo/Entrada/Class2/D2d3.txt

Minimizar a Perda Total
max retalho: 5

(0)(1100)	16.00	(334)3	98.00	0	

(1)(1000)	11.00	(201)2	(190)1	(136)3	0.00	0	

(2)(1100)	10.00	(190)2	(146)4	(136)1	0.00	0	

(3)(1100)	9.00	(178)6	32.00	0	

(4)(426)	9.00	(157)1	(134)2	1.00	0	

(5)(1100)	6.00	(190)5	150.00	0	

(6)(1100)	5.00	(134)8	28.00	0	

(7)(1100)	5.00	(167)6	98.00	0	

(8)(1100)	5.00	(157)7	1.00	0	

(9)(1000)	4.00	(190)1	(167)1	(169)3	(136)1	0.00	0	

(10)(434)	3.00	(157)1	(136)2	5.00	0	

(11)(276)	4.00	(136)2	4.00	0	

(12)(434)	2.00	(157)1	(134)1	(136)1	7.00	0	
max retalho: 5

(0)(1100)	1.00	(167)2	766.00	0	

(1)(1100)	1.00	(334)2	432.00	0	

(2)(1100)	1.00	(190)2	(157)1	(146)2	(134)1	(136)1	1.00	0	
max retalho: 5

(0)(1000)	1.00	(190)1	(157)1	(134)3	0	251	
Sobra Total: 251.00
Perda Total: 4644.00

Total Barras Cortadas:
Barra (1000) : 16
Barra (1100) : 59
Barra (434) : 5
Barra (276) : 4
Barra (426) : 9

Retalhos Gerados:
Retalho (251) : 1
