
4 Soluções

Saida Arquivo/Entrada/Class2/D2d4.txt

Minimizar a Perda Total
max retalho: 5

(0)(1100)	19.00	(192)2	(160)1	(139)4	0.00	0	

(1)(1100)	14.00	(160)5	(161)1	(139)1	0.00	0	

(2)(1000)	14.00	(204)4	(183)1	1.00	0	

(3)(1100)	11.00	(204)1	(194)1	(171)1	(150)1	(127)3	0.00	0	

(4)(1100)	10.00	(204)1	(194)2	(127)4	0.00	0	

(5)(1100)	10.00	(204)3	(150)3	38.00	0	

(6)(1100)	9.00	(192)5	(139)1	1.00	0	

(7)(1000)	4.00	(204)3	(194)2	0.00	0	

(8)(1100)	2.00	(204)3	(161)3	5.00	0	

(9)(1000)	19.00	(194)1	(161)5	1.00	0	
max retalho: 5

(0)(1100)	1.00	(160)4	(161)1	(139)2	21.00	0	
max retalho: 5

(0)(270)	1.00	(161)1	109.00	0	
Sobra Total: 0.00
Perda Total: 562.00

Total Barras Cortadas:
Barra (1000) : 37
Barra (1100) : 76
Barra (268) : 0
Barra (435) : 0
Barra (270) : 1

Retalhos Gerados:

7 Soluções

Saida Arquivo/Entrada/Class2/D2d4.txt

Minimizar a Perda Total
max retalho: 5

(0)(1100)	19.00	(192)2	(160)1	(139)4	0.00	0	

(1)(1000)	16.00	(204)3	(194)2	0.00	0	

(2)(1100)	14.00	(160)5	(161)1	(139)1	0.00	0	

(3)(1100)	13.00	(204)3	(161)3	5.00	0	

(4)(1100)	11.00	(204)1	(194)1	(171)1	(150)1	(127)3	0.00	0	

(5)(1100)	9.00	(192)5	(139)1	1.00	0	

(6)(1000)	7.00	(204)1	(161)1	(127)5	0.00	0	

(7)(268)	6.00	(183)1	85.00	0	

(8)(435)	5.00	(150)2	(127)1	8.00	0	

(9)(1000)	11.00	(194)1	(161)5	1.00	0	

(10)(1000)	4.00	(204)1	(194)1	(150)4	2.00	0	

(11)(270)	4.00	(183)1	87.00	0	

(12)(1000)	4.00	(204)4	(183)1	1.00	0	
max retalho: 5

(0)(1100)	1.00	(160)3	(161)1	(150)3	9.00	0	

(1)(1100)	1.00	(139)2	822.00	0	
max retalho: 5

(0)(1000)	1.00	(160)1	(161)1	(150)1	0	529	
Sobra Total: 529.00
Perda Total: 1826.00

Total Barras Cortadas:
Barra (1000) : 43
Barra (1100) : 68
Barra (268) : 6
Barra (435) : 5
Barra (270) : 4

Retalhos Gerados:
Retalho (529) : 1

10 Soluções

Saida Arquivo/Entrada/Class2/D2d4.txt

Minimizar a Perda Total
max retalho: 5

(0)(1100)	25.00	(204)3	(161)3	5.00	0	

(1)(1100)	21.00	(192)2	(160)1	(139)4	0.00	0	

(2)(1100)	14.00	(160)5	(161)1	(139)1	0.00	0	

(3)(1100)	14.00	(204)2	(183)1	(127)4	1.00	0	

(4)(1100)	11.00	(194)5	(127)1	3.00	0	

(5)(1100)	10.00	(192)4	(171)1	(161)1	0.00	0	

(6)(1000)	8.00	(204)1	(161)2	(150)3	24.00	0	

(7)(435)	4.00	(204)2	27.00	0	

(8)(270)	4.00	(127)1	143.00	0	

(9)(1100)	3.00	(204)1	(150)5	(139)1	7.00	0	

(10)(435)	1.00	(171)1	(127)2	10.00	0	
max retalho: 5

(0)(1000)	1.00	(204)3	(194)2	0.00	0	

(1)(268)	1.00	(194)1	74.00	0	

(2)(1000)	1.00	(192)1	(160)2	(161)1	(150)2	27.00	0	
max retalho: 5

(0)(268)	1.00	(161)1	107.00	0	
Sobra Total: 0.00
Perda Total: 1283.00

Total Barras Cortadas:
Barra (1000) : 10
Barra (1100) : 98
Barra (268) : 2
Barra (435) : 5
Barra (270) : 4

Retalhos Gerados:
