
4 Soluções

Saida Arquivo/Entrada/Class2/D2d9.txt

Minimizar a Perda Total
max retalho: 5

(0)(1000)	28.00	(205)2	(184)3	38.00	0	

(1)(1000)	18.00	(195)1	(161)5	0.00	0	

(2)(1100)	15.00	(151)2	(128)6	30.00	0	

(3)(1100)	12.00	(195)4	(151)2	18.00	0	

(4)(271)	9.00	(184)1	87.00	0	

(5)(1100)	7.00	(140)6	(128)2	4.00	0	

(6)(270)	6.00	(140)1	130.00	0	

(7)(1000)	5.00	(172)5	(128)1	12.00	0	

(8)(436)	5.00	(162)1	(140)1	(128)1	6.00	0	

(9)(1100)	35.00	(193)3	(195)1	(162)2	2.00	0	

(10)(1000)	4.00	(184)3	(151)2	(140)1	6.00	0	

(11)(1100)	4.00	(151)7	43.00	0	
max retalho: 5

(0)(1100)	1.00	(193)2	(195)2	(162)2	0.00	0	

(1)(1100)	1.00	(161)3	(151)4	13.00	0	

(2)(1100)	1.00	(172)2	756.00	0	
max retalho: 5

(0)(1100)	1.00	(195)1	(184)2	(162)1	0	375	
Sobra Total: 375.00
Perda Total: 4446.00

Total Barras Cortadas:
Barra (1000) : 55
Barra (1100) : 77
Barra (270) : 6
Barra (436) : 5
Barra (271) : 9

Retalhos Gerados:
Retalho (375) : 1

7 Soluções

Saida Arquivo/Entrada/Class2/D2d9.txt

Minimizar a Perda Total
max retalho: 5

(0)(1100)	27.00	(205)2	(151)2	(128)3	4.00	0	

(1)(1100)	27.00	(193)2	(195)2	(162)2	0.00	0	

(2)(1100)	21.00	(184)5	(172)1	8.00	0	

(3)(1100)	10.00	(195)5	125.00	0	

(4)(1100)	9.00	(193)1	(140)6	67.00	0	

(5)(271)	9.00	(151)1	120.00	0	

(6)(1000)	7.00	(193)3	(128)3	37.00	0	

(7)(436)	5.00	(172)1	(128)2	8.00	0	

(8)(1100)	5.00	(151)6	(169)1	25.00	169	

(9)(1000)	23.00	(193)1	(161)4	(162)1	1.00	0	
max retalho: 4

(0)(1000)	1.00	(184)2	(172)1	(151)1	(140)1	(128)1	41.00	0	

(3)(270)	1.00	(140)1	(128)1	2.00	0	
max retalho: 4

(0)(1000)	1.00	(205)1	(161)1	(162)1	(140)1	(169)1	163.00	169	
max retalho: 3

(0)(270)	1.00	(205)1	65.00	0	
Sobra Total: 1014.00
Perda Total: 3927.00

Total Barras Cortadas:
Barra (1000) : 32
Barra (1100) : 99
Barra (270) : 2
Barra (436) : 5
Barra (271) : 9

Retalhos Gerados:
Retalho (169) : 5
Retalho (169) : 1

10 Soluções

Saida Arquivo/Entrada/Class2/D2d9.txt

Minimizar a Perda Total
max retalho: 5

(0)(1000)	53.00	(193)2	(184)1	(162)1	(140)1	(128)1	0.00	0	

(1)(1100)	18.00	(205)3	(195)1	(162)1	(128)1	0.00	0	

(2)(1000)	16.00	(195)1	(161)5	0.00	0	

(3)(1000)	13.00	(184)4	(151)1	113.00	0	

(4)(1100)	12.00	(151)6	(128)1	66.00	0	

(5)(1000)	9.00	(195)1	(172)3	(161)1	(128)1	0.00	0	

(6)(1000)	7.00	(195)5	25.00	0	

(7)(270)	6.00	(128)2	14.00	0	

(8)(436)	5.00	(195)2	46.00	0	

(9)(271)	5.00	(195)1	76.00	0	

(10)(1100)	2.00	(195)4	(151)2	18.00	0	

(11)(1000)	1.00	(195)1	(162)4	(151)1	6.00	0	

(12)(1100)	1.00	(195)1	(161)3	(140)3	2.00	0	
max retalho: 5

(0)(271)	2.00	(205)1	66.00	0	

(1)(1100)	1.00	(162)3	(151)2	(128)2	56.00	0	

(2)(1000)	1.00	(195)1	(140)1	(128)5	25.00	0	

(3)(271)	1.00	(193)1	78.00	0	

(6)(1100)	1.00	(184)2	(128)2	476.00	0	

(7)(271)	1.00	(161)1	110.00	0	
max retalho: 5

(0)(1100)	1.00	(151)2	(128)1	0	670	
Sobra Total: 670.00
Perda Total: 4051.00

Total Barras Cortadas:
Barra (1000) : 100
Barra (1100) : 36
Barra (270) : 6
Barra (436) : 5
Barra (271) : 9

Retalhos Gerados:
Retalho (670) : 1
