
Saida Arquivo/Entrada/Class2/D2d18.txt

Minimizar a Perda Total
max retalho: 5
(0)(1000)	28.00	(189)2	(166)2	(145)2	0.00	0	
(1)(1100)	22.00	(198)5	110.00	0	
(2)(1100)	14.00	(154)7	22.00	0	
(3)(1100)	13.00	(133)8	36.00	0	
(4)(1100)	12.00	(156)7	8.00	0	
(5)(1100)	12.00	(189)5	155.00	0	
(6)(1100)	8.00	(166)6	104.00	0	
(7)(1100)	8.00	(210)5	50.00	0	
(8)(1100)	7.00	(177)6	38.00	0	
(9)(1000)	4.00	(187)2	(189)1	(145)3	2.00	0	
(10)(1000)	2.00	(187)5	65.00	0	
max retalho: 5
(1)(1100)	1.00	(189)1	(177)1	(166)2	(133)3	3.00	0	
(2)(1000)	1.00	(177)3	(156)3	1.00	0	
(5)(1100)	1.00	(177)1	(154)5	(145)1	8.00	0	
max retalho: 5
(1)(1100)	1.00	(198)3	(156)1	(133)2	84.00	0	
max retalho: 5
(1)(1000)	1.00	(187)4	(189)1	63.00	0	
Sobra Total: 0.00
Perda Total: 6947.00

Total Barras Cortadas:
Barra (1000) : 36
Barra (1100) : 99
Barra (275) : 0
Barra (440) : 0
Barra (266) : 0

Retalhos Gerados:
