
Saida Arquivo/Entrada/Class2/D2d4.txt

Minimizar a Perda Total
max retalho: 5
(0)(1100)	29.00	(204)4	(150)1	(127)1	7.00	0	
(1)(1100)	16.00	(192)5	(139)1	1.00	0	
(2)(1100)	15.00	(160)6	(139)1	1.00	0	
(3)(1100)	12.00	(150)1	(139)5	(127)2	1.00	0	
(4)(1100)	11.00	(161)6	(127)1	7.00	0	
(5)(1100)	9.00	(194)5	(127)1	3.00	0	
(6)(1100)	2.00	(204)2	(171)4	8.00	0	
(7)(1100)	2.00	(183)6	2.00	0	
(8)(1100)	2.00	(204)1	(194)1	(139)5	7.00	0	
(10)(1000)	10.00	(194)1	(161)5	1.00	0	
max retalho: 5
(1)(1000)	1.00	(183)1	(171)1	(160)3	(161)1	5.00	0	
(4)(1000)	1.00	(204)3	(192)1	(194)1	2.00	0	
max retalho: 5
(2)(1000)	1.00	(192)2	(183)1	(171)2	91.00	0	
Sobra Total: 0.00
Perda Total: 492.00

Total Barras Cortadas:
Barra (1000) : 13
Barra (1100) : 98
Barra (268) : 0
Barra (435) : 0
Barra (270) : 0

Retalhos Gerados:
