
Saida Arquivo/Entrada/Class2/D2d9.txt

Minimizar a Perda Total
max retalho: 5
(0)(1100)	32.00	(193)3	(195)1	(162)2	2.00	0	
(1)(1100)	19.00	(184)2	(161)1	(151)1	(140)3	0.00	0	
(2)(1000)	14.00	(184)4	(128)2	8.00	0	
(3)(1100)	13.00	(195)4	(184)1	(128)1	8.00	0	
(4)(1100)	13.00	(205)4	(151)1	(128)1	1.00	0	
(5)(1100)	10.00	(161)6	(128)1	6.00	0	
(6)(1100)	9.00	(193)1	(151)6	1.00	0	
(7)(1000)	8.00	(195)1	(161)1	(128)5	4.00	0	
(8)(1000)	6.00	(172)4	(161)1	(151)1	0.00	0	
(9)(1100)	3.00	(195)1	(162)4	(128)2	1.00	0	
(10)(1000)	2.00	(205)2	(195)3	5.00	0	
max retalho: 5
(1)(1000)	1.00	(193)1	(172)3	(162)1	(128)1	1.00	0	
max retalho: 5
(1)(1000)	1.00	(193)1	(195)2	(151)1	(128)2	10.00	0	
max retalho: 5
(3)(1000)	1.00	(195)1	(162)1	(151)1	(128)1	0	364	
Sobra Total: 364.00
Perda Total: 418.00

Total Barras Cortadas:
Barra (1000) : 33
Barra (1100) : 99
Barra (270) : 0
Barra (436) : 0
Barra (271) : 0

Retalhos Gerados:
Retalho (364) : 1
