
Saida Arquivo/Entrada/Class2/D2d15.txt

Minimizar a Perda Total
max retalho: 5
(0)(1100)	38.00	(315)2	(92)2	(280)1	6.00	0	
(1)(1000)	16.00	(104)1	(303)1	(292)2	9.00	0	
(2)(1100)	16.00	(303)3	(94)2	3.00	0	
(3)(1100)	13.00	(313)1	(104)2	(292)1	(280)1	7.00	0	
(4)(1100)	10.00	(92)1	(83)2	(280)3	2.00	0	
(5)(1100)	10.00	(92)2	(303)3	7.00	0	
(6)(1100)	4.00	(115)2	(280)3	30.00	0	
(7)(1100)	1.00	(313)3	161.00	0	
(8)(1100)	1.00	(315)2	(303)1	(83)2	1.00	0	
(9)(1000)	1.00	(104)1	(303)2	(280)1	10.00	0	
max retalho: 5
(0)(1100)	1.00	(313)2	(303)1	(83)2	5.00	0	
max retalho: 5
(0)(1100)	1.00	(303)1	(83)1	(280)2	154.00	0	
Sobra Total: 0.00
Perda Total: 1052.00

Total Barras Cortadas:
Barra (1000) : 17
Barra (1100) : 95
Barra (400) : 0
Barra (250) : 0
Barra (401) : 0

Retalhos Gerados:
