
Saida Arquivo/Entrada/Class2/D2d3.txt

Minimizar a Perda Total
max retalho: 5
(0)(1100)	14.00	(157)1	(136)2	(334)2	3.00	0	
(1)(1100)	13.00	(190)5	(146)1	4.00	0	
(2)(1100)	8.00	(201)1	(178)5	9.00	0	
(3)(1100)	8.00	(167)4	(146)2	(136)1	4.00	0	
(4)(1100)	7.00	(157)1	(134)7	5.00	0	
(5)(1100)	6.00	(146)2	(136)1	(334)2	4.00	0	
(6)(1100)	6.00	(169)2	(157)1	(134)1	(136)1	(334)1	1.00	0	
(7)(1100)	5.00	(201)1	(178)2	(134)1	(136)3	1.00	0	
(8)(1100)	3.00	(201)2	(190)1	(167)1	(334)1	7.00	0	
(9)(1100)	3.00	(157)7	1.00	0	
max retalho: 5
(0)(1100)	1.00	(201)2	(178)3	(157)1	7.00	0	
(1)(1100)	1.00	(178)1	(167)1	(146)1	(134)1	(136)1	(334)1	5.00	0	
max retalho: 5
(0)(1100)	1.00	(201)1	(157)2	(134)3	183.00	0	
Sobra Total: 0.00
Perda Total: 487.00

Total Barras Cortadas:
Barra (1000) : 0
Barra (1100) : 76
Barra (434) : 0
Barra (276) : 0
Barra (426) : 0

Retalhos Gerados:
