
Saida Arquivo/Entrada/Class2/D2d13.txt

Minimizar a Perda Total
max retalho: 5
(0)(1100)	29.00	(322)1	(88)1	(299)2	(90)1	2.00	0	
(1)(1100)	27.00	(79)2	(289)3	(67)1	8.00	0	
(2)(1100)	23.00	(90)1	(288)3	(79)1	(67)1	0.00	0	
(3)(1000)	6.00	(88)6	(90)3	(67)3	1.00	0	
(4)(1100)	2.00	(88)8	(79)5	1.00	0	
(5)(1100)	2.00	(100)2	(299)3	3.00	0	
(6)(1000)	2.00	(311)1	(299)2	(90)1	1.00	0	
(10)(1100)	14.00	(311)3	(88)1	(79)1	0.00	0	
max retalho: 5
(1)(1100)	1.00	(100)3	(88)1	(288)1	(289)1	(67)2	1.00	0	
(4)(1100)	1.00	(322)1	(88)5	(90)2	(79)2	0.00	0	
max retalho: 5
(2)(1100)	1.00	(100)3	(90)4	(79)5	45.00	0	
max retalho: 5
(0)(1000)	1.00	(90)3	0	730	
Sobra Total: 730.00
Perda Total: 336.00

Total Barras Cortadas:
Barra (1000) : 9
Barra (1100) : 100
Barra (242) : 0
Barra (396) : 0
Barra (233) : 0

Retalhos Gerados:
Retalho (730) : 1
