
Saida Arquivo/Entrada/Class2/D2d1.txt

Minimizar a Perda Total
max retalho: 5
(0)(1100)	27.00	(327)3	(117)1	2.00	0	
(1)(1100)	17.00	(327)1	(161)4	(128)1	1.00	0	
(2)(1100)	9.00	(149)3	(139)1	(128)4	2.00	0	
(3)(1100)	8.00	(139)6	(138)1	(128)1	0.00	0	
(4)(1100)	8.00	(327)1	(326)1	(170)1	(149)1	(128)1	0.00	0	
(5)(1100)	6.00	(138)7	(128)1	6.00	0	
(6)(1100)	6.00	(172)2	(170)2	(149)2	(117)1	1.00	0	
(7)(1100)	2.00	(170)4	(149)2	(117)1	5.00	0	
(8)(1100)	1.00	(149)5	(117)3	4.00	0	
max retalho: 5
(0)(1100)	1.00	(170)1	(149)1	(139)2	(138)1	(128)1	(117)2	3.00	0	
Sobra Total: 0.00
Perda Total: 148.00

Total Barras Cortadas:
Barra (1000) : 0
Barra (1100) : 85
Barra (430) : 0
Barra (261) : 0
Barra (421) : 0

Retalhos Gerados:
