
Saida Arquivo/Entrada/Class2/D2d2.txt

Minimizar a Perda Total
max retalho: 5
(0)(1100)	20.00	(130)5	(132)1	(121)1	(98)2	1.00	0	
(1)(1100)	9.00	(132)1	(320)3	8.00	0	
(2)(1100)	9.00	(153)5	(332)1	3.00	0	
(3)(1100)	9.00	(130)1	(330)1	(320)2	0.00	0	
(4)(1100)	5.00	(109)2	(98)9	0.00	0	
(5)(1100)	5.00	(153)2	(132)6	2.00	0	
(6)(1100)	5.00	(142)3	(332)2	10.00	0	
(7)(1100)	3.00	(142)7	(98)1	8.00	0	
(8)(1100)	2.00	(109)10	10.00	0	
(9)(1100)	1.00	(121)9	11.00	0	
max retalho: 5
(0)(1100)	1.00	(132)1	(121)1	(109)3	(320)1	(98)2	4.00	0	
(1)(1100)	1.00	(142)4	(132)1	(98)4	8.00	0	
max retalho: 5
(0)(417)	1.00	(153)1	(142)1	(98)1	24.00	0	
Sobra Total: 0.00
Perda Total: 270.00

Total Barras Cortadas:
Barra (1000) : 0
Barra (1100) : 70
Barra (259) : 0
Barra (417) : 1
Barra (260) : 0

Retalhos Gerados:
