
Saida Arquivo/Entrada/Class2/D2d11.txt

Minimizar a Perda Total
max retalho: 5
(0)(1100)	29.00	(218)5	10.00	0	
(1)(1100)	13.00	(220)5	0.00	0	
(2)(1100)	13.00	(30)6	(230)4	0.00	0	
(3)(1100)	12.00	(253)4	(30)2	(9)3	1.00	0	
(4)(1100)	9.00	(253)4	(32)2	(21)1	3.00	0	
(5)(1100)	5.00	(253)4	(21)4	4.00	0	
(6)(1100)	5.00	(32)1	(21)1	(209)5	2.00	0	
(7)(1100)	2.00	(32)1	(230)4	(21)7	1.00	0	
(8)(1100)	1.00	(30)1	(241)4	(32)2	(21)2	0.00	0	
(9)(1100)	1.00	(21)52	8.00	0	
max retalho: 5
(0)(1100)	1.00	(230)1	(21)10	(220)3	0.00	0	
(3)(1100)	1.00	(253)2	(30)1	(241)2	(21)3	(9)2	1.00	0	
(5)(1100)	1.00	(241)1	(230)2	(21)9	(209)1	1.00	0	
max retalho: 5
(0)(1100)	1.00	(30)3	(32)1	(21)12	0	726	
Sobra Total: 726.00
Perda Total: 371.00

Total Barras Cortadas:
Barra (1000) : 0
Barra (1100) : 94
Barra (322) : 0
Barra (146) : 0
Barra (312) : 0

Retalhos Gerados:
Retalho (726) : 1
