
Saida Arquivo/Entrada/Class2/D2d12.txt

Minimizar a Perda Total
max retalho: 5
(0)(1000)	29.00	(332)3	4.00	0	
(1)(1100)	20.00	(186)5	(165)1	5.00	0	
(2)(1100)	20.00	(188)1	(153)4	(155)1	(144)1	1.00	0	
(3)(1100)	17.00	(165)3	(121)5	0.00	0	
(4)(1100)	13.00	(176)1	(132)7	0.00	0	
(5)(1100)	12.00	(165)4	(144)3	8.00	0	
(6)(1100)	9.00	(188)5	(155)1	5.00	0	
(7)(1100)	4.00	(155)7	15.00	0	
(8)(1100)	3.00	(188)2	(144)5	4.00	0	
(10)(1000)	7.00	(188)3	(144)3	4.00	0	
max retalho: 5
(1)(1100)	1.00	(188)1	(165)1	(144)2	(121)1	(332)1	6.00	0	
max retalho: 5
(0)(1000)	1.00	(186)3	(153)1	(144)2	1.00	0	
(6)(1000)	1.00	(186)1	(176)1	(155)1	(144)1	(332)1	7.00	0	
max retalho: 5
(1)(422)	1.00	(186)1	(176)1	60.00	0	
Sobra Total: 0.00
Perda Total: 551.00

Total Barras Cortadas:
Barra (1000) : 38
Barra (1100) : 99
Barra (431) : 0
Barra (269) : 0
Barra (422) : 1

Retalhos Gerados:
