
Saida Arquivo/Entrada/Class2/D2d6.txt

Minimizar a Perda Total
max retalho: 5
(0)(1100)	29.00	(122)1	(321)3	15.00	0	
(1)(1100)	18.00	(310)1	(100)2	(298)1	(287)1	5.00	0	
(2)(1100)	15.00	(122)1	(310)3	48.00	0	
(3)(1100)	12.00	(110)1	(298)3	(89)1	7.00	0	
(4)(1000)	9.00	(110)1	(310)1	(287)2	6.00	0	
(5)(1100)	6.00	(99)2	(298)3	8.00	0	
(6)(1100)	6.00	(122)1	(319)3	21.00	0	
(7)(1100)	6.00	(122)3	(110)1	(310)2	4.00	0	
(8)(1100)	5.00	(110)10	0.00	0	
(9)(1100)	1.00	(310)2	(298)1	(89)2	4.00	0	
(10)(1000)	2.00	(100)1	(298)3	6.00	0	
max retalho: 5
(1)(1100)	1.00	(319)1	(99)1	(310)1	(287)1	85.00	0	
max retalho: 5
(1)(1000)	1.00	(110)6	(321)1	19.00	0	
Sobra Total: 0.00
Perda Total: 1701.00

Total Barras Cortadas:
Barra (1000) : 12
Barra (1100) : 99
Barra (406) : 0
Barra (259) : 0
Barra (407) : 0

Retalhos Gerados:
