
Saida Arquivo/Entrada/Class2/D2d5.txt

Minimizar a Perda Total
max retalho: 5
(0)(1000)	37.00	(187)3	(164)1	(143)1	(131)1	1.00	0	
(1)(1100)	21.00	(196)5	120.00	0	
(2)(1100)	16.00	(154)7	22.00	0	
(3)(1100)	16.00	(175)6	50.00	0	
(4)(1100)	12.00	(166)6	104.00	0	
(5)(1100)	11.00	(198)5	110.00	0	
(6)(1100)	9.00	(143)7	99.00	0	
(7)(1100)	5.00	(208)5	60.00	0	
(8)(1100)	5.00	(131)8	52.00	0	
(9)(1100)	3.00	(164)6	116.00	0	
(10)(1000)	9.00	(198)1	(164)3	(166)1	(143)1	1.00	0	
max retalho: 5
(0)(1000)	1.00	(208)4	(164)1	4.00	0	
(3)(1100)	1.00	(196)2	(198)1	(175)1	(164)2	7.00	0	
max retalho: 5
(1)(1100)	1.00	(187)1	(154)2	(143)4	33.00	0	
max retalho: 5
(0)(1000)	1.00	(187)1	(164)1	(131)1	0	518	
Sobra Total: 518.00
Perda Total: 8019.00

Total Barras Cortadas:
Barra (1000) : 48
Barra (1100) : 100
Barra (274) : 0
Barra (439) : 0
Barra (275) : 0

Retalhos Gerados:
Retalho (518) : 1
