
Saida Arquivo/Entrada/Class2/D2d10.txt

Minimizar a Perda Total
max retalho: 5
(0)(1100)	27.00	(118)1	(318)1	(96)1	(284)2	0.00	0	
(1)(1100)	27.00	(96)1	(306)3	(86)1	0.00	0	
(2)(1100)	17.00	(118)1	(97)1	(295)3	0.00	0	
(3)(1000)	12.00	(318)1	(306)1	(86)1	(284)1	6.00	0	
(4)(1100)	11.00	(118)3	(107)1	(318)2	3.00	0	
(5)(1100)	9.00	(316)2	(295)1	(86)2	1.00	0	
(6)(1100)	4.00	(118)1	(318)3	28.00	0	
(7)(1100)	2.00	(118)1	(318)2	(86)4	2.00	0	
(8)(1000)	2.00	(318)2	(96)2	(86)2	0.00	0	
(9)(1100)	1.00	(318)1	(97)8	6.00	0	
(10)(1000)	1.00	(118)6	(97)3	1.00	0	
max retalho: 5
(0)(1100)	1.00	(118)1	(96)1	(97)3	(295)2	5.00	0	
max retalho: 5
(2)(1000)	1.00	(118)1	(97)4	(86)3	236.00	0	
Sobra Total: 0.00
Perda Total: 478.00

Total Barras Cortadas:
Barra (1000) : 16
Barra (1100) : 99
Barra (403) : 0
Barra (255) : 0
Barra (404) : 0

Retalhos Gerados:
