
Saida Arquivo/Entrada/Class2/D2d20.txt

Minimizar a Perda Total
max retalho: 5
(0)(1100)	20.00	(158)6	(149)1	3.00	0	
(1)(1100)	18.00	(191)5	(137)1	8.00	0	
(2)(1100)	13.00	(202)1	(149)6	4.00	0	
(3)(1100)	13.00	(180)3	(149)1	(137)3	0.00	0	
(4)(1100)	9.00	(137)8	4.00	0	
(5)(1100)	8.00	(202)3	(170)2	(149)1	5.00	0	
(6)(1100)	4.00	(180)3	(181)1	(126)3	1.00	0	
(7)(1100)	2.00	(180)2	(147)3	(149)2	1.00	0	
(8)(1100)	1.00	(181)6	14.00	0	
max retalho: 5
(0)(1100)	1.00	(181)2	(158)1	(147)3	(137)1	2.00	0	
max retalho: 5
(0)(1100)	1.00	(181)3	(158)1	0	399	
Sobra Total: 399.00
Perda Total: 354.00

Total Barras Cortadas:
Barra (1000) : 0
Barra (1100) : 90
Barra (264) : 0
Barra (433) : 0
Barra (255) : 0

Retalhos Gerados:
Retalho (399) : 1
