
Saida Arquivo/Entrada/Class3/D3d13.txt

Minimizar a Perda Total
max retalho: 3
(0)(1100)	14.00	(80)12	(70)2	0.00	0	
(1)(1100)	12.00	(59)15	(38)4	(63)1	0.00	0	
(2)(1100)	11.00	(68)16	(5)1	(7)1	0.00	0	
(3)(1100)	9.00	(73)15	5.00	0	
(4)(1100)	10.00	(38)1	(26)1	(74)14	0.00	0	
(5)(1100)	8.00	(5)1	(63)14	(51)4	(9)1	0.00	0	
(6)(1100)	4.00	(36)1	(38)28	0.00	0	
(7)(1100)	4.00	(51)20	(40)2	0.00	0	
(8)(1100)	4.00	(42)26	8.00	0	
(9)(1100)	4.00	(47)1	(36)29	(9)1	0.00	0	
(10)(1100)	3.00	(40)26	(30)2	0.00	0	
(11)(1100)	2.00	(47)23	(5)2	(9)1	0.00	0	
(12)(1100)	2.00	(74)10	(9)40	0.00	0	
(13)(1100)	2.00	(15)73	5.00	0	
(14)(1100)	2.00	(47)4	(36)2	(30)28	0.00	0	
(15)(1100)	1.00	(26)42	8.00	0	
(16)(1100)	1.00	(59)13	(38)1	(5)2	(19)15	0.00	0	
(20)(1000)	2.00	(80)2	(26)1	(74)11	0.00	0	
max retalho: 3
(1)(1100)	1.00	(38)10	(40)18	0.00	0	
(2)(1100)	1.00	(70)3	(5)170	(19)1	(7)3	0.00	0	
(9)(1100)	1.00	(68)3	(47)1	(73)5	(51)6	(7)1	(9)19	0.00	0	
max retalho: 3
(0)(1100)	1.00	(70)6	(47)14	(7)3	1.00	0	
(1)(1100)	1.00	(80)13	(15)4	0.00	0	
(3)(1000)	1.00	(38)4	(26)8	(73)3	(42)5	(30)7	1.00	0	
(4)(1100)	1.00	(70)1	(47)1	(74)9	(63)5	2.00	0	
max retalho: 3
(0)(1100)	1.00	(70)4	(47)1	(15)13	(74)1	(7)63	63.00	0	
Sobra Total: 0.00
Perda Total: 162.00

Total Barras Cortadas:
Barra (1000) : 3
Barra (1100) : 100
Barra (52) : 0
Barra (267) : 0
Barra (497) : 0

Retalhos Gerados:
