
Saida Arquivo/Entrada/Class3/D3d14.txt

Minimizar a Perda Total
max retalho: 3
(0)(1100)	14.00	(37)1	(27)1	(74)14	0.00	0	
(1)(1100)	13.00	(67)12	(37)8	0.00	0	
(2)(1100)	10.00	(33)1	(23)1	(12)2	(60)17	0.00	0	
(3)(1100)	8.00	(44)25	0.00	0	
(4)(1100)	8.00	(69)14	(6)10	(74)1	0.00	0	
(5)(1100)	8.00	(65)16	(48)1	(6)2	0.00	0	
(6)(1100)	6.00	(39)28	8.00	0	
(7)(1100)	5.00	(23)1	(12)2	(81)13	0.00	0	
(8)(1100)	4.00	(23)1	(60)4	(27)31	0.00	0	
(9)(1100)	4.00	(33)33	11.00	0	
(10)(1100)	3.00	(77)13	(12)1	(60)1	(27)1	0.00	0	
(11)(1100)	2.00	(44)1	(48)22	0.00	0	
(12)(1100)	1.00	(23)2	(12)1	(37)28	(6)1	0.00	0	
(13)(1100)	1.00	(23)1	(12)1	(71)15	0.00	0	
(14)(1100)	1.00	(56)9	(34)17	(6)3	0.00	0	
(15)(1100)	1.00	(67)1	(71)12	(37)1	(16)9	0.00	0	
(19)(1100)	2.00	(23)40	(60)3	0.00	0	
max retalho: 3
(0)(1100)	1.00	(77)11	(48)5	(6)2	1.00	0	
(1)(1100)	1.00	(23)2	(81)8	(27)15	1.00	0	
(3)(1100)	1.00	(33)2	(23)3	(69)7	(60)8	2.00	0	
(6)(1100)	1.00	(65)6	(23)23	(6)30	1.00	0	
(9)(1100)	1.00	(44)14	(71)4	(39)5	5.00	0	
max retalho: 3
(1)(1100)	1.00	(37)21	(27)1	(74)4	0.00	0	
(2)(1100)	1.00	(56)3	(33)5	(34)1	(12)13	(48)12	1.00	0	
max retalho: 3
(2)(1100)	1.00	(33)3	(23)5	(71)5	(37)1	(27)10	(74)3	2.00	0	
max retalho: 3
(3)(1000)	1.00	(33)15	(71)2	(48)1	(74)4	19.00	0	
Sobra Total: 0.00
Perda Total: 124.00

Total Barras Cortadas:
Barra (1000) : 1
Barra (1100) : 99
Barra (125) : 0
Barra (353) : 0
Barra (113) : 0

Retalhos Gerados:
