
Saida Arquivo/Entrada/Class3/D3d8.txt

Minimizar a Perda Total
max retalho: 3
(0)(1100)	11.00	(45)17	(23)1	(24)13	0.00	0	
(1)(1100)	10.00	(78)14	8.00	0	
(2)(1100)	11.00	(24)1	(82)1	(71)14	0.00	0	
(3)(1100)	9.00	(23)1	(24)2	(49)21	0.00	0	
(4)(1100)	8.00	(71)8	(38)14	0.00	0	
(5)(1100)	8.00	(61)18	2.00	0	
(6)(1100)	8.00	(9)3	(57)18	(34)1	(13)1	0.00	0	
(7)(1100)	6.00	(66)3	(59)14	(38)2	0.00	0	
(8)(1100)	4.00	(55)20	0.00	0	
(9)(1100)	4.00	(30)36	(20)1	0.00	0	
(10)(1100)	3.00	(30)3	(23)4	(27)34	0.00	0	
(11)(1100)	2.00	(30)6	(23)40	0.00	0	
(12)(1100)	2.00	(32)11	(34)22	0.00	0	
(13)(1100)	2.00	(34)1	(82)13	0.00	0	
(14)(1100)	2.00	(13)84	8.00	0	
(15)(1100)	2.00	(30)2	(45)22	(23)1	(27)1	0.00	0	
(16)(1100)	1.00	(9)122	2.00	0	
(17)(1100)	1.00	(20)34	(66)1	(59)6	0.00	0	
(20)(1000)	6.00	(9)2	(59)16	(38)1	0.00	0	
max retalho: 3
(1)(1100)	1.00	(30)11	(55)14	0.00	0	
(2)(1100)	1.00	(32)10	(78)10	0.00	0	
(4)(1100)	1.00	(9)24	(13)41	(49)6	(27)2	3.00	0	
(9)(1100)	1.00	(9)1	(23)31	(82)3	(71)1	(59)1	2.00	0	
max retalho: 3
(1)(1000)	1.00	(20)2	(78)2	(66)3	(55)1	(45)5	(23)1	(24)7	(27)5	0.00	0	
max retalho: 3
(2)(1100)	1.00	(32)12	(34)7	(24)2	(61)7	3.00	0	
max retalho: 3
(0)(1100)	1.00	(34)9	(82)5	(38)8	(27)2	26.00	0	
Sobra Total: 0.00
Perda Total: 148.00

Total Barras Cortadas:
Barra (1000) : 7
Barra (1100) : 100
Barra (72) : 0
Barra (301) : 0
Barra (74) : 0

Retalhos Gerados:
