
Saida Arquivo/Entrada/Class3/D3d12.txt

Minimizar a Perda Total
max retalho: 3
(0)(1100)	18.00	(83)10	(45)6	0.00	0	
(1)(1100)	10.00	(73)15	5.00	0	
(2)(1100)	9.00	(51)20	(29)1	(8)1	(43)1	0.00	0	
(3)(1100)	8.00	(29)1	(7)1	(8)1	(66)16	0.00	0	
(4)(1100)	7.00	(62)14	(66)3	(34)1	0.00	0	
(5)(1100)	6.00	(39)1	(7)1	(34)31	0.00	0	
(6)(1100)	4.00	(29)32	(43)4	0.00	0	
(7)(1100)	4.00	(41)12	(76)8	0.00	0	
(8)(1100)	3.00	(22)50	0.00	0	
(9)(1100)	2.00	(18)61	2.00	0	
(10)(1100)	2.00	(72)12	(45)5	(11)1	0.00	0	
(11)(1100)	2.00	(39)28	8.00	0	
(12)(1100)	1.00	(7)1	(8)3	(45)23	(34)1	0.00	0	
(13)(1100)	1.00	(8)137	4.00	0	
(14)(1100)	1.00	(78)14	8.00	0	
(15)(1100)	1.00	(55)20	0.00	0	
max retalho: 3
(0)(1100)	1.00	(18)42	(43)8	0.00	0	
(1)(1100)	1.00	(29)30	(18)8	(43)2	0.00	0	
(2)(1100)	1.00	(18)2	(8)1	(22)47	(11)2	0.00	0	
(3)(1100)	1.00	(83)4	(7)53	(66)6	1.00	0	
(4)(1100)	1.00	(72)6	(76)4	(11)33	1.00	0	
(9)(1100)	1.00	(51)6	(39)9	(41)5	(34)7	0.00	0	
max retalho: 3
(0)(1100)	1.00	(83)1	(41)2	(7)6	(8)16	(45)17	0.00	0	
(2)(1100)	1.00	(8)44	(76)2	(78)1	(43)12	2.00	0	
max retalho: 3
(0)(1100)	1.00	(73)6	(62)8	(39)1	(7)1	(8)5	(11)7	3.00	0	
max retalho: 3
(0)(285)	1.00	(73)2	(62)1	77.00	0	
Sobra Total: 0.00
Perda Total: 166.00

Total Barras Cortadas:
Barra (1000) : 0
Barra (1100) : 88
Barra (56) : 0
Barra (285) : 1
Barra (58) : 0

Retalhos Gerados:
