
Saida Arquivo/Entrada/Class3/D3d6.txt

Minimizar a Perda Total
max retalho: 3
(0)(1100)	12.00	(76)5	(71)1	(59)11	0.00	0	
(1)(1000)	11.00	(65)1	(69)13	(38)1	0.00	0	
(2)(1100)	10.00	(73)15	5.00	0	
(3)(1100)	9.00	(66)11	(48)7	(38)1	0.00	0	
(4)(1000)	9.00	(65)8	(80)6	0.00	0	
(5)(1100)	9.00	(76)14	(36)1	0.00	0	
(6)(1100)	7.00	(59)1	(48)20	(38)2	(5)1	0.00	0	
(7)(1100)	6.00	(32)11	(34)22	0.00	0	
(8)(1100)	6.00	(34)1	(11)2	(36)29	0.00	0	
(9)(1100)	6.00	(80)13	(5)12	0.00	0	
(10)(1100)	5.00	(55)20	0.00	0	
(11)(1100)	4.00	(22)50	0.00	0	
(12)(1100)	4.00	(44)25	0.00	0	
(13)(1100)	4.00	(71)15	(15)2	(5)1	0.00	0	
(14)(1100)	4.00	(11)1	(36)1	(27)39	0.00	0	
(15)(1100)	2.00	(36)1	(38)28	0.00	0	
(16)(1100)	2.00	(44)1	(32)33	0.00	0	
(17)(1100)	2.00	(15)73	5.00	0	
(18)(1100)	1.00	(11)100	0.00	0	
(20)(1000)	2.00	(80)12	(38)1	2.00	0	
max retalho: 3
(0)(1100)	1.00	(32)13	(38)18	0.00	0	
(1)(1100)	1.00	(34)13	(80)8	(15)1	3.00	0	
(2)(1000)	1.00	(55)10	(32)1	(11)38	0.00	0	
(4)(1100)	1.00	(32)1	(71)2	(48)1	(15)5	(73)11	0.00	0	
(7)(1100)	1.00	(76)2	(66)6	(22)18	(11)14	2.00	0	
(15)(1100)	1.00	(59)2	(36)27	(5)2	0.00	0	
max retalho: 3
(0)(1000)	1.00	(65)4	(32)9	(34)6	(11)5	(69)1	(59)1	(15)4	(5)1	0.00	0	
max retalho: 3
(2)(1100)	1.00	(44)9	(34)1	(69)5	(27)12	1.00	0	
max retalho: 3
(0)(1100)	1.00	(48)16	(38)2	(27)6	94.00	0	
Sobra Total: 0.00
Perda Total: 164.00

Total Barras Cortadas:
Barra (1000) : 24
Barra (1100) : 100
Barra (124) : 0
Barra (352) : 0
Barra (112) : 0

Retalhos Gerados:
