
Saida Arquivo/Entrada/Class3/D3d7.txt

Minimizar a Perda Total
max retalho: 3
(0)(1100)	11.00	(58)18	(16)1	(5)8	0.00	0	
(1)(1100)	9.00	(23)8	(60)15	(16)1	0.00	0	
(2)(1100)	8.00	(58)1	(5)1	(74)14	1.00	0	
(3)(1100)	7.00	(77)1	(49)20	(27)1	(16)1	0.00	0	
(4)(1100)	8.00	(66)16	(12)1	(16)2	0.00	0	
(5)(1100)	6.00	(67)12	(37)8	0.00	0	
(6)(1100)	7.00	(67)16	(23)1	(5)1	0.00	0	
(7)(1100)	6.00	(23)1	(60)4	(27)31	0.00	0	
(8)(1100)	6.00	(70)15	(5)10	0.00	0	
(9)(1100)	5.00	(44)25	0.00	0	
(10)(1100)	5.00	(33)31	(12)6	(5)1	0.00	0	
(11)(1100)	4.00	(26)42	8.00	0	
(12)(1000)	4.00	(66)1	(12)2	(70)13	0.00	0	
(13)(1100)	4.00	(77)14	(12)1	(5)2	0.00	0	
(14)(1100)	2.00	(35)31	(5)3	0.00	0	
(15)(1100)	2.00	(56)19	(12)3	0.00	0	
(16)(1100)	1.00	(33)2	(16)64	(5)2	0.00	0	
(17)(1100)	1.00	(81)7	(5)3	(74)7	0.00	0	
max retalho: 3
(1)(1100)	1.00	(12)38	(58)2	(16)33	0.00	0	
(2)(1100)	1.00	(67)1	(44)2	(35)27	0.00	0	
(4)(1100)	1.00	(33)1	(26)40	(27)1	0.00	0	
(5)(1100)	1.00	(56)4	(60)9	(27)8	(5)24	0.00	0	
max retalho: 3
(1)(1100)	1.00	(66)1	(67)3	(58)13	(74)1	5.00	0	
(4)(1100)	1.00	(56)7	(44)7	(70)2	(37)7	1.00	0	
max retalho: 3
(1)(1100)	1.00	(44)5	(23)1	(49)9	(16)26	0.00	0	
max retalho: 3
(4)(1100)	1.00	(67)2	(44)3	(58)1	(49)7	(27)14	55.00	0	
max retalho: 3
(0)(1000)	1.00	(67)1	0	933	
Sobra Total: 933.00
Perda Total: 101.00

Total Barras Cortadas:
Barra (1000) : 5
Barra (1100) : 100
Barra (125) : 0
Barra (353) : 0
Barra (112) : 0

Retalhos Gerados:
Retalho (933) : 1
