
Saida Arquivo/Entrada/Class3/D3d15.txt

Minimizar a Perda Total
max retalho: 3
(0)(1100)	12.00	(82)1	(59)17	(5)3	0.00	0	
(1)(1100)	11.00	(66)15	(13)1	(59)1	(38)1	0.00	0	
(2)(1100)	12.00	(24)1	(70)15	(26)1	0.00	0	
(3)(1100)	11.00	(57)15	(35)7	0.00	0	
(4)(1100)	11.00	(78)14	8.00	0	
(5)(1100)	7.00	(24)1	(82)13	(5)2	0.00	0	
(6)(1100)	5.00	(34)31	(26)1	(5)4	0.00	0	
(7)(1100)	4.00	(26)42	8.00	0	
(8)(1100)	4.00	(57)1	(35)1	(24)42	0.00	0	
(9)(1100)	3.00	(35)31	(5)3	0.00	0	
(10)(1100)	1.00	(13)84	8.00	0	
(11)(1100)	1.00	(68)13	(45)4	(17)2	2.00	0	
(14)(1100)	1.00	(61)5	(49)9	(28)9	(17)6	0.00	0	
(19)(1100)	9.00	(38)1	(26)1	(74)14	0.00	0	
max retalho: 3
(0)(1100)	1.00	(66)14	(26)6	(5)4	0.00	0	
(1)(1100)	1.00	(82)4	(59)13	5.00	0	
(2)(1100)	1.00	(13)37	(49)1	(38)15	0.00	0	
(4)(1100)	1.00	(78)1	(35)3	(82)5	(70)3	(17)16	(5)5	0.00	0	
max retalho: 3
(0)(1100)	1.00	(57)7	(45)14	(17)3	(5)4	0.00	0	
(1)(1100)	1.00	(24)10	(13)15	(82)1	(38)3	(26)7	(5)57	2.00	0	
max retalho: 3
(2)(1000)	1.00	(57)4	(34)13	(5)25	205.00	0	
Sobra Total: 0.00
Perda Total: 342.00

Total Barras Cortadas:
Barra (1000) : 1
Barra (1100) : 98
Barra (126) : 0
Barra (354) : 0
Barra (114) : 0

Retalhos Gerados:
