
Saida Arquivo/Entrada/Class3/D3d18.txt

Minimizar a Perda Total
max retalho: 3
(0)(1100)	13.00	(65)16	60.00	0	
(1)(1100)	10.00	(80)13	60.00	0	
(2)(1100)	10.00	(83)13	21.00	0	
(3)(1100)	9.00	(46)23	42.00	0	
(4)(1100)	8.00	(53)20	40.00	0	
(5)(1100)	6.00	(58)18	56.00	0	
(6)(1100)	5.00	(36)30	20.00	0	
(7)(1100)	5.00	(76)14	36.00	0	
(8)(1100)	5.00	(44)25	0.00	0	
(9)(1100)	5.00	(55)20	0.00	0	
(10)(1100)	4.00	(65)1	(80)1	(69)13	(58)1	0.00	0	
(11)(1100)	3.00	(79)12	(69)2	(14)1	0.00	0	
(12)(1100)	3.00	(32)34	12.00	0	
(13)(1100)	3.00	(48)22	44.00	0	
(14)(1100)	1.00	(23)47	19.00	0	
(15)(1100)	1.00	(14)78	8.00	0	
(16)(1100)	1.00	(21)15	(11)5	(25)22	(15)12	0.00	0	
max retalho: 3
(0)(1100)	1.00	(79)6	(69)9	5.00	0	
(2)(1100)	1.00	(65)5	(32)1	(23)1	(80)9	0.00	0	
(3)(1100)	1.00	(55)7	(23)5	(58)4	(46)8	0.00	0	
(4)(1100)	1.00	(76)1	(53)7	(44)12	(48)2	(14)2	1.00	0	
(16)(1000)	1.00	(76)12	(65)1	(23)1	0.00	0	
max retalho: 3
(0)(1100)	1.00	(32)1	(79)2	(58)3	(36)20	(15)1	1.00	0	
(8)(1100)	1.00	(65)6	(23)29	(36)1	7.00	0	
max retalho: 3
(0)(1100)	1.00	(44)8	(32)9	(21)3	(23)3	(48)1	(36)7	(25)1	3.00	0	
max retalho: 3
(3)(363)	1.00	(44)2	(32)2	(36)1	(15)2	145.00	0	
Sobra Total: 0.00
Perda Total: 3261.00

Total Barras Cortadas:
Barra (1000) : 1
Barra (1100) : 99
Barra (135) : 0
Barra (363) : 1
Barra (137) : 0

Retalhos Gerados:
