
Saida Arquivo/Entrada/Class3/D3d5.txt

Minimizar a Perda Total
max retalho: 3
(0)(1100)	18.00	(70)12	(74)1	(62)3	0.00	0	
(1)(1100)	14.00	(47)4	(72)11	(30)4	0.00	0	
(2)(1100)	12.00	(74)14	(41)1	(7)2	(9)1	0.00	0	
(3)(1100)	7.00	(68)15	(39)1	(41)1	0.00	0	
(4)(1100)	6.00	(79)11	(74)3	(9)1	0.00	0	
(5)(1100)	6.00	(47)22	(26)2	(14)1	0.00	0	
(6)(1100)	4.00	(39)28	8.00	0	
(7)(1100)	3.00	(68)1	(35)28	(26)2	0.00	0	
(8)(1100)	2.00	(26)42	8.00	0	
(9)(1100)	2.00	(18)61	2.00	0	
(10)(1100)	2.00	(37)29	(18)1	(9)1	0.00	0	
(11)(1100)	2.00	(58)18	(47)1	(9)1	0.00	0	
(12)(1100)	3.00	(35)1	(83)12	(51)1	(18)1	0.00	0	
(13)(1100)	1.00	(37)1	(51)20	(7)1	(9)4	0.00	0	
max retalho: 3
(0)(1100)	1.00	(37)12	(41)16	0.00	0	
(1)(1100)	1.00	(58)4	(35)10	(14)1	(72)7	0.00	0	
(2)(1100)	1.00	(14)1	(39)8	(18)43	0.00	0	
(4)(1100)	1.00	(68)8	(37)1	(74)7	1.00	0	
(5)(1100)	1.00	(37)1	(26)37	(83)1	(18)1	0.00	0	
max retalho: 3
(0)(1100)	1.00	(58)2	(14)34	(39)13	1.00	0	
(1)(1100)	1.00	(58)1	(47)2	(35)5	(37)6	(74)1	(62)1	(51)3	(41)1	(30)1	(18)1	(9)19	2.00	0	
max retalho: 3
(0)(1100)	1.00	(79)7	(58)2	(14)2	(39)1	(30)11	(7)1	(9)1	18.00	0	
max retalho: 3
(0)(1100)	1.00	(79)3	0	863	
Sobra Total: 863.00
Perda Total: 74.00

Total Barras Cortadas:
Barra (1000) : 0
Barra (1100) : 91
Barra (55) : 0
Barra (269) : 0
Barra (497) : 0

Retalhos Gerados:
Retalho (863) : 1
