
Saida Arquivo/Entrada/Class3/D3d19.txt

Minimizar a Perda Total
max retalho: 3
(0)(1100)	16.00	(77)13	(54)1	(45)1	0.00	0	
(1)(1100)	16.00	(75)10	(70)5	0.00	0	
(2)(1100)	7.00	(43)25	(10)1	(15)1	0.00	0	
(3)(1100)	7.00	(81)13	(47)1	0.00	0	
(4)(1100)	6.00	(66)1	(43)1	(81)1	(70)13	0.00	0	
(5)(1100)	4.00	(26)42	8.00	0	
(6)(1100)	4.00	(54)2	(45)21	(47)1	0.00	0	
(7)(1100)	4.00	(54)20	(10)2	0.00	0	
(8)(1100)	3.00	(75)1	(81)1	(58)16	(16)1	0.00	0	
(9)(1100)	3.00	(77)1	(45)1	(47)1	(49)19	0.00	0	
(10)(1100)	3.00	(12)5	(80)13	0.00	0	
(11)(1100)	2.00	(43)2	(37)27	(15)1	0.00	0	
(12)(1100)	1.00	(15)73	5.00	0	
(13)(1100)	1.00	(10)110	0.00	0	
(14)(1100)	1.00	(12)1	(16)68	0.00	0	
(15)(1100)	1.00	(33)2	(47)22	0.00	0	
(16)(1100)	1.00	(33)33	11.00	0	
(17)(1100)	1.00	(22)50	0.00	0	
(19)(1100)	11.00	(66)16	(12)1	(16)2	0.00	0	
max retalho: 3
(0)(1100)	1.00	(58)10	(26)20	0.00	0	
(1)(1100)	1.00	(43)2	(33)8	(15)50	0.00	0	
(2)(1100)	1.00	(54)1	(43)13	(81)6	1.00	0	
(4)(1100)	1.00	(75)1	(49)10	(37)14	(16)1	1.00	0	
(11)(1100)	1.00	(80)2	(58)2	(47)7	(15)1	(16)30	0.00	0	
max retalho: 3
(0)(1100)	1.00	(77)5	(66)2	(45)3	(22)2	(12)12	(26)7	(15)2	(16)3	0.00	0	
max retalho: 3
(1)(1100)	1.00	(43)7	(10)36	(12)1	(70)6	7.00	0	
max retalho: 3
(1)(1000)	1.00	(77)1	(10)32	0	603	
Sobra Total: 603.00
Perda Total: 57.00

Total Barras Cortadas:
Barra (1000) : 1
Barra (1100) : 99
Barra (62) : 0
Barra (277) : 0
Barra (50) : 0

Retalhos Gerados:
Retalho (603) : 1
