
Saida Arquivo/Entrada/D1d18.txt

Minimizar a Perda Total
max retalho: 3
(0)(1000)	31.00	(79)11	(69)1	(48)1	(14)1	0.00	0	
(1)(1100)	23.00	(58)18	(14)4	0.00	0	
(2)(1100)	21.00	(80)13	(46)1	(14)1	0.00	0	
(3)(1100)	17.00	(46)2	(48)21	0.00	0	
(4)(1100)	16.00	(79)5	(69)10	(15)1	0.00	0	
(5)(1100)	14.00	(36)29	(14)4	0.00	0	
(6)(63)	8.00	(48)1	(15)1	0.00	0	
(7)(51)	8.00	(36)1	(15)1	0.00	0	
(8)(277)	3.00	(36)7	(25)1	0.00	0	
(9)(1100)	2.00	(36)1	(14)76	0.00	0	
(10)(1000)	2.00	(25)1	(15)65	0.00	0	
(11)(1100)	2.00	(46)23	(14)3	0.00	0	
(12)(1100)	2.00	(25)44	0.00	0	
(13)(1100)	1.00	(79)13	(14)2	(15)3	0.00	0	
max retalho: 3
(1)(1000)	1.00	(69)4	(36)7	(25)4	(14)3	(15)22	0.00	0	
(4)(1000)	1.00	(46)11	(48)3	(14)25	0.00	0	
max retalho: 3
(0)(1100)	1.00	(79)5	(58)7	(14)18	(15)3	2.00	0	
max retalho: 3
(1)(1000)	1.00	(79)1	(14)13	0	739	
Sobra Total: 739.00
Perda Total: 2.00

Total Barras Cortadas:
Barra (1000) : 36
Barra (1100) : 99
Barra (63) : 8
Barra (277) : 3
Barra (51) : 8

Retalhos Gerados:
Retalho (739) : 1
