
Saida Arquivo/Entrada/D1d19.txt

Minimizar a Perda Total
max retalho: 3
(0)(1100)	27.00	(71)12	(62)4	0.00	0	
(1)(1100)	19.00	(50)22	0.00	0	
(2)(1000)	14.00	(62)15	(41)1	(29)1	0.00	0	
(3)(1100)	13.00	(39)27	(29)1	(6)3	0.00	0	
(4)(1100)	9.00	(73)14	(6)13	0.00	0	
(5)(1100)	8.00	(83)2	(29)32	(6)1	0.00	0	
(6)(1100)	8.00	(41)24	(29)4	0.00	0	
(7)(281)	8.00	(41)5	(29)2	(18)1	0.00	0	
(8)(1100)	7.00	(83)12	(39)1	(41)1	(6)4	0.00	0	
(9)(1100)	6.00	(73)14	(39)2	0.00	0	
(10)(1000)	4.00	(71)6	(41)14	0.00	0	
(11)(56)	3.00	(50)1	(6)1	0.00	0	
(12)(54)	2.00	(18)3	0.00	0	
(13)(54)	1.00	(6)9	0.00	0	
max retalho: 3
(1)(1100)	1.00	(71)12	(50)1	(41)2	(29)4	0.00	0	
(3)(1100)	1.00	(73)10	(39)8	(29)2	0.00	0	
max retalho: 3
(0)(1000)	1.00	(73)1	(41)9	(29)18	(6)6	0.00	0	
max retalho: 3
(0)(1100)	1.00	(71)3	(73)1	(62)9	(29)7	(6)2	41.00	0	
Sobra Total: 0.00
Perda Total: 41.00

Total Barras Cortadas:
Barra (1000) : 19
Barra (1100) : 100
Barra (54) : 3
Barra (281) : 8
Barra (56) : 3

Retalhos Gerados:
