
Saida Arquivo/Entrada/D1d16.txt

Minimizar a Perda Total
max retalho: 3
(0)(1100)	20.00	(82)12	(51)2	(7)2	0.00	0	
(1)(1100)	19.00	(51)20	(40)2	0.00	0	
(2)(1100)	19.00	(72)2	(40)22	(19)4	0.00	0	
(3)(1100)	9.00	(61)17	(7)9	0.00	0	
(4)(1100)	8.00	(49)20	(40)3	0.00	0	
(5)(1100)	7.00	(28)38	(17)1	(19)1	0.00	0	
(6)(1100)	4.00	(17)1	(19)57	0.00	0	
(7)(1100)	4.00	(72)14	(28)1	(19)3	(7)1	0.00	0	
max retalho: 3
(0)(1100)	1.00	(49)18	(51)4	(7)2	0.00	0	
(1)(1100)	1.00	(40)4	(17)6	(19)43	(7)3	0.00	0	
(2)(1100)	1.00	(82)4	(51)14	(17)3	(7)1	0.00	0	
max retalho: 3
(0)(1100)	1.00	(72)5	(61)2	(49)1	(51)1	(40)7	(7)34	0.00	0	
max retalho: 3
(0)(265)	1.00	(72)2	(61)1	(28)2	4.00	0	
(1)(50)	1.00	(40)1	10.00	0	
max retalho: 3
(0)(265)	1.00	(72)1	193.00	0	
Sobra Total: 0.00
Perda Total: 207.00

Total Barras Cortadas:
Barra (1000) : 0
Barra (1100) : 94
Barra (50) : 1
Barra (265) : 2
Barra (495) : 0

Retalhos Gerados:
