
Saida Arquivo/Entrada/D1d17.txt

Minimizar a Perda Total
max retalho: 3
(0)(1100)	25.00	(75)14	(10)5	0.00	0	
(1)(1100)	18.00	(44)25	0.00	0	
(2)(1100)	14.00	(76)13	(32)1	(10)8	0.00	0	
(3)(1100)	11.00	(65)16	(10)6	0.00	0	
(4)(1100)	10.00	(42)25	(10)5	0.00	0	
(5)(1100)	6.00	(21)50	(10)5	0.00	0	
(6)(1100)	3.00	(53)20	(10)4	0.00	0	
(7)(1100)	3.00	(44)1	(32)33	0.00	0	
(8)(1100)	1.00	(11)100	0.00	0	
(9)(1100)	1.00	(75)1	(76)11	(42)4	(21)1	0.00	0	
max retalho: 3
(0)(1100)	1.00	(75)8	(76)6	(11)4	0.00	0	
(1)(1100)	1.00	(42)5	(10)1	(11)80	0.00	0	
(4)(1100)	1.00	(53)8	(32)18	(10)10	0.00	0	
max retalho: 3
(0)(1100)	1.00	(65)2	(42)19	(44)3	(10)4	0.00	0	
max retalho: 3
(0)(1100)	1.00	(75)3	(76)1	(65)6	(44)4	(21)10	(11)2	1.00	0	
max retalho: 3
(0)(54)	2.00	(53)1	1.00	0	
(2)(54)	1.00	(44)1	10.00	0	
max retalho: 3
(0)(270)	1.00	(53)2	(44)1	120.00	0	
Sobra Total: 0.00
Perda Total: 133.00

Total Barras Cortadas:
Barra (1000) : 0
Barra (1100) : 97
Barra (54) : 3
Barra (270) : 1
Barra (42) : 0

Retalhos Gerados:
