
Saida Arquivo/Entrada/D1d13.txt

Minimizar a Perda Total
max retalho: 3
(0)(1100)	25.00	(63)16	(42)1	(31)1	(19)1	0.00	0	
(1)(1100)	21.00	(74)14	(19)1	(9)5	0.00	0	
(2)(1100)	19.00	(53)20	(19)1	(21)1	0.00	0	
(3)(117)	9.00	(9)13	0.00	0	
(4)(1100)	6.00	(31)3	(19)53	0.00	0	
(5)(1100)	5.00	(52)5	(21)40	0.00	0	
(6)(1100)	4.00	(52)5	(42)20	0.00	0	
(7)(1100)	3.00	(74)3	(9)1	(79)11	0.00	0	
(10)(344)	4.00	(19)17	(21)1	0.00	0	
max retalho: 3
(0)(1100)	1.00	(74)3	(31)1	(19)1	(21)39	(9)1	0.00	0	
(1)(1100)	1.00	(52)13	(19)1	(9)45	0.00	0	
(3)(1100)	1.00	(63)2	(42)12	(19)3	(9)2	(79)5	0.00	0	
max retalho: 3
(0)(1100)	1.00	(74)4	(63)3	(31)9	(19)12	(9)12	0.00	0	
max retalho: 3
(0)(129)	1.00	(74)1	(31)1	(19)1	5.00	0	
(1)(129)	1.00	(31)1	(19)5	3.00	0	
max retalho: 3
(0)(129)	1.00	(19)4	53.00	0	
Sobra Total: 0.00
Perda Total: 61.00

Total Barras Cortadas:
Barra (1000) : 0
Barra (1100) : 87
Barra (129) : 3
Barra (344) : 4
Barra (117) : 9

Retalhos Gerados:
