
Saida Arquivo/Entrada/D1d1.txt

Minimizar a Perda Total
max retalho: 0
(0)(1100)	18.00	(70)14	(60)2	0.00	0	
(1)(1100)	16.00	(37)28	(16)4	0.00	0	
(2)(1100)	10.00	(60)7	(27)25	(5)1	0.00	0	
(3)(1100)	9.00	(70)2	(58)16	(16)2	0.00	0	
(4)(1100)	8.00	(60)1	(26)40	0.00	0	
(5)(1100)	6.00	(81)13	(26)1	(16)1	(5)1	0.00	0	
(6)(1100)	6.00	(26)6	(16)59	0.00	0	
(7)(277)	4.00	(70)3	(37)1	(5)6	0.00	0	
(8)(492)	4.00	(70)1	(58)7	(16)1	0.00	0	
(9)(1100)	3.00	(60)2	(49)20	0.00	0	
(10)(277)	5.00	(70)2	(27)1	(26)3	(16)2	0.00	0	
(11)(1100)	2.00	(60)17	(16)5	0.00	0	
max retalho: 0
(0)(1100)	1.00	(70)8	(27)20	0.00	0	
(2)(1100)	1.00	(81)5	(60)1	(37)7	(26)4	(16)17	0.00	0	
max retalho: 0
(0)(1100)	1.00	(60)4	(49)13	(37)4	(27)1	(26)1	(16)1	(5)1	1.00	0	
max retalho: 0
(0)(1100)	1.00	(60)1	(49)5	(5)1	0	790	
Sobra Total: 790.00
Perda Total: 1.00

Total Barras Cortadas:
Barra (1000) : 0
Barra (1100) : 82
Barra (47) : 0
Barra (277) : 9
Barra (492) : 4

Retalhos Gerados:
Retalho (790) : 1
