
Saida Arquivo/Entrada/D1d11.txt

Minimizar a Perda Total
max retalho: 3
(0)(1100)	32.00	(81)12	(48)2	(16)2	0.00	0	
(1)(1100)	11.00	(69)14	(60)1	(37)2	0.00	0	
(2)(1100)	10.00	(60)4	(25)2	(27)30	0.00	0	
(3)(1100)	9.00	(69)2	(74)13	0.00	0	
(4)(116)	9.00	(58)2	0.00	0	
(5)(1100)	5.00	(69)2	(48)19	(25)2	0.00	0	
(6)(1100)	4.00	(25)44	0.00	0	
(7)(1100)	3.00	(60)17	(37)1	(27)1	(16)1	0.00	0	
(8)(1100)	1.00	(60)1	(37)23	(27)7	0.00	0	
(9)(1100)	17.00	(81)1	(58)16	(48)1	(27)1	(16)1	0.00	0	
max retalho: 3
(0)(1100)	1.00	(69)4	(60)12	(25)2	(27)2	0.00	0	
(2)(1100)	1.00	(81)4	(58)7	(37)4	(74)3	0.00	0	
(3)(1100)	1.00	(48)9	(37)12	(16)14	0.00	0	
max retalho: 3
(0)(1100)	1.00	(69)6	(58)1	(37)5	(25)8	(27)9	0.00	0	
max retalho: 3
(0)(128)	4.00	(25)5	3.00	0	
(3)(128)	1.00	(48)1	(25)2	(27)1	3.00	0	
max retalho: 3
(0)(354)	1.00	(25)9	129.00	0	
Sobra Total: 0.00
Perda Total: 144.00

Total Barras Cortadas:
Barra (1000) : 0
Barra (1100) : 96
Barra (128) : 5
Barra (354) : 1
Barra (116) : 9

Retalhos Gerados:
