
Saida Arquivo/Entrada/D1d15.txt

Minimizar a Perda Total
max retalho: 3
(0)(1100)	26.00	(43)2	(78)13	0.00	0	
(1)(1100)	13.00	(64)1	(31)32	(22)2	0.00	0	
(2)(1100)	12.00	(75)14	(10)5	0.00	0	
(3)(1100)	12.00	(64)16	(54)1	(22)1	0.00	0	
(4)(1100)	6.00	(22)50	0.00	0	
(5)(1100)	6.00	(53)20	(10)4	0.00	0	
(6)(1100)	4.00	(43)22	(31)4	(20)1	(10)1	0.00	0	
(7)(1100)	3.00	(54)20	(10)2	0.00	0	
(8)(1100)	2.00	(10)110	0.00	0	
(9)(1100)	1.00	(20)55	0.00	0	
(10)(358)	3.00	(53)6	(10)4	0.00	0	
max retalho: 3
(0)(1100)	1.00	(22)30	(10)5	(78)5	0.00	0	
(1)(1100)	1.00	(75)13	(43)1	(22)1	(10)6	0.00	0	
max retalho: 3
(0)(1100)	1.00	(31)30	(20)7	(10)3	0.00	0	
max retalho: 3
(0)(1100)	1.00	(53)1	(43)5	(20)10	(10)32	(78)4	0.00	0	
max retalho: 3
(0)(131)	2.00	(64)2	3.00	0	
(1)(131)	2.00	(54)2	(10)2	3.00	0	
(2)(131)	1.00	(10)13	1.00	0	
(4)(131)	2.00	(53)2	(10)2	5.00	0	
max retalho: 3
(1)(129)	1.00	(64)1	(10)6	5.00	0	
max retalho: 3
(0)(131)	1.00	(10)2	111.00	0	
Sobra Total: 0.00
Perda Total: 139.00

Total Barras Cortadas:
Barra (1000) : 0
Barra (1100) : 89
Barra (129) : 1
Barra (358) : 3
Barra (131) : 8

Retalhos Gerados:
