
Saida Arquivo/Entrada/D1d12.txt

Minimizar a Perda Total
max retalho: 3
(0)(1100)	23.00	(66)15	(45)1	(13)5	0.00	0	
(1)(1100)	18.00	(55)20	0.00	0	
(2)(1100)	15.00	(78)13	(34)1	(13)4	0.00	0	
(3)(1100)	12.00	(57)18	(24)2	(13)2	0.00	0	
(4)(1100)	11.00	(34)1	(82)13	0.00	0	
(5)(348)	9.00	(66)4	(45)1	(13)3	0.00	0	
(6)(1100)	9.00	(57)18	(22)1	(13)4	0.00	0	
(7)(1100)	5.00	(45)23	(13)5	0.00	0	
(8)(1100)	5.00	(45)18	(24)11	(13)2	0.00	0	
(9)(123)	4.00	(45)1	(13)6	0.00	0	
(10)(1000)	5.00	(55)1	(45)21	0.00	0	
(11)(135)	3.00	(57)1	(13)6	0.00	0	
(12)(135)	1.00	(45)1	(34)2	(22)1	0.00	0	
(13)(1100)	1.00	(34)1	(13)82	0.00	0	
max retalho: 3
(3)(1000)	1.00	(66)1	(55)2	(45)7	(24)3	(13)21	(82)2	0.00	0	
max retalho: 3
(1)(135)	1.00	(34)2	(13)5	2.00	0	
max retalho: 3
(0)(1100)	1.00	(45)10	0	650	
Sobra Total: 650.00
Perda Total: 2.00

Total Barras Cortadas:
Barra (1000) : 6
Barra (1100) : 100
Barra (135) : 5
Barra (348) : 9
Barra (123) : 4

Retalhos Gerados:
Retalho (650) : 1
