
Saida Arquivo/Entrada/D1d20.txt

Minimizar a Perda Total
max retalho: 3
(0)(1100)	20.00	(54)20	(10)2	0.00	0	
(1)(1100)	19.00	(77)13	(54)1	(45)1	0.00	0	
(2)(1100)	17.00	(45)24	(10)2	0.00	0	
(3)(1100)	14.00	(77)2	(43)22	0.00	0	
(4)(1100)	14.00	(33)32	(10)2	(12)2	0.00	0	
(5)(56)	8.00	(10)2	(12)3	0.00	0	
(6)(43)	8.00	(33)1	(10)1	0.00	0	
(7)(1100)	5.00	(76)14	(12)3	0.00	0	
(8)(1100)	4.00	(66)16	(10)2	(12)2	0.00	0	
(9)(271)	3.00	(54)1	(43)4	(45)1	0.00	0	
(10)(1000)	20.00	(76)1	(66)14	0.00	0	
(11)(1100)	2.00	(10)2	(12)90	0.00	0	
(12)(1100)	1.00	(66)9	(22)23	0.00	0	
max retalho: 3
(1)(1100)	1.00	(77)1	(45)3	(12)74	0.00	0	
(2)(1100)	1.00	(76)1	(54)2	(43)11	(45)5	(33)6	(10)2	0.00	0	
max retalho: 3
(1)(1100)	1.00	(77)8	(66)2	(10)28	(12)6	0.00	0	
max retalho: 3
(2)(1100)	1.00	(77)4	(45)4	(10)61	2.00	0	
max retalho: 3
(0)(1000)	1.00	(45)8	(10)3	0	610	
Sobra Total: 610.00
Perda Total: 2.00

Total Barras Cortadas:
Barra (1000) : 21
Barra (1100) : 100
Barra (56) : 8
Barra (271) : 3
Barra (43) : 8

Retalhos Gerados:
Retalho (610) : 1
