
Saida Arquivo/Entrada/D1d2.txt

Minimizar a Perda Total
max retalho: 0
(0)(1100)	29.00	(23)1	(24)1	(13)1	(80)13	0.00	0	
(1)(1100)	26.00	(78)13	(34)1	(13)4	0.00	0	
(2)(1100)	17.00	(55)20	0.00	0	
(3)(1100)	16.00	(57)18	(24)2	(13)2	0.00	0	
(4)(1100)	10.00	(34)31	(23)2	0.00	0	
(5)(1000)	8.00	(67)12	(34)5	(13)2	0.00	0	
(6)(361)	7.00	(45)7	(23)2	0.00	0	
(7)(1000)	6.00	(34)1	(23)42	0.00	0	
(8)(1000)	6.00	(45)19	(34)1	(23)2	(13)5	0.00	0	
(9)(133)	2.00	(45)1	(23)1	(13)5	0.00	0	
(11)(135)	2.00	(45)3	0.00	0	
(12)(1000)	1.00	(23)1	(24)38	(13)5	0.00	0	
(13)(1100)	1.00	(34)1	(13)82	0.00	0	
max retalho: 0
(0)(1000)	1.00	(67)6	(23)26	0.00	0	
(1)(1000)	1.00	(78)5	(67)1	(57)1	(34)1	(13)4	(80)5	0.00	0	
(10)(1000)	1.00	(24)33	(13)16	0.00	0	
max retalho: 0
(3)(1000)	1.00	(55)1	(45)6	(34)2	(24)2	(13)43	0.00	0	
max retalho: 0
(4)(1000)	1.00	(67)5	(45)4	(23)1	(24)1	(13)5	0	373	
Sobra Total: 373.00
Perda Total: 0.00

Total Barras Cortadas:
Barra (1000) : 26
Barra (1100) : 99
Barra (133) : 2
Barra (361) : 7
Barra (135) : 2

Retalhos Gerados:
Retalho (373) : 1
