
Saida Arquivo/Entrada/D1d3.txt

Minimizar a Perda Total
max retalho: 0
(0)(1100)	33.00	(75)14	(31)1	(19)1	0.00	0	
(1)(1100)	13.00	(54)20	(10)2	0.00	0	
(2)(1100)	11.00	(31)33	(77)1	0.00	0	
(3)(1100)	11.00	(42)25	(31)1	(19)1	0.00	0	
(4)(130)	9.00	(54)1	(19)4	0.00	0	
(5)(1100)	6.00	(52)5	(42)20	0.00	0	
(6)(1100)	5.00	(63)16	(54)1	(19)2	0.00	0	
(7)(1100)	4.00	(31)3	(19)53	0.00	0	
(8)(356)	4.00	(63)5	(31)1	(10)1	0.00	0	
(9)(1100)	3.00	(19)3	(21)2	(77)13	0.00	0	
(10)(127)	9.00	(31)1	(19)4	(10)2	0.00	0	
(11)(1100)	1.00	(10)110	0.00	0	
(12)(1100)	1.00	(19)1	(21)51	(10)1	0.00	0	
max retalho: 0
(0)(1100)	1.00	(75)9	(63)4	(19)1	(77)2	0.00	0	
(4)(1100)	1.00	(52)2	(54)8	(31)11	(19)4	(21)7	0.00	0	
max retalho: 0
(0)(1100)	1.00	(63)8	(54)1	(42)6	(10)29	0.00	0	
max retalho: 0
(0)(1100)	1.00	(42)3	(19)17	(77)8	35.00	0	
Sobra Total: 0.00
Perda Total: 35.00

Total Barras Cortadas:
Barra (1000) : 0
Barra (1100) : 92
Barra (127) : 9
Barra (356) : 4
Barra (130) : 9

Retalhos Gerados:
