
Saida Arquivo/Entrada/D1d4.txt

Minimizar a Perda Total
max retalho: 0
(0)(1100)	22.00	(72)14	(28)1	(16)4	0.00	0	
(1)(1100)	15.00	(50)22	0.00	0	
(2)(1100)	15.00	(39)16	(28)17	0.00	0	
(3)(1100)	13.00	(72)4	(60)13	(16)2	0.00	0	
(4)(1100)	12.00	(83)12	(72)1	(16)2	0.00	0	
(5)(280)	9.00	(83)2	(49)2	(16)1	0.00	0	
(6)(1100)	6.00	(81)12	(72)1	(28)2	0.00	0	
(7)(1100)	6.00	(60)2	(49)20	0.00	0	
(8)(68)	4.00	(16)2	(18)2	0.00	0	
(9)(56)	4.00	(28)2	0.00	0	
(10)(1000)	6.00	(81)12	(28)1	0.00	0	
(11)(1100)	3.00	(28)2	(18)58	0.00	0	
(12)(1100)	3.00	(28)1	(16)67	0.00	0	
(13)(1100)	1.00	(39)26	(16)2	(18)3	0.00	0	
max retalho: 0
(1)(1100)	1.00	(72)5	(50)4	(18)30	0.00	0	
(2)(1100)	1.00	(81)1	(83)9	(28)4	(16)10	0.00	0	
max retalho: 0
(1)(1100)	1.00	(81)5	(83)2	(49)4	(50)4	(39)3	(16)1	0.00	0	
max retalho: 0
(1)(1100)	1.00	(81)5	(49)5	(16)9	(18)17	0.00	0	
max retalho: 0
(0)(1000)	1.00	(49)1	(16)18	(18)1	0	645	
Sobra Total: 645.00
Perda Total: 0.00

Total Barras Cortadas:
Barra (1000) : 7
Barra (1100) : 100
Barra (68) : 4
Barra (280) : 9
Barra (56) : 4

Retalhos Gerados:
Retalho (645) : 1
