
Saida Arquivo/Entrada/D1d5.txt

Minimizar a Perda Total
max retalho: 0
(0)(1100)	20.00	(78)13	(13)2	(15)4	0.00	0	
(1)(1100)	18.00	(57)4	(47)18	(13)2	0.00	0	
(2)(1100)	16.00	(46)22	(36)1	(24)1	(13)1	(15)1	0.00	0	
(3)(1100)	13.00	(80)13	(36)1	(24)1	0.00	0	
(4)(1100)	8.00	(47)4	(36)24	(24)2	0.00	0	
(5)(1100)	5.00	(68)15	(13)5	(15)1	0.00	0	
(6)(1100)	5.00	(57)18	(24)2	(13)2	0.00	0	
(7)(1100)	4.00	(47)4	(24)38	0.00	0	
(8)(1100)	3.00	(24)1	(13)2	(15)70	0.00	0	
(9)(1100)	1.00	(13)80	(15)4	0.00	0	
(10)(275)	9.00	(47)1	(36)5	(24)2	0.00	0	
max retalho: 0
(0)(1100)	1.00	(80)12	(24)1	(13)2	(15)6	0.00	0	
(2)(1100)	1.00	(78)2	(68)13	(15)4	0.00	0	
max retalho: 0
(0)(1100)	1.00	(68)1	(46)1	(36)6	(24)1	(13)2	(15)48	0.00	0	
max retalho: 0
(0)(1100)	1.00	(57)4	(46)4	(36)1	(24)27	4.00	0	
max retalho: 0
(0)(50)	2.00	(24)2	2.00	0	
Sobra Total: 0.00
Perda Total: 8.00

Total Barras Cortadas:
Barra (1000) : 0
Barra (1100) : 97
Barra (62) : 0
Barra (275) : 9
Barra (50) : 2

Retalhos Gerados:
