
Saida Arquivo/Entrada/D1d6.txt

Minimizar a Perda Total
max retalho: 3
(0)(1100)	38.00	(82)7	(71)7	(29)1	0.00	0	
(1)(1100)	12.00	(38)28	(6)6	0.00	0	
(2)(1100)	9.00	(50)22	0.00	0	
(3)(1100)	7.00	(73)14	(6)13	0.00	0	
(4)(1100)	8.00	(82)13	(17)2	0.00	0	
(5)(1100)	5.00	(40)26	(6)10	0.00	0	
(6)(1100)	3.00	(61)17	(29)1	(17)2	0.00	0	
(7)(1100)	3.00	(17)64	(6)2	0.00	0	
(8)(1100)	1.00	(61)2	(6)163	0.00	0	
(10)(280)	2.00	(73)3	(61)1	0.00	0	
max retalho: 3
(0)(1100)	1.00	(38)5	(40)1	(29)30	0.00	0	
(1)(1100)	1.00	(73)2	(61)14	(50)2	0.00	0	
(8)(1100)	1.00	(71)3	(73)9	(50)4	(6)5	0.00	0	
max retalho: 3
(0)(1100)	1.00	(38)1	(40)7	(17)46	0.00	0	
max retalho: 3
(0)(1100)	1.00	(73)1	(50)7	(38)11	(40)6	(6)3	1.00	0	
max retalho: 3
(0)(54)	2.00	(38)1	16.00	0	
(1)(54)	1.00	(50)1	4.00	0	
Sobra Total: 0.00
Perda Total: 37.00

Total Barras Cortadas:
Barra (1000) : 0
Barra (1100) : 91
Barra (52) : 0
Barra (280) : 2
Barra (54) : 3

Retalhos Gerados:
