
Saida Arquivo/Entrada/D1d7.txt

Minimizar a Perda Total
max retalho: 3
(0)(1100)	24.00	(75)6	(65)10	0.00	0	
(1)(1100)	15.00	(44)25	0.00	0	
(2)(1100)	12.00	(77)13	(54)1	(33)1	(12)1	0.00	0	
(3)(1100)	8.00	(44)1	(33)32	0.00	0	
(4)(1100)	7.00	(54)18	(44)1	(21)4	0.00	0	
(5)(1100)	7.00	(75)13	(77)1	(12)4	0.00	0	
(6)(1100)	6.00	(75)11	(77)3	(44)1	0.00	0	
(7)(1100)	5.00	(75)4	(42)18	(44)1	0.00	0	
(8)(1100)	4.00	(75)4	(44)1	(21)36	0.00	0	
(9)(1100)	2.00	(75)14	(10)5	0.00	0	
max retalho: 3
(0)(1100)	1.00	(44)22	(33)4	0.00	0	
(1)(1100)	1.00	(75)13	(21)5	(10)2	0.00	0	
(4)(1100)	1.00	(77)7	(65)3	(54)6	(42)1	0.00	0	
max retalho: 3
(0)(1100)	1.00	(75)3	(54)4	(42)3	(33)4	(21)19	2.00	0	
max retalho: 3
(0)(43)	2.00	(42)1	1.00	0	
(1)(271)	1.00	(54)1	(42)5	7.00	0	
(2)(271)	1.00	(75)1	(42)4	(12)2	4.00	0	
Sobra Total: 0.00
Perda Total: 15.00

Total Barras Cortadas:
Barra (1000) : 0
Barra (1100) : 94
Barra (55) : 0
Barra (271) : 2
Barra (43) : 2

Retalhos Gerados:
