
Saida Arquivo/Entrada/D1d8.txt

Minimizar a Perda Total
max retalho: 3
(0)(1100)	18.00	(69)15	(37)1	(14)2	0.00	0	
(1)(1100)	13.00	(79)1	(68)14	(69)1	0.00	0	
(2)(1100)	11.00	(69)1	(35)1	(83)12	0.00	0	
(3)(1100)	11.00	(37)23	(83)3	0.00	0	
(4)(1100)	10.00	(58)15	(46)5	0.00	0	
(5)(1100)	9.00	(79)12	(69)2	(14)1	0.00	0	
(6)(1100)	4.00	(25)44	0.00	0	
(7)(1100)	1.00	(68)14	(25)2	(14)7	0.00	0	
(8)(1100)	1.00	(58)18	(14)4	0.00	0	
(10)(127)	7.00	(69)1	(58)1	0.00	0	
max retalho: 3
(0)(1100)	1.00	(79)5	(46)3	(37)5	(25)2	(83)4	0.00	0	
(2)(1100)	1.00	(79)2	(58)8	(25)18	(14)2	0.00	0	
max retalho: 3
(0)(1100)	1.00	(68)1	(69)6	(35)1	(25)13	(83)3	9.00	0	
Sobra Total: 0.00
Perda Total: 9.00

Total Barras Cortadas:
Barra (1000) : 0
Barra (1100) : 81
Barra (140) : 0
Barra (365) : 0
Barra (127) : 7

Retalhos Gerados:
