
Saida Arquivo/Entrada/D1d9.txt

Minimizar a Perda Total
max retalho: 3
(0)(1100)	16.00	(76)13	(34)2	(22)2	0.00	0	
(1)(1100)	13.00	(64)14	(34)6	0.00	0	
(2)(1100)	13.00	(66)3	(22)1	(80)11	0.00	0	
(3)(1100)	12.00	(76)1	(64)1	(80)12	0.00	0	
(4)(1100)	10.00	(43)24	(34)2	0.00	0	
(5)(1100)	8.00	(55)20	0.00	0	
(6)(1100)	5.00	(34)30	(80)1	0.00	0	
(7)(1100)	3.00	(11)100	0.00	0	
(8)(1100)	2.00	(22)50	0.00	0	
(9)(1100)	1.00	(76)1	(32)32	0.00	0	
max retalho: 3
(0)(1100)	1.00	(76)8	(64)3	(55)2	(22)5	(80)1	0.00	0	
(5)(1100)	1.00	(64)3	(55)7	(43)1	(80)6	0.00	0	
max retalho: 3
(0)(361)	1.00	(64)4	(11)2	(80)1	3.00	0	
(1)(361)	1.00	(64)1	(43)4	(34)1	(11)1	(80)1	0.00	0	
(3)(134)	1.00	(43)1	(11)1	(80)1	0.00	0	
max retalho: 3
(0)(122)	1.00	(43)2	(22)1	14.00	0	
Sobra Total: 0.00
Perda Total: 17.00

Total Barras Cortadas:
Barra (1000) : 0
Barra (1100) : 85
Barra (134) : 1
Barra (361) : 2
Barra (122) : 1

Retalhos Gerados:
