
Saida Arquivo/Entrada/D1d5.txt

Minimizar a Perda Total
max retalho: 0

(0)(1100)	20.00	(78)13	(13)2	(15)4	0.00	0	

(1)(1100)	17.00	(57)4	(47)18	(13)2	0.00	0	

(2)(1100)	16.00	(46)22	(36)1	(24)1	(13)1	(15)1	0.00	0	

(3)(1100)	10.00	(47)4	(36)24	(24)2	0.00	0	

(4)(1100)	6.00	(68)2	(57)16	(13)4	0.00	0	

(5)(1100)	5.00	(47)4	(24)38	0.00	0	

(6)(1100)	5.00	(68)15	(13)5	(15)1	0.00	0	

(7)(1100)	3.00	(24)1	(13)2	(15)70	0.00	0	

(9)(1100)	13.00	(80)13	(15)4	0.00	0	
max retalho: 0

(0)(1100)	1.00	(80)4	(13)60	0.00	0	

(1)(1100)	1.00	(78)2	(46)1	(24)32	(13)10	0.00	0	
max retalho: 0

(0)(1100)	1.00	(68)2	(46)4	(47)2	(36)15	(13)2	(15)8	0.00	0	
max retalho: 0

(0)(1100)	1.00	(80)8	(57)2	(47)7	(15)1	2.00	0	
max retalho: 0

(0)(275)	1.00	(47)4	(36)2	(15)1	0.00	0	
max retalho: 0

(0)(50)	2.00	(47)1	0	3	
Sobra Total: 6.00
Perda Total: 2.00

Total Barras Cortadas:
Barra (1000) : 0
Barra (1100) : 99
Barra (62) : 0
Barra (275) : 1
Barra (50) : 2

Retalhos Gerados:
Retalho (3) : 2
