
Saida Arquivo/Entrada/D1d1.txt

Minimizar a Perda Total
max retalho: 0

(0)(1100)	15.00	(37)29	(27)1	0.00	0	

(1)(1100)	13.00	(81)6	(70)8	(27)2	0.00	0	

(2)(1100)	12.00	(70)14	(60)2	0.00	0	

(3)(1100)	10.00	(70)2	(58)16	(16)2	0.00	0	

(4)(1100)	9.00	(60)7	(27)24	(16)2	0.00	0	

(5)(277)	9.00	(49)5	(27)1	(5)1	0.00	0	

(6)(1100)	7.00	(26)6	(16)59	0.00	0	

(7)(1100)	7.00	(60)1	(26)40	0.00	0	

(8)(1100)	3.00	(60)17	(16)5	0.00	0	

(9)(492)	3.00	(26)17	(5)10	0.00	0	

(10)(492)	1.00	(49)7	(27)3	(26)2	(16)1	0.00	0	

(11)(1100)	1.00	(60)2	(49)20	0.00	0	
max retalho: 0

(0)(1100)	1.00	(70)8	(60)9	0.00	0	

(1)(1100)	1.00	(81)5	(60)2	(58)8	(37)3	0.00	0	

(2)(1100)	1.00	(37)19	(27)7	(26)7	(16)1	(5)2	0.00	0	
max retalho: 0

(0)(1100)	1.00	(70)3	(60)2	(58)3	(49)6	(37)6	(16)5	0.00	0	
max retalho: 0

(0)(1100)	1.00	(70)1	(58)1	(16)11	(5)1	0	791	
Sobra Total: 791.00
Perda Total: 0.00

Total Barras Cortadas:
Barra (1000) : 0
Barra (1100) : 82
Barra (47) : 0
Barra (277) : 9
Barra (492) : 4

Retalhos Gerados:
Retalho (791) : 1
