
Saida Arquivo/Entrada/D1d12.txt

Minimizar a Perda Total
max retalho: 3

(0)(1100)	23.00	(55)2	(57)16	(13)6	0.00	0	

(1)(1100)	18.00	(66)15	(55)2	0.00	0	

(2)(1100)	13.00	(78)12	(66)1	(24)3	(13)2	0.00	0	

(3)(1100)	13.00	(45)23	(13)5	0.00	0	

(4)(1100)	13.00	(55)20	0.00	0	

(5)(1100)	11.00	(45)2	(13)2	(82)12	0.00	0	

(6)(348)	9.00	(78)3	(66)1	(24)2	0.00	0	

(7)(135)	5.00	(66)1	(45)1	(24)1	0.00	0	

(8)(123)	4.00	(78)1	(45)1	0.00	0	

(9)(1100)	3.00	(55)7	(13)55	0.00	0	

(10)(1000)	4.00	(66)14	(24)1	(13)4	0.00	0	

(11)(1100)	2.00	(66)11	(34)11	0.00	0	

(12)(1100)	1.00	(45)18	(24)11	(13)2	0.00	0	

(13)(1000)	1.00	(66)1	(45)1	(22)10	(13)1	(82)8	0.00	0	
max retalho: 3

(1)(1100)	1.00	(78)8	(66)1	(57)1	(45)2	(24)5	(13)11	0.00	0	
max retalho: 3

(1)(1100)	1.00	(66)1	(55)4	(57)2	(45)13	(34)3	(13)1	0.00	0	
max retalho: 3

(0)(1000)	1.00	(66)4	(57)5	(34)6	(82)3	1.00	0	
max retalho: 3

(1)(1000)	1.00	(57)5	(82)2	0	551	
Sobra Total: 551.00
Perda Total: 1.00

Total Barras Cortadas:
Barra (1000) : 7
Barra (1100) : 99
Barra (135) : 5
Barra (348) : 9
Barra (123) : 4

Retalhos Gerados:
Retalho (551) : 1
