
Saida Arquivo/Entrada/D1d13.txt

Minimizar a Perda Total
max retalho: 3

(0)(1100)	25.00	(63)16	(42)1	(31)1	(19)1	0.00	0	

(1)(1100)	21.00	(74)14	(19)1	(9)5	0.00	0	

(2)(1100)	18.00	(53)20	(19)1	(21)1	0.00	0	

(3)(117)	9.00	(9)13	0.00	0	

(4)(1100)	7.00	(31)3	(19)53	0.00	0	

(5)(1100)	6.00	(52)5	(21)40	0.00	0	

(6)(1100)	4.00	(52)5	(42)20	0.00	0	

(7)(1100)	3.00	(74)3	(9)1	(79)11	0.00	0	

(8)(344)	1.00	(52)5	(53)1	(31)1	0.00	0	

(9)(344)	1.00	(42)7	(31)1	(19)1	0.00	0	

(10)(344)	1.00	(19)2	(9)34	0.00	0	
max retalho: 3

(0)(1100)	1.00	(53)10	(19)30	0.00	0	

(2)(1100)	1.00	(74)8	(21)4	(9)12	(79)4	0.00	0	
max retalho: 3

(0)(1100)	1.00	(63)5	(52)3	(42)5	(31)7	(19)6	(9)1	(79)1	0.00	0	
max retalho: 3

(0)(129)	3.00	(53)2	(9)2	5.00	0	
max retalho: 3

(0)(129)	1.00	(53)1	(19)1	(9)6	3.00	0	
max retalho: 3

(0)(129)	1.00	(53)1	(19)3	(9)1	10.00	0	
max retalho: 3

(0)(129)	1.00	(53)1	0	76	
Sobra Total: 76.00
Perda Total: 28.00

Total Barras Cortadas:
Barra (1000) : 0
Barra (1100) : 87
Barra (129) : 6
Barra (344) : 3
Barra (117) : 9

Retalhos Gerados:
Retalho (76) : 1
