
Saida Arquivo/Entrada/D1d6.txt

Minimizar a Perda Total
max retalho: 3

(0)(1100)	28.00	(82)13	(17)2	0.00	0	

(1)(1100)	25.00	(71)8	(38)14	0.00	0	

(2)(1100)	9.00	(50)22	0.00	0	

(3)(1100)	8.00	(73)14	(6)13	0.00	0	

(4)(1100)	5.00	(40)26	(6)10	0.00	0	

(5)(1100)	4.00	(71)15	(29)1	(6)1	0.00	0	

(6)(1100)	3.00	(61)17	(29)1	(17)2	0.00	0	

(7)(1100)	3.00	(17)64	(6)2	0.00	0	

(8)(1100)	1.00	(40)2	(29)34	(17)2	0.00	0	

(9)(1100)	1.00	(61)2	(6)163	0.00	0	

(10)(280)	2.00	(61)4	(6)6	0.00	0	
max retalho: 3

(0)(1100)	1.00	(73)3	(50)14	(38)4	(29)1	0.00	0	

(1)(1100)	1.00	(82)6	(40)12	(29)4	(6)2	0.00	0	
max retalho: 3

(0)(1100)	1.00	(73)1	(61)1	(29)24	(6)45	0.00	0	

(1)(1100)	1.00	(71)9	(61)7	(17)2	0.00	0	
max retalho: 3

(0)(54)	1.00	(38)1	(6)2	4.00	0	

(1)(54)	1.00	(29)1	(17)1	(6)1	2.00	0	
max retalho: 3

(0)(54)	1.00	(17)1	(6)1	0	31	
Sobra Total: 31.00
Perda Total: 6.00

Total Barras Cortadas:
Barra (1000) : 0
Barra (1100) : 91
Barra (52) : 0
Barra (280) : 2
Barra (54) : 3

Retalhos Gerados:
Retalho (31) : 1
