
Saida Arquivo/Entrada/D1d16.txt

Minimizar a Perda Total
max retalho: 3

(0)(1100)	20.00	(51)20	(40)2	0.00	0	

(1)(1100)	19.00	(82)12	(51)2	(7)2	0.00	0	

(2)(1100)	19.00	(72)2	(40)22	(19)4	0.00	0	

(3)(1100)	8.00	(49)20	(40)3	0.00	0	

(4)(1100)	7.00	(61)17	(7)9	0.00	0	

(5)(1100)	7.00	(61)3	(28)32	(7)3	0.00	0	

(6)(1100)	5.00	(28)4	(19)52	0.00	0	

(7)(1100)	4.00	(72)14	(28)1	(19)3	(7)1	0.00	0	
max retalho: 3

(0)(1100)	1.00	(61)10	(49)10	0.00	0	

(1)(1100)	1.00	(82)13	(17)2	0.00	0	

(2)(1100)	1.00	(61)3	(49)5	(28)24	0.00	0	

(3)(1100)	1.00	(72)5	(40)10	(17)1	(19)17	0.00	0	
max retalho: 3

(0)(1100)	1.00	(82)3	(61)3	(49)4	(51)1	(17)9	(19)1	(7)36	0.00	0	
max retalho: 3

(0)(265)	1.00	(72)2	(17)6	(7)2	5.00	0	
max retalho: 3

(0)(265)	1.00	(72)1	(17)2	(7)1	0	152	
Sobra Total: 152.00
Perda Total: 5.00

Total Barras Cortadas:
Barra (1000) : 0
Barra (1100) : 94
Barra (50) : 0
Barra (265) : 2
Barra (495) : 0

Retalhos Gerados:
Retalho (152) : 1
