
Saida Arquivo/Entrada/D1d19.txt

Minimizar a Perda Total
max retalho: 3

(0)(1100)	24.00	(71)12	(62)4	0.00	0	

(1)(1100)	18.00	(50)22	0.00	0	

(2)(1100)	15.00	(73)2	(39)24	(6)3	0.00	0	

(3)(1000)	14.00	(62)15	(41)1	(29)1	0.00	0	

(4)(1100)	12.00	(41)24	(29)4	0.00	0	

(5)(1100)	9.00	(83)2	(29)32	(6)1	0.00	0	

(6)(281)	8.00	(73)3	(62)1	0.00	0	

(7)(1100)	8.00	(73)14	(39)2	0.00	0	

(8)(1100)	6.00	(83)12	(50)1	(6)9	0.00	0	

(9)(1100)	4.00	(73)14	(6)13	0.00	0	

(10)(1000)	5.00	(71)14	(6)1	0.00	0	

(11)(54)	3.00	(6)9	0.00	0	

(12)(56)	3.00	(50)1	(6)1	0.00	0	

(13)(1100)	1.00	(71)4	(62)9	(18)14	(6)1	0.00	0	
max retalho: 3

(1)(1100)	1.00	(83)4	(62)4	(39)2	(41)3	(29)11	0.00	0	
max retalho: 3

(1)(1100)	1.00	(83)5	(71)1	(50)9	(41)4	0.00	0	
max retalho: 3

(0)(1100)	1.00	(83)1	(50)8	(41)11	(29)1	(6)16	0	41	
Sobra Total: 41.00
Perda Total: 0.00

Total Barras Cortadas:
Barra (1000) : 19
Barra (1100) : 100
Barra (54) : 3
Barra (281) : 8
Barra (56) : 3

Retalhos Gerados:
Retalho (41) : 1
