
Saida Arquivo/Entrada/D1d9.txt

Minimizar a Perda Total
max retalho: 3

(0)(1100)	16.00	(76)13	(34)2	(22)2	0.00	0	

(1)(1100)	13.00	(64)14	(34)6	0.00	0	

(2)(1100)	13.00	(76)1	(64)1	(80)12	0.00	0	

(3)(1100)	13.00	(66)3	(22)1	(80)11	0.00	0	

(4)(1100)	10.00	(43)24	(34)2	0.00	0	

(5)(1100)	6.00	(55)6	(34)22	(22)1	0.00	0	

(6)(1100)	6.00	(55)20	0.00	0	

(7)(1100)	3.00	(11)100	0.00	0	

(8)(1100)	2.00	(22)50	0.00	0	

(9)(1100)	1.00	(76)1	(32)32	0.00	0	
max retalho: 3

(0)(1100)	1.00	(64)4	(55)13	(43)3	0.00	0	

(1)(1100)	1.00	(76)7	(34)12	(80)2	0.00	0	
max retalho: 3

(0)(361)	1.00	(64)3	(34)4	(11)3	0.00	0	

(2)(361)	1.00	(64)1	(43)5	(80)1	2.00	0	
max retalho: 3

(0)(134)	1.00	(64)2	6.00	0	

(1)(122)	1.00	(34)3	(11)1	0	9	
Sobra Total: 9.00
Perda Total: 8.00

Total Barras Cortadas:
Barra (1000) : 0
Barra (1100) : 85
Barra (134) : 1
Barra (361) : 2
Barra (122) : 1

Retalhos Gerados:
Retalho (9) : 1
