
Saida Arquivo/Entrada/D1d7.txt

Minimizar a Perda Total
max retalho: 3

(0)(1100)	23.00	(75)6	(65)10	0.00	0	

(1)(1100)	21.00	(75)11	(77)3	(44)1	0.00	0	

(2)(1100)	14.00	(44)25	0.00	0	

(3)(1100)	9.00	(77)13	(33)3	0.00	0	

(4)(1100)	8.00	(54)18	(42)2	(44)1	0.00	0	

(5)(1100)	7.00	(44)1	(33)32	0.00	0	

(6)(1100)	4.00	(44)4	(21)44	0.00	0	

(7)(1100)	4.00	(42)22	(44)4	0.00	0	

(8)(1100)	1.00	(75)10	(77)1	(54)1	(33)3	(10)12	0.00	0	

(9)(1100)	1.00	(75)1	(65)7	(33)2	(12)42	0.00	0	
max retalho: 3

(0)(1100)	1.00	(75)2	(65)1	(54)4	(33)19	(21)2	0.00	0	
max retalho: 3

(0)(1100)	1.00	(77)4	(65)3	(44)9	(33)1	(21)8	0.00	0	
max retalho: 3

(0)(271)	1.00	(77)1	(65)2	(42)1	(21)1	1.00	0	

(1)(271)	1.00	(77)1	(21)9	5.00	0	
max retalho: 3

(0)(271)	1.00	(77)1	0	194	
Sobra Total: 194.00
Perda Total: 6.00

Total Barras Cortadas:
Barra (1000) : 0
Barra (1100) : 94
Barra (55) : 0
Barra (271) : 3
Barra (43) : 0

Retalhos Gerados:
Retalho (194) : 1
