
Saida Arquivo/Entrada/D1d11.txt

Minimizar a Perda Total
max retalho: 3

(0)(1100)	30.00	(81)12	(48)2	(16)2	0.00	0	

(1)(1100)	17.00	(81)1	(58)16	(48)1	(27)1	(16)1	0.00	0	

(2)(1100)	13.00	(81)1	(69)14	(37)1	(16)1	0.00	0	

(3)(1100)	10.00	(60)4	(25)2	(27)30	0.00	0	

(4)(116)	7.00	(58)2	0.00	0	

(5)(1100)	6.00	(81)2	(48)18	(37)2	0.00	0	

(6)(1100)	5.00	(60)15	(25)8	0.00	0	

(7)(1100)	4.00	(25)44	0.00	0	

(8)(116)	2.00	(25)1	(27)1	(16)4	0.00	0	

(9)(1100)	8.00	(37)1	(27)1	(74)14	0.00	0	

(10)(1100)	1.00	(37)29	(27)1	0.00	0	
max retalho: 3

(0)(1100)	1.00	(69)4	(58)4	(74)8	0.00	0	

(6)(1100)	1.00	(81)3	(69)6	(58)7	(37)1	0.00	0	
max retalho: 3

(0)(128)	2.00	(37)2	(27)2	0.00	0	

(1)(128)	1.00	(25)4	(27)1	1.00	0	

(2)(128)	1.00	(48)1	(25)1	(27)2	1.00	0	

(3)(128)	1.00	(58)1	(37)1	(27)1	6.00	0	
max retalho: 3

(0)(354)	1.00	(37)1	(25)4	(27)3	0	136	
Sobra Total: 136.00
Perda Total: 8.00

Total Barras Cortadas:
Barra (1000) : 0
Barra (1100) : 96
Barra (128) : 5
Barra (354) : 1
Barra (116) : 9

Retalhos Gerados:
Retalho (136) : 1
