
Saida Arquivo/Entrada/D1d3.txt

Minimizar a Perda Total
max retalho: 0

(0)(1100)	33.00	(75)14	(31)1	(19)1	0.00	0	

(1)(1100)	14.00	(54)20	(10)2	0.00	0	

(2)(1100)	12.00	(42)7	(31)26	0.00	0	

(3)(130)	9.00	(31)2	(19)2	(10)3	0.00	0	

(4)(1100)	7.00	(42)25	(10)5	0.00	0	

(5)(1100)	6.00	(63)17	(19)1	(10)1	0.00	0	

(6)(1100)	6.00	(52)5	(42)20	0.00	0	

(7)(1100)	4.00	(31)3	(19)53	0.00	0	

(8)(1100)	4.00	(42)1	(19)3	(77)13	0.00	0	

(9)(356)	4.00	(31)9	(19)3	(10)2	0.00	0	

(10)(127)	9.00	(31)1	(19)4	(10)2	0.00	0	

(11)(1100)	1.00	(21)50	(10)5	0.00	0	
max retalho: 0

(0)(1100)	1.00	(75)9	(42)2	(31)11	0.00	0	

(1)(1100)	1.00	(54)3	(21)14	(10)49	(77)2	0.00	0	

(2)(1100)	1.00	(42)9	(19)38	0.00	0	

(3)(1100)	1.00	(63)7	(52)2	(31)3	(77)6	0.00	0	
max retalho: 0

(0)(1100)	1.00	(63)3	(42)10	(31)9	(19)3	(10)12	0	35	
Sobra Total: 35.00
Perda Total: 0.00

Total Barras Cortadas:
Barra (1000) : 0
Barra (1100) : 92
Barra (127) : 9
Barra (356) : 4
Barra (130) : 9

Retalhos Gerados:
Retalho (35) : 1
