
Saida Arquivo/Entrada/D1d14.txt

Minimizar a Perda Total
max retalho: 3

(0)(1100)	23.00	(71)14	(27)2	(16)1	(18)2	0.00	0	

(1)(1100)	18.00	(83)10	(27)10	0.00	0	

(2)(1100)	15.00	(50)22	0.00	0	

(3)(1100)	12.00	(60)1	(48)21	(16)2	0.00	0	

(4)(1100)	7.00	(60)7	(27)24	(16)2	0.00	0	

(5)(1100)	7.00	(81)12	(71)1	(39)1	(18)1	0.00	0	

(6)(1100)	5.00	(50)4	(18)50	0.00	0	

(7)(68)	5.00	(16)2	(18)2	0.00	0	

(8)(1100)	4.00	(50)1	(39)26	(18)2	0.00	0	

(9)(55)	4.00	(39)1	(16)1	0.00	0	

(10)(1000)	6.00	(81)8	(48)7	(16)1	0.00	0	

(11)(1100)	3.00	(39)4	(16)59	0.00	0	

(12)(1100)	3.00	(60)17	(16)5	0.00	0	
max retalho: 3

(1)(1100)	1.00	(83)3	(48)3	(50)4	(39)13	0.00	0	

(3)(1100)	1.00	(16)35	(18)30	0.00	0	
max retalho: 3

(3)(1000)	1.00	(71)2	(60)1	(48)2	(27)20	(18)9	0.00	0	
max retalho: 3

(0)(280)	1.00	(81)1	(50)3	(16)3	1.00	0	
max retalho: 3

(0)(280)	1.00	(50)3	(27)2	(16)3	(18)1	10.00	0	
max retalho: 3

(0)(280)	1.00	(16)1	0	264	
Sobra Total: 264.00
Perda Total: 11.00

Total Barras Cortadas:
Barra (1000) : 7
Barra (1100) : 99
Barra (68) : 5
Barra (280) : 3
Barra (55) : 4

Retalhos Gerados:
Retalho (264) : 1
