
Saida Arquivo/Entrada/D1d18.txt

Minimizar a Perda Total
max retalho: 3

(0)(1000)	35.00	(79)11	(69)1	(48)1	(14)1	0.00	0	

(1)(1100)	23.00	(58)18	(14)4	0.00	0	

(2)(1100)	21.00	(80)13	(46)1	(14)1	0.00	0	

(3)(1100)	16.00	(46)2	(48)21	0.00	0	

(4)(1100)	13.00	(36)29	(14)4	0.00	0	

(5)(63)	8.00	(48)1	(15)1	0.00	0	

(6)(51)	8.00	(36)1	(15)1	0.00	0	

(7)(1100)	4.00	(79)13	(48)1	(25)1	0.00	0	

(8)(277)	3.00	(36)7	(25)1	0.00	0	

(9)(1100)	2.00	(14)70	(15)8	0.00	0	

(10)(1100)	10.00	(69)15	(36)1	(14)1	(15)1	0.00	0	

(11)(1100)	2.00	(46)23	(14)3	0.00	0	

(12)(1100)	2.00	(25)2	(15)70	0.00	0	

(13)(1100)	1.00	(25)44	0.00	0	
max retalho: 3

(0)(1100)	1.00	(69)8	(58)7	(46)2	(25)2	0.00	0	

(1)(1100)	1.00	(48)16	(36)3	(14)16	0.00	0	

(5)(1100)	1.00	(36)25	(25)8	0.00	0	
max retalho: 3

(0)(1100)	1.00	(79)1	(46)11	(25)20	(15)1	0.00	0	
max retalho: 3

(0)(1100)	1.00	(79)1	(69)2	(25)11	(14)37	(15)6	0.00	0	
max retalho: 3

(3)(1000)	1.00	(79)1	(25)1	(14)10	(15)1	0	741	
Sobra Total: 741.00
Perda Total: 0.00

Total Barras Cortadas:
Barra (1000) : 36
Barra (1100) : 99
Barra (63) : 8
Barra (277) : 3
Barra (51) : 8

Retalhos Gerados:
Retalho (741) : 1
