
Saida Arquivo/Entrada/D1d15.txt

Minimizar a Perda Total
max retalho: 3

(0)(1100)	26.00	(20)1	(22)3	(78)13	0.00	0	

(1)(1100)	13.00	(64)1	(31)32	(22)2	0.00	0	

(2)(1100)	12.00	(75)14	(20)2	(10)1	0.00	0	

(3)(1100)	12.00	(64)16	(22)3	(10)1	0.00	0	

(4)(1100)	6.00	(43)22	(31)4	(20)1	(10)1	0.00	0	

(5)(1100)	6.00	(53)20	(20)2	0.00	0	

(6)(1100)	4.00	(22)50	0.00	0	

(7)(1100)	3.00	(54)20	(20)1	0.00	0	

(8)(1100)	3.00	(10)110	0.00	0	

(9)(358)	3.00	(53)6	(10)4	0.00	0	
max retalho: 3

(0)(1100)	1.00	(22)14	(10)9	(78)9	0.00	0	

(1)(1100)	1.00	(75)13	(31)3	(22)1	(10)1	0.00	0	

(4)(1100)	1.00	(64)5	(53)5	(43)11	(20)1	(22)1	0.00	0	
max retalho: 3

(0)(1100)	1.00	(54)13	(43)3	(31)3	(22)8	0.00	0	
max retalho: 3

(0)(131)	3.00	(31)4	7.00	0	

(1)(129)	2.00	(54)1	(31)1	(22)2	0.00	0	

(2)(131)	1.00	(31)1	(10)10	0.00	0	

(3)(131)	1.00	(31)1	(20)4	(10)2	0.00	0	
max retalho: 3

(0)(131)	1.00	(54)1	(22)1	(10)5	5.00	0	
max retalho: 3

(0)(131)	1.00	(10)2	0	111	
Sobra Total: 111.00
Perda Total: 26.00

Total Barras Cortadas:
Barra (1000) : 0
Barra (1100) : 89
Barra (129) : 2
Barra (358) : 3
Barra (131) : 7

Retalhos Gerados:
Retalho (111) : 1
