
Saida Arquivo/Entrada/D1d2.txt

Minimizar a Perda Total
max retalho: 0

(0)(1100)	35.00	(78)9	(55)7	(13)1	0.00	0	

(1)(1100)	29.00	(23)1	(24)1	(13)1	(80)13	0.00	0	

(2)(1100)	18.00	(57)16	(34)4	(13)4	0.00	0	

(3)(1100)	11.00	(78)2	(34)27	(13)2	0.00	0	

(4)(1000)	8.00	(55)1	(45)21	0.00	0	

(5)(361)	7.00	(23)14	(13)3	0.00	0	

(6)(1000)	5.00	(34)1	(23)42	0.00	0	

(7)(1100)	2.00	(55)7	(13)55	0.00	0	

(8)(1000)	2.00	(23)1	(24)38	(13)5	0.00	0	

(9)(1100)	2.00	(55)20	0.00	0	

(10)(1000)	9.00	(67)12	(55)2	(34)1	(13)4	0.00	0	

(11)(133)	2.00	(23)2	(24)2	(13)3	0.00	0	

(12)(135)	2.00	(78)1	(34)1	(23)1	0.00	0	
max retalho: 0

(1)(1100)	1.00	(55)16	(57)1	(23)2	(13)9	0.00	0	

(5)(1100)	1.00	(45)12	(24)20	(80)1	0.00	0	
max retalho: 0

(1)(1000)	1.00	(78)4	(34)7	(13)10	(80)4	0.00	0	
max retalho: 0

(3)(1000)	1.00	(45)1	(23)10	(24)6	(13)16	0	373	
Sobra Total: 373.00
Perda Total: 0.00

Total Barras Cortadas:
Barra (1000) : 26
Barra (1100) : 99
Barra (133) : 2
Barra (361) : 7
Barra (135) : 2

Retalhos Gerados:
Retalho (373) : 1
