
Saida Arquivo/Entrada/D1d8.txt

Minimizar a Perda Total
max retalho: 3

(0)(1100)	23.00	(69)13	(58)2	(37)1	(25)2	0.00	0	

(1)(1100)	12.00	(68)2	(25)12	(83)8	0.00	0	

(2)(1100)	11.00	(68)14	(37)4	0.00	0	

(3)(1100)	10.00	(79)12	(69)1	(58)1	(25)1	0.00	0	

(4)(1100)	8.00	(58)15	(46)5	0.00	0	

(5)(1100)	8.00	(37)23	(83)3	0.00	0	

(6)(127)	7.00	(37)2	(25)1	(14)2	0.00	0	

(7)(1100)	4.00	(69)1	(35)1	(83)12	0.00	0	

(8)(1100)	1.00	(68)10	(14)30	0.00	0	
max retalho: 3

(0)(1100)	1.00	(79)3	(69)12	(35)1	0.00	0	

(1)(1100)	1.00	(79)1	(68)7	(46)3	(37)11	0.00	0	
max retalho: 3

(0)(1100)	1.00	(68)2	(58)7	(25)4	(14)9	(83)4	0.00	0	
max retalho: 3

(0)(1100)	1.00	(79)4	(46)10	(35)7	(14)5	0	9	
Sobra Total: 9.00
Perda Total: 0.00

Total Barras Cortadas:
Barra (1000) : 0
Barra (1100) : 81
Barra (140) : 0
Barra (365) : 0
Barra (127) : 7

Retalhos Gerados:
Retalho (9) : 1
