
Saida Arquivo/Entrada/D1d20.txt

Minimizar a Perda Total
max retalho: 3

(0)(1100)	20.00	(54)20	(10)2	0.00	0	

(1)(1100)	20.00	(77)13	(54)1	(45)1	0.00	0	

(2)(1100)	17.00	(45)24	(10)2	0.00	0	

(3)(1100)	14.00	(33)32	(10)2	(12)2	0.00	0	

(4)(1100)	14.00	(77)2	(43)22	0.00	0	

(5)(56)	8.00	(22)2	(12)1	0.00	0	

(6)(43)	8.00	(43)1	0.00	0	

(7)(1100)	6.00	(76)14	(12)3	0.00	0	

(8)(1100)	3.00	(66)16	(10)2	(12)2	0.00	0	

(9)(271)	3.00	(43)5	(22)2	(12)1	0.00	0	

(10)(1000)	20.00	(66)15	(10)1	0.00	0	

(11)(1100)	3.00	(10)2	(12)90	0.00	0	
max retalho: 3

(1)(1100)	1.00	(76)7	(45)1	(33)11	(10)16	0.00	0	

(8)(1100)	1.00	(45)21	(33)1	(22)1	(10)10	0.00	0	
max retalho: 3

(1)(1000)	1.00	(66)7	(54)2	(10)43	0.00	0	
max retalho: 3

(3)(1000)	1.00	(54)2	(33)2	(10)29	(12)2	0	512	
Sobra Total: 512.00
Perda Total: 0.00

Total Barras Cortadas:
Barra (1000) : 22
Barra (1100) : 99
Barra (56) : 8
Barra (271) : 3
Barra (43) : 8

Retalhos Gerados:
Retalho (512) : 1
