
Saida Arquivo/Entrada/Class2/D2d16.txt

Minimizar a Perda Total
max retalho: 5
(0)(1100)	21.00	(194)4	(162)2	0.00	0	
(1)(1100)	13.00	(162)5	(140)2	10.00	0	
(2)(1100)	13.00	(173)4	(150)1	(129)2	0.00	0	
(3)(1100)	10.00	(173)1	(152)1	(129)6	1.00	0	
(4)(1100)	5.00	(194)1	(184)4	(162)1	8.00	0	
(5)(1100)	5.00	(173)4	(140)1	(129)2	10.00	0	
(6)(1100)	4.00	(140)6	(129)2	2.00	0	
(7)(1100)	2.00	(206)3	(173)2	(129)1	7.00	0	
(8)(1100)	2.00	(183)6	2.00	0	
(9)(1100)	1.00	(173)2	(152)4	(140)1	6.00	0	
max retalho: 5
(0)(1100)	1.00	(206)1	(183)1	(184)3	(140)1	19.00	0	
(1)(1100)	1.00	(206)2	(194)1	(162)3	8.00	0	
max retalho: 5
(0)(1100)	1.00	(183)2	0	734	
Sobra Total: 734.00
Perda Total: 289.00

Total Barras Cortadas:
Barra (1000) : 0
Barra (1100) : 79
Barra (269) : 0
Barra (436) : 0
Barra (260) : 0

Retalhos Gerados:
Retalho (734) : 1
