
Saida Arquivo/Entrada/Class2/D2d19.txt

Minimizar a Perda Total
max retalho: 5
(0)(1100)	40.00	(310)1	(101)1	(311)1	(89)1	(289)1	0.00	0	
(1)(1000)	16.00	(310)2	(91)1	(289)1	0.00	0	
(2)(1100)	13.00	(123)3	(101)1	(311)2	8.00	0	
(3)(1100)	12.00	(101)1	(300)3	(91)1	8.00	0	
(4)(1100)	11.00	(310)2	(89)1	(300)1	(91)1	0.00	0	
(5)(1100)	10.00	(321)2	(112)4	10.00	0	
(6)(1000)	10.00	(101)1	(311)2	(91)3	4.00	0	
(7)(1100)	6.00	(311)2	(91)2	(289)1	7.00	0	
(8)(1100)	4.00	(123)8	(112)1	4.00	0	
(9)(1100)	1.00	(123)1	(321)3	14.00	0	
(10)(1000)	4.00	(311)1	(89)1	(300)2	0.00	0	
max retalho: 5
(0)(1100)	1.00	(123)3	(112)3	(89)1	(300)1	6.00	0	
max retalho: 5
(2)(1000)	1.00	(123)2	(321)1	(311)1	122.00	0	
Sobra Total: 0.00
Perda Total: 540.00

Total Barras Cortadas:
Barra (1000) : 31
Barra (1100) : 98
Barra (407) : 0
Barra (260) : 0
Barra (399) : 0

Retalhos Gerados:
