
Saida Arquivo/Entrada/Class2/D2d14.txt

Minimizar a Perda Total
max retalho: 5
(0)(1100)	24.00	(190)2	(180)4	0.00	0	
(1)(1100)	15.00	(169)1	(159)5	(136)1	0.00	0	
(2)(1100)	14.00	(157)7	1.00	0	
(3)(1100)	12.00	(190)5	(148)1	2.00	0	
(4)(1000)	8.00	(125)8	0.00	0	
(5)(1000)	7.00	(169)5	(148)1	7.00	0	
(6)(1100)	6.00	(169)5	(125)2	5.00	0	
(7)(1100)	3.00	(192)5	(136)1	4.00	0	
(8)(1100)	2.00	(180)2	(148)5	0.00	0	
(10)(1100)	21.00	(201)4	(148)2	0.00	0	
max retalho: 5
(1)(1100)	1.00	(190)1	(157)2	(148)4	4.00	0	
(4)(1100)	1.00	(192)1	(180)2	(136)4	4.00	0	
max retalho: 5
(1)(1100)	1.00	(169)4	(157)1	(125)1	142.00	0	
max retalho: 5
(0)(433)	1.00	(201)1	(159)1	73.00	0	
Sobra Total: 0.00
Perda Total: 352.00

Total Barras Cortadas:
Barra (1000) : 15
Barra (1100) : 100
Barra (264) : 0
Barra (433) : 1
Barra (266) : 0

Retalhos Gerados:
