
Saida Arquivo/Entrada/Class2/D2d8.txt

Minimizar a Perda Total
max retalho: 5
(0)(1100)	39.00	(314)2	(93)1	(82)1	(293)1	4.00	0	
(1)(1100)	33.00	(325)1	(91)2	(302)1	(291)1	0.00	0	
(2)(1100)	22.00	(114)1	(325)3	11.00	0	
(3)(1000)	20.00	(314)1	(91)1	(302)1	(293)1	0.00	0	
(4)(1000)	14.00	(114)1	(302)1	(291)2	2.00	0	
(5)(1100)	4.00	(114)7	(302)1	0.00	0	
(6)(1000)	3.00	(325)1	(91)2	(82)6	1.00	0	
(7)(1000)	3.00	(314)2	(93)4	0.00	0	
(8)(1100)	1.00	(103)4	(314)1	(93)4	2.00	0	
(10)(1000)	9.00	(302)3	(93)1	1.00	0	
max retalho: 5
(0)(1000)	1.00	(114)2	(302)1	(93)1	(291)1	(82)1	4.00	0	
max retalho: 5
(2)(1000)	1.00	(325)1	(82)4	(293)1	54.00	0	
Sobra Total: 0.00
Perda Total: 498.00

Total Barras Cortadas:
Barra (1000) : 51
Barra (1100) : 99
Barra (409) : 0
Barra (250) : 0
Barra (400) : 0

Retalhos Gerados:
