
Saida Arquivo/Entrada/Class2/D2d17.txt

Minimizar a Perda Total
max retalho: 5
(0)(1100)	25.00	(307)3	(87)2	5.00	0	
(1)(1100)	17.00	(317)1	(96)2	(307)1	(284)1	0.00	0	
(2)(1100)	11.00	(108)1	(96)1	(296)3	8.00	0	
(3)(1100)	8.00	(119)3	(317)2	(108)1	1.00	0	
(4)(1100)	4.00	(119)2	(108)5	(319)1	3.00	0	
(5)(1100)	3.00	(108)1	(319)1	(96)7	1.00	0	
(6)(1100)	2.00	(317)2	(108)1	(96)1	(87)3	1.00	0	
(7)(1100)	1.00	(317)2	(85)2	(296)1	0.00	0	
(8)(1100)	1.00	(119)1	(319)3	24.00	0	
(9)(1100)	21.00	(319)2	(87)2	(284)1	4.00	0	
max retalho: 5
(0)(1100)	1.00	(119)1	(108)3	(319)2	19.00	0	
(3)(1100)	1.00	(108)2	(96)2	(307)1	(296)1	(87)1	2.00	0	
max retalho: 5
(0)(404)	1.00	(96)1	(85)1	223.00	0	
Sobra Total: 0.00
Perda Total: 590.00

Total Barras Cortadas:
Barra (1000) : 0
Barra (1100) : 95
Barra (403) : 0
Barra (254) : 0
Barra (404) : 1

Retalhos Gerados:
