
Saida Arquivo/Entrada/Class2/D2d7.txt

Minimizar a Perda Total
max retalho: 5
(0)(1100)	34.00	(189)2	(158)3	(124)2	0.00	0	
(1)(1100)	24.00	(191)4	(168)2	0.00	0	
(2)(1100)	13.00	(157)7	1.00	0	
(3)(1100)	8.00	(201)3	(124)4	1.00	0	
(4)(1100)	6.00	(189)2	(157)1	(147)2	(135)2	1.00	0	
(5)(1100)	3.00	(189)1	(179)2	(147)1	(135)3	1.00	0	
(6)(1100)	2.00	(135)8	20.00	0	
(7)(1100)	2.00	(158)6	(147)1	5.00	0	
(9)(1100)	4.00	(168)5	(135)1	(124)1	1.00	0	
max retalho: 5
(0)(1100)	1.00	(157)3	(124)5	9.00	0	
(1)(1100)	1.00	(191)2	(147)3	(135)2	7.00	0	
max retalho: 5
(1)(1100)	1.00	(201)2	(189)1	(191)1	(158)2	2.00	0	
max retalho: 5
(3)(1000)	1.00	(179)1	(157)1	(135)2	(124)1	270.00	0	
Sobra Total: 0.00
Perda Total: 372.00

Total Barras Cortadas:
Barra (1000) : 1
Barra (1100) : 99
Barra (263) : 0
Barra (432) : 0
Barra (264) : 0

Retalhos Gerados:
